0 57 3292 747 0 0 0 0 0 0 73 3364 659 0 0 0 3 2229 1844 20 0 0 0 0
0 3 3513 580 0 0 0 0 0 0 2 3229 865 0 0 0 9 2314 1773 0 0 0 0 0
0 0 1077 3019 0 0 0 0 0 0 0 355 3741 0 0 0 0 966 3130 0 0 0 0 0
0 10 967 3119 0 0 0 0 0 0 6 512 3578 0 0 0 1 515 3556 24 0 0 0 0
82 99 1637 2278 0 0 0 0 3 90 80 992 2931 0 0 0 104 1326 2665 1 0 0 0 0
408 713 1667 1308 0 0 0 0 32 554 593 934 1983 0 0 0 580 1779 1737 0 0 0 0 0
52 1106 1852 1086 0 0 0 0 4 82 1230 1195 1584 1 0 0 293 2590 1205 8 0 0 0 0
9 1689 1955 443 0 0 0 0 0 50 1860 1528 658 0 0 0 351 3425 320 0 0 0 0 0
942 2017 1137 0 0 0 0 0 148 1125 2033 778 12 0 0 0 1304 2677 115 0 0 0 0 0
535 2379 1182 0 0 0 0 0 82 678 2406 930 0 0 0 0 1188 2846 62 0 0 0 0 0
1225 2319 552 0 0 0 0 0 483 1148 2061 404 0 0 0 0 1975 2031 90 0 0 0 0 0
978 2269 849 0 0 0 0 0 443 1041 2004 608 0 0 0 0 1614 2427 55 0 0 0 0 0
803 2626 667 0 0 0 0 0 90 1526 2100 380 0 0 0 0 1567 2466 63 0 0 0 0 0
499 2552 1037 8 0 0 0 0 313 459 2757 565 2 0 0 0 1249 2733 114 0 0 0 0 0
511 2357 1228 0 0 0 0 0 255 662 2436 743 0 0 0 0 1332 2733 31 0 0 0 0 0
32 2172 1887 5 0 0 0 0 0 227 2743 1125 1 0 0 0 731 3334 31 0 0 0 0 0
8 3506 578 4 0 0 0 0 0 200 3647 242 7 0 0 0 1240 2842 14 0 0 0 0 0
0 2846 1250 0 0 0 0 0 0 1 3485 610 0 0 0 0 782 3310 4 0 0 0 0 0
1 1425 2574 96 0 0 0 0 0 2 1585 2393 116 0 0 0 356 3599 141 0 0 0 0 0
0 630 3144 322 0 0 0 0 0 0 497 3295 304 0 0 0 238 3503 355 0 0 0 0 0
0 389 3094 613 0 0 0 0 0 0 382 3205 509 0 0 0 572 3060 462 2 0 0 0 0
0 383 2851 862 0 0 0 0 0 0 356 3212 528 0 0 0 1411 2393 292 0 0 0 0 0
0 672 2805 619 0 0 0 0 0 14 955 2905 222 0 0 0 2857 1200 39 0 0 0 0 0
2 346 3324 424 0 0 0 0 0 52 626 3350 68 0 0 0 3787 308 1 0 0 0 0 0
242 1620 2136 98 0 0 0 0 11 610 1515 1929 31 0 0 0 2500 1517 79 0 0 0 0 0
105 3025 919 47 0 0 0 0 0 225 2939 907 25 0 0 0 728 3307 61 0 0 0 0 0
185 3524 357 7 8 6 8 1 0 116 3346 584 25 6 7 12 410 3429 208 22 7 7 6 7
218 3110 357 40 31 31 48 261 0 31 2531 1011 111 44 45 323 168 2598 687 86 67 61 61 368
28 3232 836 0 0 0 0 0 0 0 2283 1559 254 0 0 0 117 3434 535 10 0 0 0 0
39 3135 922 0 0 0 0 0 0 184 2228 1490 194 0 0 0 286 3205 605 0 0 0 0 0
66 3147 883 0 0 0 0 0 0 218 2515 1332 31 0 0 0 679 3155 262 0 0 0 0 0
23 3022 1051 0 0 0 0 0 0 128 2496 1472 0 0 0 0 601 3247 248 0 0 0 0 0
29 3475 592 0 0 0 0 0 0 107 2832 1157 0 0 0 0 582 3479 35 0 0 0 0 0
23 3516 557 0 0 0 0 0 0 92 3140 864 0 0 0 0 550 3481 65 0 0 0 0 0
37 3662 397 0 0 0 0 0 0 201 3723 172 0 0 0 0 976 3104 16 0 0 0 0 0
7 3801 288 0 0 0 0 0 0 5 3984 107 0 0 0 0 849 3230 17 0 0 0 0 0
12 3911 173 0 0 0 0 0 0 85 3974 37 0 0 0 0 893 3199 4 0 0 0 0 0
79 3904 113 0 0 0 0 0 0 338 3745 13 0 0 0 0 1275 2816 5 0 0 0 0 0
850 3215 31 0 0 0 0 0 224 2086 1778 8 0 0 0 0 2004 2092 0 0 0 0 0 0
2887 1157 52 0 0 0 0 0 1474 2170 410 42 0 0 0 0 3114 956 26 0 0 0 0 0
0 58 3542 496 0 0 0 0 0 0 160 3550 386 0 0 0 7 2671 1417 1 0 0 0 0
1 308 3175 612 0 0 0 0 0 6 325 3302 463 0 0 0 63 2847 1186 0 0 0 0 0
30 842 2569 655 0 0 0 0 0 102 858 2277 859 0 0 0 187 2525 1384 0 0 0 0 0
15 1511 1947 623 0 0 0 0 0 55 1789 1668 584 0 0 0 375 3030 691 0 0 0 0 0
451 2415 1168 62 0 0 0 0 10 777 2529 751 29 0 0 0 1058 2875 162 1 0 0 0 0
496 2347 1253 0 0 0 0 0 65 628 2546 857 0 0 0 0 979 3028 89 0 0 0 0 0
520 2699 877 0 0 0 0 0 68 822 2835 371 0 0 0 0 1265 2805 26 0 0 0 0 0
30 3029 1037 0 0 0 0 0 0 128 3281 687 0 0 0 0 706 3343 47 0 0 0 0 0
464 2808 824 0 0 0 0 0 132 540 3122 302 0 0 0 0 1215 2871 10 0 0 0 0 0
1013 2315 768 0 0 0 0 0 257 1105 2290 444 0 0 0 0 1577 2471 48 0 0 0 0 0
445 2565 1082 4 0 0 0 0 148 568 2744 636 0 0 0 0 1275 2758 63 0 0 0 0 0
541 1800 1754 1 0 0 0 0 266 434 2127 1269 0 0 0 0 1198 2824 74 0 0 0 0 0
335 1893 1854 14 0 0 0 0 32 547 2203 1314 0 0 0 0 1170 2883 43 0 0 0 0 0
425 1303 2368 0 0 0 0 0 281 215 1982 1618 0 0 0 0 761 3293 42 0 0 0 0 0
971 1934 1191 0 0 0 0 0 309 1199 2055 533 0 0 0 0 1576 2454 66 0 0 0 0 0
834 2454 808 0 0 0 0 0 202 1117 2444 333 0 0 0 0 1555 2499 42 0 0 0 0 0
429 3314 353 0 0 0 0 0 32 1151 2711 202 0 0 0 0 1737 2353 6 0 0 0 0 0
292 2380 1402 22 0 0 0 0 131 502 2362 1081 20 0 0 0 1265 2802 29 0 0 0 0 0
73 2393 1574 56 0 0 0 0 11 227 2407 1361 90 0 0 0 699 3301 96 0 0 0 0 0
761 2152 1179 4 0 0 0 0 311 1209 1423 1151 2 0 0 0 1281 2778 37 0 0 0 0 0
299 2757 1028 12 0 0 0 0 7 1213 1902 962 12 0 0 0 907 3119 70 0 0 0 0 0
159 3641 296 0 0 0 0 0 1 1307 2519 265 4 0 0 0 1326 2769 1 0 0 0 0 0
375 3691 30 0 0 0 0 0 2 1721 2369 4 0 0 0 0 1287 2808 1 0 0 0 0 0
211 3698 187 0 0 0 0 0 1 821 3190 84 0 0 0 0 1104 2978 14 0 0 0 0 0
28 3267 759 42 0 0 0 0 0 277 3452 367 0 0 0 0 1170 2915 11 0 0 0 0 0
67 3405 624 0 0 0 0 0 0 280 3352 464 0 0 0 0 943 3121 32 0 0 0 0 0
1 2399 1552 23 11 15 17 78 0 1 1832 2050 71 26 17 99 192 3205 500 39 22 21 22 95
7 1541 1726 92 58 50 83 539 0 0 218 2436 526 158 110 648 6 1512 1256 277 135 106 111 693
0 1811 2284 1 0 0 0 0 0 0 702 3393 1 0 0 0 26 3551 519 0 0 0 0 0
0 2013 2083 0 0 0 0 0 0 0 510 3584 2 0 0 0 24 3607 465 0 0 0 0 0
5 3158 933 0 0 0 0 0 0 28 2042 2026 0 0 0 0 128 3777 191 0 0 0 0 0
15 2628 1453 0 0 0 0 0 0 5 1403 2688 0 0 0 0 88 3796 212 0 0 0 0 0
7 3213 876 0 0 0 0 0 0 4 2278 1814 0 0 0 0 351 3651 94 0 0 0 0 0
141 3349 606 0 0 0 0 0 0 313 2993 790 0 0 0 0 884 3207 5 0 0 0 0 0
786 3060 250 0 0 0 0 0 9 1371 2595 121 0 0 0 0 1617 2468 11 0 0 0 0 0
1153 2851 92 0 0 0 0 0 99 2005 1954 38 0 0 0 0 2185 1911 0 0 0 0 0 0
1085 2918 93 0 0 0 0 0 25 2385 1656 30 0 0 0 0 2419 1674 3 0 0 0 0 0
1952 2097 47 0 0 0 0 0 215 3008 840 33 0 0 0 0 2520 1573 3 0 0 0 0 0
1916 2150 30 0 0 0 0 0 51 3388 648 9 0 0 0 0 2910 1185 1 0 0 0 0 0
1976 2050 70 0 0 0 0 0 223 3301 564 8 0 0 0 0 2480 1613 3 0 0 0 0 0
11 2696 1339 50 0 0 0 0 0 141 2801 1148 6 0 0 0 373 3227 496 0 0 0 0 0
68 3518 510 0 0 0 0 0 0 464 3368 264 0 0 0 0 889 3157 50 0 0 0 0 0
21 3373 702 0 0 0 0 0 0 364 3175 557 0 0 0 0 689 3399 8 0 0 0 0 0
94 3757 245 0 0 0 0 0 0 708 3364 24 0 0 0 0 1050 3026 20 0 0 0 0 0
377 3544 175 0 0 0 0 0 13 1201 2867 15 0 0 0 0 1202 2889 5 0 0 0 0 0
790 3199 107 0 0 0 0 0 118 1518 2452 8 0 0 0 0 1428 2650 18 0 0 0 0 0
767 3222 107 0 0 0 0 0 89 1763 2230 14 0 0 0 0 1490 2600 6 0 0 0 0 0
444 3360 292 0 0 0 0 0 125 818 3047 106 0 0 0 0 1204 2874 18 0 0 0 0 0
974 2819 303 0 0 0 0 0 289 1097 2596 114 0 0 0 0 1722 2339 35 0 0 0 0 0
211 2712 1173 0 0 0 0 0 79 208 3044 765 0 0 0 0 822 3218 56 0 0 0 0 0
900 2555 641 0 0 0 0 0 386 933 2511 264 2 0 0 0 1660 2368 68 0 0 0 0 0
476 2111 1493 16 0 0 0 0 280 309 2431 1073 3 0 0 0 1154 2858 84 0 0 0 0 0
6 2484 1573 33 0 0 0 0 0 30 2873 1182 11 0 0 0 689 3301 106 0 0 0 0 0
1171 1835 1081 9 0 0 0 0 686 789 1755 864 2 0 0 0 1669 2341 86 0 0 0 0 0
3623 466 7 0 0 0 0 0 2261 1734 101 0 0 0 0 0 3572 523 1 0 0 0 0 0
3722 374 0 0 0 0 0 0 2163 1906 27 0 0 0 0 0 3504 591 1 0 0 0 0 0
1524 2516 56 0 0 0 0 0 370 2603 1123 0 0 0 0 0 2224 1870 2 0 0 0 0 0
756 2742 598 0 0 0 0 0 342 1451 1809 494 0 0 0 0 1783 2238 75 0 0 0 0 0
742 3273 81 0 0 0 0 0 148 1754 2185 9 0 0 0 0 1797 2283 16 0 0 0 0 0
418 3548 130 0 0 0 0 0 127 1300 2648 21 0 0 0 0 1291 2796 9 0 0 0 0 0
1551 2371 174 0 0 0 0 0 314 2213 1560 9 0 0 0 0 1870 2224 2 0 0 0 0 0
91 3419 586 0 0 0 0 0 0 686 3282 128 0 0 0 0 976 3107 13 0 0 0 0 0
0 3162 934 0 0 0 0 0 0 9 3807 280 0 0 0 0 406 3652 38 0 0 0 0 0
1 3717 378 0 0 0 0 0 0 66 3907 123 0 0 0 0 839 3243 14 0 0 0 0 0
0 2345 1751 0 0 0 0 0 0 0 3107 989 0 0 0 0 223 3816 57 0 0 0 0 0
0 2275 1821 0 0 0 0 0 0 0 2543 1553 0 0 0 0 285 3784 27 0 0 0 0 0
4 2087 2005 0 0 0 0 0 0 7 1871 2218 0 0 0 0 224 3788 84 0 0 0 0 0
83 2105 1908 0 0 0 0 0 0 158 1205 2733 0 0 0 0 239 3622 235 0 0 0 0 0
209 2231 1656 0 0 0 0 0 0 679 1321 2096 0 0 0 0 372 3179 545 0 0 0 0 0
339 2656 1101 0 0 0 0 0 2 1252 1347 1495 0 0 0 0 768 3143 185 0 0 0 0 0
967 2848 281 0 0 0 0 0 19 2127 1376 574 0 0 0 0 1679 2350 67 0 0 0 0 0
1060 2948 88 0 0 0 0 0 11 2587 1343 155 0 0 0 0 1906 2163 27 0 0 0 0 0
1845 2237 14 0 0 0 0 0 63 3350 669 14 0 0 0 0 2785 1306 5 0 0 0 0 0
2431 1664 1 0 0 0 0 0 492 3266 338 0 0 0 0 0 2989 1107 0 0 0 0 0 0
1330 2761 5 0 0 0 0 0 10 3101 985 0 0 0 0 0 2286 1810 0 0 0 0 0 0
1704 2389 3 0 0 0 0 0 254 2704 1138 0 0 0 0 0 2281 1814 1 0 0 0 0 0
751 3343 2 0 0 0 0 0 7 2339 1750 0 0 0 0 0 1504 2592 0 0 0 0 0 0
1011 3080 5 0 0 0 0 0 18 2892 1186 0 0 0 0 0 1901 2194 1 0 0 0 0 0
804 3290 2 0 0 0 0 0 2 2942 1152 0 0 0 0 0 1965 2130 1 0 0 0 0 0
884 3212 0 0 0 0 0 0 6 3088 1002 0 0 0 0 0 1864 2232 0 0 0 0 0 0
102 2920 1046 28 0 0 0 0 1 893 2344 857 1 0 0 0 713 3293 90 0 0 0 0 0
112 3432 545 7 0 0 0 0 0 1132 2630 334 0 0 0 0 1100 2958 38 0 0 0 0 0
120 2995 968 13 0 0 0 0 0 946 2389 754 7 0 0 0 915 3091 90 0 0 0 0 0
220 3786 90 0 0 0 0 0 1 1460 2621 14 0 0 0 0 1246 2844 6 0 0 0 0 0
46 3934 116 0 0 0 0 0 0 715 3377 4 0 0 0 0 927 3164 5 0 0 0 0 0
872 3154 70 0 0 0 0 0 140 1802 2145 9 0 0 0 0 1683 2403 10 0 0 0 0 0
67 3998 31 0 0 0 0 0 0 849 3246 1 0 0 0 0 1258 2837 1 0 0 0 0 0
772 3128 196 0 0 0 0 0 164 1979 1855 98 0 0 0 0 1894 2194 8 0 0 0 0 0
1247 2343 506 0 0 0 0 0 411 1573 1781 331 0 0 0 0 1766 2203 127 0 0 0 0 0
225 2798 1073 0 0 0 0 0 1 847 2405 843 0 0 0 0 1197 2845 54 0 0 0 0 0
1381 1966 746 3 0 0 0 0 615 1513 1327 639 2 0 0 0 1967 2045 84 0 0 0 0 0
1039 2700 357 0 0 0 0 0 467 1939 1537 153 0 0 0 0 1903 2174 19 0 0 0 0 0
1243 2766 87 0 0 0 0 0 16 3210 802 68 0 0 0 0 2681 1414 1 0 0 0 0 0
1588 2503 5 0 0 0 0 0 590 2807 699 0 0 0 0 0 2548 1548 0 0 0 0 0 0
3416 679 1 0 0 0 0 0 2157 1899 40 0 0 0 0 0 3585 511 0 0 0 0 0 0
2200 1889 7 0 0 0 0 0 1007 2514 574 1 0 0 0 0 2741 1351 4 0 0 0 0 0
723 3194 179 0 0 0 0 0 150 1797 2085 64 0 0 0 0 1820 2271 5 0 0 0 0 0
678 2928 490 0 0 0 0 0 334 1237 2160 365 0 0 0 0 1454 2582 60 0 0 0 0 0
483 3320 293 0 0 0 0 0 255 470 3345 26 0 0 0 0 1506 2588 2 0 0 0 0 0
0 3431 665 0 0 0 0 0 0 13 3942 141 0 0 0 0 469 3599 28 0 0 0 0 0
0 3040 1056 0 0 0 0 0 0 25 3828 243 0 0 0 0 306 3759 31 0 0 0 0 0
26 3165 905 0 0 0 0 0 0 150 3706 240 0 0 0 0 515 3556 25 0 0 0 0 0
97 3245 754 0 0 0 0 0 0 612 3196 288 0 0 0 0 894 3187 15 0 0 0 0 0
158 3413 525 0 0 0 0 0 2 1339 2607 148 0 0 0 0 1003 3077 16 0 0 0 0 0
427 3190 479 0 0 0 0 0 3 1860 1971 262 0 0 0 0 1332 2746 18 0 0 0 0 0
829 3114 153 0 0 0 0 0 3 2379 1639 75 0 0 0 0 1825 2270 1 0 0 0 0 0
1504 2562 30 0 0 0 0 0 169 3090 821 16 0 0 0 0 2238 1855 3 0 0 0 0 0
1483 2611 2 0 0 0 0 0 24 3590 482 0 0 0 0 0 2314 1782 0 0 0 0 0 0
1126 2967 3 0 0 0 0 0 16 3167 913 0 0 0 0 0 1801 2295 0 0 0 0 0 0
923 3153 20 0 0 0 0 0 71 2311 1709 5 0 0 0 0 1657 2432 7 0 0 0 0 0
621 3440 35 0 0 0 0 0 2 1900 2191 3 0 0 0 0 1065 3025 6 0 0 0 0 0
383 3688 25 0 0 0 0 0 3 1386 2707 0 0 0 0 0 985 3086 25 0 0 0 0 0
318 3753 25 0 0 0 0 0 18 1055 3022 1 0 0 0 0 1318 2768 10 0 0 0 0 0
618 3460 18 0 0 0 0 0 137 1622 2336 1 0 0 0 0 1547 2544 5 0 0 0 0 0
169 3912 15 0 0 0 0 0 0 887 3209 0 0 0 0 0 1184 2912 0 0 0 0 0 0
355 3731 10 0 0 0 0 0 0 1317 2777 2 0 0 0 0 1600 2495 1 0 0 0 0 0
159 3917 20 0 0 0 0 0 0 1112 2983 1 0 0 0 0 1490 2604 2 0 0 0 0 0
522 3564 10 0 0 0 0 0 2 1849 2245 0 0 0 0 0 1848 2248 0 0 0 0 0 0
341 3746 9 0 0 0 0 0 1 1727 2368 0 0 0 0 0 1899 2196 1 0 0 0 0 0
244 3842 10 0 0 0 0 0 0 1543 2553 0 0 0 0 0 1863 2232 1 0 0 0 0 0
0 452 3641 3 0 0 0 0 0 0 2011 2085 0 0 0 0 536 3542 18 0 0 0 0 0
0 425 3568 103 0 0 0 0 0 0 1294 2776 26 0 0 0 713 3268 115 0 0 0 0 0
12 2095 1988 1 0 0 0 0 0 81 3014 1001 0 0 0 0 791 3260 45 0 0 0 0 0
16 2184 1896 0 0 0 0 0 0 233 2904 959 0 0 0 0 1102 2956 38 0 0 0 0 0
69 2736 1291 0 0 0 0 0 0 612 2882 602 0 0 0 0 1285 2803 8 0 0 0 0 0
1163 2290 643 0 0 0 0 0 259 1785 1804 248 0 0 0 0 1888 2193 15 0 0 0 0 0
1079 2772 245 0 0 0 0 0 353 2210 1432 101 0 0 0 0 2185 1878 33 0 0 0 0 0
1205 2583 308 0 0 0 0 0 207 2138 1642 109 0 0 0 0 2257 1839 0 0 0 0 0 0
2021 2065 10 0 0 0 0 0 1005 2337 754 0 0 0 0 0 2945 1151 0 0 0 0 0 0
1565 2519 12 0 0 0 0 0 558 2917 621 0 0 0 0 0 2565 1531 0 0 0 0 0 0
1295 2796 5 0 0 0 0 0 605 2764 727 0 0 0 0 0 2222 1871 3 0 0 0 0 0
2817 1275 4 0 0 0 0 0 2049 1546 501 0 0 0 0 0 3115 980 1 0 0 0 0 0
1461 2620 15 0 0 0 0 0 880 1963 1253 0 0 0 0 0 2469 1627 0 0 0 0 0 0
1444 2645 7 0 0 0 0 0 683 2399 1014 0 0 0 0 0 2218 1878 0 0 0 0 0 0
1549 2535 12 0 0 0 0 0 674 2527 895 0 0 0 0 0 2053 2038 5 0 0 0 0 0
588 3461 47 0 0 0 0 0 321 1184 2590 1 0 0 0 0 1863 2232 1 0 0 0 0 0
89 3872 135 0 0 0 0 0 0 829 3260 7 0 0 0 0 1261 2832 3 0 0 0 0 0
863 3162 71 0 0 0 0 0 341 1629 2123 3 0 0 0 0 1585 2499 12 0 0 0 0 0
1204 2787 105 0 0 0 0 0 313 2195 1577 11 0 0 0 0 1769 2317 10 0 0 0 0 0
639 3290 167 0 0 0 0 0 4 2534 1541 17 0 0 0 0 1594 2493 9 0 0 0 0 0
1177 2898 21 0 0 0 0 0 154 3054 887 1 0 0 0 0 1701 2395 0 0 0 0 0 0
1799 2297 0 0 0 0 0 0 394 3349 353 0 0 0 0 0 2266 1830 0 0 0 0 0 0
960 3129 7 0 0 0 0 0 115 3364 617 0 0 0 0 0 1950 2145 1 0 0 0 0 0
1435 2649 12 0 0 0 0 0 105 3075 916 0 0 0 0 0 2068 2025 3 0 0 0 0 0
458 3609 29 0 0 0 0 0 2 1966 2128 0 0 0 0 0 1266 2827 3 0 0 0 0 0
434 3605 57 0 0 0 0 0 5 1559 2530 2 0 0 0 0 1151 2939 6 0 0 0 0 0
475 3537 84 0 0 0 0 0 67 1046 2978 5 0 0 0 0 965 3109 22 0 0 0 0 0
187 3871 38 0 0 0 0 0 1 1062 3032 1 0 0 0 0 799 3292 5 0 0 0 0 0
129 3908 59 0 0 0 0 0 0 717 3378 1 0 0 0 0 767 3321 8 0 0 0 0 0
105 3869 122 0 0 0 0 0 0 514 3566 16 0 0 0 0 921 3159 16 0 0 0 0 0
90 3927 79 0 0 0 0 0 0 546 3550 0 0 0 0 0 927 3169 0 0 0 0 0 0
124 3910 62 0 0 0 0 0 0 704 3390 2 0 0 0 0 1413 2683 0 0 0 0 0 0
71 3950 75 0 0 0 0 0 0 531 3563 2 0 0 0 0 1401 2688 7 0 0 0 0 0
99 3965 32 0 0 0 0 0 0 726 3369 1 0 0 0 0 1563 2533 0 0 0 0 0 0
42 3946 108 0 0 0 0 0 0 447 3649 0 0 0 0 0 1771 2321 4 0 0 0 0 0
28 4046 22 0 0 0 0 0 0 452 3644 0 0 0 0 0 1723 2373 0 0 0 0 0 0
48 4026 22 0 0 0 0 0 0 463 3633 0 0 0 0 0 2006 2090 0 0 0 0 0 0
30 4045 21 0 0 0 0 0 0 451 3645 0 0 0 0 0 1672 2424 0 0 0 0 0 0
114 3940 42 0 0 0 0 0 3 736 3355 2 0 0 0 0 1632 2464 0 0 0 0 0 0
56 4016 24 0 0 0 0 0 0 635 3461 0 0 0 0 0 1590 2505 1 0 0 0 0 0
0 175 3909 12 0 0 0 0 0 0 812 3284 0 0 0 0 363 3669 64 0 0 0 0 0
0 147 3782 167 0 0 0 0 0 0 531 3506 59 0 0 0 523 3522 51 0 0 0 0 0
0 1465 2630 1 0 0 0 0 0 1 3116 978 1 0 0 0 685 3406 5 0 0 0 0 0
0 1729 2367 0 0 0 0 0 0 0 3192 904 0 0 0 0 794 3297 5 0 0 0 0 0
0 2314 1782 0 0 0 0 0 0 0 3666 430 0 0 0 0 1120 2976 0 0 0 0 0 0
2 2956 1138 0 0 0 0 0 1 20 3872 203 0 0 0 0 1497 2595 4 0 0 0 0 0
307 3321 468 0 0 0 0 0 186 231 3628 51 0 0 0 0 1897 2199 0 0 0 0 0 0
625 3341 130 0 0 0 0 0 375 597 3121 3 0 0 0 0 2457 1636 3 0 0 0 0 0
701 3302 93 0 0 0 0 0 500 754 2842 0 0 0 0 0 2360 1736 0 0 0 0 0 0
877 3112 107 0 0 0 0 0 620 1145 2327 4 0 0 0 0 2450 1646 0 0 0 0 0 0
1827 2266 3 0 0 0 0 0 1173 1764 1159 0 0 0 0 0 2972 1124 0 0 0 0 0 0
2054 2036 6 0 0 0 0 0 1235 2027 834 0 0 0 0 0 2942 1153 1 0 0 0 0 0
1887 2199 10 0 0 0 0 0 1017 2402 677 0 0 0 0 0 2818 1278 0 0 0 0 0 0
2174 1917 5 0 0 0 0 0 1436 2117 543 0 0 0 0 0 2881 1214 1 0 0 0 0 0
1855 2220 21 0 0 0 0 0 1217 1982 897 0 0 0 0 0 2724 1370 2 0 0 0 0 0
2135 1954 7 0 0 0 0 0 1230 2350 516 0 0 0 0 0 2792 1304 0 0 0 0 0 0
1152 2935 9 0 0 0 0 0 536 2866 694 0 0 0 0 0 2012 2082 2 0 0 0 0 0
1495 2599 2 0 0 0 0 0 840 2746 510 0 0 0 0 0 2092 2004 0 0 0 0 0 0
726 3368 2 0 0 0 0 0 39 3470 587 0 0 0 0 0 1768 2328 0 0 0 0 0 0
1051 3042 3 0 0 0 0 0 28 3535 533 0 0 0 0 0 1995 2100 1 0 0 0 0 0
1012 3081 3 0 0 0 0 0 161 2839 1096 0 0 0 0 0 1686 2410 0 0 0 0 0 0
545 3537 14 0 0 0 0 0 48 2508 1540 0 0 0 0 0 1463 2633 0 0 0 0 0 0
241 3804 51 0 0 0 0 0 5 1219 2872 0 0 0 0 0 1355 2738 3 0 0 0 0 0
113 3874 109 0 0 0 0 0 0 969 3125 2 0 0 0 0 828 3260 8 0 0 0 0 0
45 3827 224 0 0 0 0 0 0 436 3656 4 0 0 0 0 793 3299 4 0 0 0 0 0
130 3827 139 0 0 0 0 0 0 658 3432 6 0 0 0 0 955 3134 7 0 0 0 0 0
37 3847 212 0 0 0 0 0 0 266 3819 11 0 0 0 0 886 3206 4 0 0 0 0 0
332 3571 193 0 0 0 0 0 38 1021 3026 11 0 0 0 0 1444 2650 2 0 0 0 0 0
26 3820 250 0 0 0 0 0 0 233 3854 9 0 0 0 0 1007 3087 2 0 0 0 0 0
5 3881 210 0 0 0 0 0 0 108 3977 11 0 0 0 0 1389 2705 2 0 0 0 0 0
10 3954 132 0 0 0 0 0 0 108 3981 7 0 0 0 0 1285 2809 2 0 0 0 0 0
64 3901 131 0 0 0 0 0 1 382 3713 0 0 0 0 0 1481 2613 2 0 0 0 0 0
8 3931 157 0 0 0 0 0 0 100 3988 8 0 0 0 0 1318 2777 1 0 0 0 0 0
15 3975 106 0 0 0 0 0 0 130 3962 4 0 0 0 0 1262 2830 4 0 0 0 0 0
8 3980 108 0 0 0 0 0 0 148 3944 4 0 0 0 0 1519 2576 1 0 0 0 0 0
27 4000 69 0 0 0 0 0 0 197 3898 1 0 0 0 0 1487 2608 1 0 0 0 0 0
22 4028 46 0 0 0 0 0 0 302 3793 1 0 0 0 0 1968 2128 0 0 0 0 0 0
24 4019 53 0 0 0 0 0 0 287 3808 1 0 0 0 0 1477 2614 5 0 0 0 0 0
35 3986 75 0 0 0 0 0 0 280 3811 5 0 0 0 0 1065 3029 2 0 0 0 0 0
25 3222 293 34 360 141 21 0 0 213 3279 62 46 393 102 1 954 2565 65 355 123 34 0 0
0 44 4033 19 0 0 0 0 0 0 273 3823 0 0 0 0 109 3909 78 0 0 0 0 0
0 56 3789 251 0 0 0 0 0 0 265 3657 174 0 0 0 249 3661 186 0 0 0 0 0
0 1317 2774 5 0 0 0 0 0 0 2671 1409 16 0 0 0 944 3133 19 0 0 0 0 0
0 960 3136 0 0 0 0 0 0 0 2693 1403 0 0 0 0 895 3196 5 0 0 0 0 0
0 1592 2504 0 0 0 0 0 0 0 3089 1007 0 0 0 0 723 3372 1 0 0 0 0 0
0 2391 1705 0 0 0 0 0 0 1 3692 403 0 0 0 0 1494 2602 0 0 0 0 0 0
1 3227 868 0 0 0 0 0 0 5 3962 129 0 0 0 0 1326 2770 0 0 0 0 0 0
2 3617 477 0 0 0 0 0 0 58 4003 35 0 0 0 0 1971 2122 3 0 0 0 0 0
9 3845 242 0 0 0 0 0 0 115 3974 7 0 0 0 0 1970 2126 0 0 0 0 0 0
19 3918 159 0 0 0 0 0 0 350 3739 7 0 0 0 0 2039 2057 0 0 0 0 0 0
87 3933 76 0 0 0 0 0 3 733 3359 1 0 0 0 0 2373 1723 0 0 0 0 0 0
1703 2372 21 0 0 0 0 0 748 2019 1329 0 0 0 0 0 2695 1398 3 0 0 0 0 0
187 3876 33 0 0 0 0 0 75 907 3114 0 0 0 0 0 2140 1956 0 0 0 0 0 0
540 3528 28 0 0 0 0 0 178 1548 2370 0 0 0 0 0 2096 2000 0 0 0 0 0 0
521 3561 14 0 0 0 0 0 345 1588 2163 0 0 0 0 0 2306 1790 0 0 0 0 0 0
307 3768 21 0 0 0 0 0 184 1654 2258 0 0 0 0 0 2003 2092 1 0 0 0 0 0
50 4008 38 0 0 0 0 0 0 1654 2442 0 0 0 0 0 1713 2383 0 0 0 0 0 0
80 3991 25 0 0 0 0 0 2 2024 2070 0 0 0 0 0 1554 2540 2 0 0 0 0 0
182 3892 22 0 0 0 0 0 22 2200 1874 0 0 0 0 0 1700 2396 0 0 0 0 0 0
390 3703 3 0 0 0 0 0 8 2822 1266 0 0 0 0 0 1516 2580 0 0 0 0 0 0
329 3725 42 0 0 0 0 0 9 2207 1880 0 0 0 0 0 1562 2533 1 0 0 0 0 0
67 3962 67 0 0 0 0 0 0 1142 2954 0 0 0 0 0 1591 2504 1 0 0 0 0 0
132 3771 193 0 0 0 0 0 13 793 3287 3 0 0 0 0 1439 2655 2 0 0 0 0 0
0 3381 715 0 0 0 0 0 0 50 4034 12 0 0 0 0 669 3427 0 0 0 0 0 0
1 3574 521 0 0 0 0 0 0 29 4037 30 0 0 0 0 794 3298 4 0 0 0 0 0
0 3544 552 0 0 0 0 0 0 28 4040 28 0 0 0 0 551 3538 7 0 0 0 0 0
0 3675 421 0 0 0 0 0 0 27 4044 25 0 0 0 0 1015 3078 3 0 0 0 0 0
0 3662 434 0 0 0 0 0 0 20 4050 26 0 0 0 0 1308 2788 0 0 0 0 0 0
5 3805 286 0 0 0 0 0 0 38 4030 28 0 0 0 0 895 3195 6 0 0 0 0 0
1 3848 247 0 0 0 0 0 0 52 4033 11 0 0 0 0 1343 2752 1 0 0 0 0 0
4 3973 119 0 0 0 0 0 0 44 4042 10 0 0 0 0 1679 2417 0 0 0 0 0 0
6 3889 201 0 0 0 0 0 0 63 4016 17 0 0 0 0 1414 2679 3 0 0 0 0 0
15 3885 196 0 0 0 0 0 0 65 4011 20 0 0 0 0 1135 2959 2 0 0 0 0 0
12 3915 169 0 0 0 0 0 0 98 3987 11 0 0 0 0 1525 2570 1 0 0 0 0 0
6 3956 134 0 0 0 0 0 0 85 4007 4 0 0 0 0 1081 3012 3 0 0 0 0 0
7 3979 110 0 0 0 0 0 0 64 4026 6 0 0 0 0 984 3110 2 0 0 0 0 0
7 3553 242 29 114 108 43 0 0 51 3698 71 20 164 83 9 877 2902 46 137 88 46 0 0
4 2325 295 67 1089 231 85 0 0 47 2459 139 91 1185 157 18 828 1727 149 1139 156 93 4 0
5 1854 451 117 1375 265 29 0 0 45 2106 189 212 1390 146 8 314 1927 413 1186 210 46 0 0
102 2553 198 76 1088 64 15 0 0 385 2396 90 252 930 43 0 707 2116 289 916 51 17 0 0
0 42 4036 18 0 0 0 0 0 0 169 3925 2 0 0 0 223 3808 65 0 0 0 0 0
0 40 3765 291 0 0 0 0 0 0 117 3832 147 0 0 0 302 3705 89 0 0 0 0 0
0 889 3071 136 0 0 0 0 0 0 2288 1689 119 0 0 0 942 3108 46 0 0 0 0 0
0 705 3391 0 0 0 0 0 0 0 1916 2180 0 0 0 0 534 3556 6 0 0 0 0 0
0 1186 2910 0 0 0 0 0 0 0 2714 1382 0 0 0 0 900 3193 3 0 0 0 0 0
0 2012 2084 0 0 0 0 0 0 1 3403 692 0 0 0 0 1283 2811 2 0 0 0 0 0
0 2460 1636 0 0 0 0 0 0 0 3775 321 0 0 0 0 1383 2703 10 0 0 0 0 0
0 3374 722 0 0 0 0 0 0 24 3990 82 0 0 0 0 1584 2511 1 0 0 0 0 0
0 3812 284 0 0 0 0 0 0 23 4060 13 0 0 0 0 2005 2091 0 0 0 0 0 0
20 3881 195 0 0 0 0 0 0 206 3876 14 0 0 0 0 2068 2028 0 0 0 0 0 0
10 3989 97 0 0 0 0 0 0 224 3870 2 0 0 0 0 1675 2418 3 0 0 0 0 0
1390 2629 77 0 0 0 0 0 625 1474 1997 0 0 0 0 0 2508 1588 0 0 0 0 0 0
33 3978 85 0 0 0 0 0 0 565 3530 1 0 0 0 0 1933 2162 1 0 0 0 0 0
423 3621 52 0 0 0 0 0 89 1291 2716 0 0 0 0 0 1933 2161 2 0 0 0 0 0
47 4016 33 0 0 0 0 0 0 1237 2859 0 0 0 0 0 1580 2516 0 0 0 0 0 0
25 4011 60 0 0 0 0 0 0 1037 3059 0 0 0 0 0 1306 2790 0 0 0 0 0 0
6 3997 93 0 0 0 0 0 0 777 3319 0 0 0 0 0 1424 2665 7 0 0 0 0 0
9 3950 137 0 0 0 0 0 0 733 3363 0 0 0 0 0 862 3233 1 0 0 0 0 0
18 3937 141 0 0 0 0 0 0 727 3369 0 0 0 0 0 788 3305 3 0 0 0 0 0
24 3993 79 0 0 0 0 0 0 1302 2792 2 0 0 0 0 949 3143 4 0 0 0 0 0
46 3984 66 0 0 0 0 0 0 1224 2871 1 0 0 0 0 1263 2831 2 0 0 0 0 0
7 3794 295 0 0 0 0 0 0 351 3733 12 0 0 0 0 1195 2900 1 0 0 0 0 0
53 2317 1725 1 0 0 0 0 1 241 3653 201 0 0 0 0 642 3431 23 0 0 0 0 0
0 2075 2021 0 0 0 0 0 0 4 3869 223 0 0 0 0 353 3731 12 0 0 0 0 0
2 2547 1547 0 0 0 0 0 0 11 3977 108 0 0 0 0 748 3337 11 0 0 0 0 0
1 3158 937 0 0 0 0 0 0 11 4010 75 0 0 0 0 691 3391 14 0 0 0 0 0
0 3408 688 0 0 0 0 0 0 13 4031 52 0 0 0 0 778 3308 10 0 0 0 0 0
1 3474 621 0 0 0 0 0 0 11 4037 48 0 0 0 0 875 3221 0 0 0 0 0 0
3 3646 447 0 0 0 0 0 0 15 4043 38 0 0 0 0 890 3197 9 0 0 0 0 0
0 3694 402 0 0 0 0 0 0 7 4046 43 0 0 0 0 1052 3033 11 0 0 0 0 0
1 3835 260 0 0 0 0 0 0 17 4062 17 0 0 0 0 1186 2907 3 0 0 0 0 0
9 3926 161 0 0 0 0 0 0 52 4025 19 0 0 0 0 1352 2744 0 0 0 0 0 0
9 3965 122 0 0 0 0 0 0 35 4039 22 0 0 0 0 754 3340 2 0 0 0 0 0
2 3366 399 39 43 155 92 0 0 21 3654 116 28 125 120 32 709 2987 96 101 81 99 23 0
3 2348 361 75 412 730 167 0 0 15 2572 163 90 975 219 62 390 2267 277 805 163 165 29 0
3 1925 518 107 911 540 92 0 0 34 2249 211 127 1278 174 23 501 1891 401 1029 163 106 5 0
26 2335 274 80 1134 229 18 0 0 108 2432 118 86 1273 78 1 603 1996 147 1221 100 29 0 0
44 3577 226 41 206 2 0 0 0 159 3618 77 44 198 0 0 830 3013 123 130 0 0 0 0
276 2946 871 3 0 0 0 0 0 740 2423 898 35 0 0 0 933 2681 482 0 0 0 0 0
335 3171 590 0 0 0 0 0 6 783 2713 590 4 0 0 0 1092 2614 390 0 0 0 0 0
0 16 3832 248 0 0 0 0 0 0 92 3847 157 0 0 0 174 3326 576 20 0 0 0 0
0 26 3811 259 0 0 0 0 0 0 118 3878 100 0 0 0 292 3584 220 0 0 0 0 0
0 770 3018 308 0 0 0 0 0 0 1970 1885 241 0 0 0 410 3550 136 0 0 0 0 0
0 559 3535 2 0 0 0 0 0 0 1929 2167 0 0 0 0 606 3484 6 0 0 0 0 0
0 943 3153 0 0 0 0 0 0 0 2562 1534 0 0 0 0 847 3237 12 0 0 0 0 0
0 1731 2365 0 0 0 0 0 0 0 3216 880 0 0 0 0 1228 2865 3 0 0 0 0 0
0 2540 1556 0 0 0 0 0 0 2 3747 347 0 0 0 0 1272 2822 2 0 0 0 0 0
0 3308 788 0 0 0 0 0 0 13 4008 75 0 0 0 0 1552 2544 0 0 0 0 0 0
0 3506 590 0 0 0 0 0 0 16 4035 45 0 0 0 0 1532 2564 0 0 0 0 0 0
7 3784 305 0 0 0 0 0 0 117 3952 27 0 0 0 0 1709 2386 1 0 0 0 0 0
11 3821 264 0 0 0 0 0 0 245 3848 3 0 0 0 0 1137 2958 1 0 0 0 0 0
1425 2561 110 0 0 0 0 0 834 1144 2118 0 0 0 0 0 2311 1782 3 0 0 0 0 0
399 3569 128 0 0 0 0 0 102 758 3235 1 0 0 0 0 1821 2274 1 0 0 0 0 0
20 3988 88 0 0 0 0 0 0 561 3532 3 0 0 0 0 1900 2195 1 0 0 0 0 0
27 4026 43 0 0 0 0 0 0 872 3224 0 0 0 0 0 1554 2542 0 0 0 0 0 0
7 3998 91 0 0 0 0 0 0 605 3491 0 0 0 0 0 982 3113 1 0 0 0 0 0
0 3819 277 0 0 0 0 0 0 305 3786 5 0 0 0 0 353 3731 12 0 0 0 0 0
1 2038 1568 258 81 43 36 71 0 79 2778 857 189 68 47 78 149 2503 914 235 114 53 44 84
0 1440 1784 488 188 85 58 53 0 27 2385 1119 306 121 78 60 49 2120 1060 427 185 102 78 75
1 3406 689 0 0 0 0 0 0 253 3824 19 0 0 0 0 265 3776 55 0 0 0 0 0
16 3853 227 0 0 0 0 0 0 761 3318 17 0 0 0 0 881 3204 11 0 0 0 0 0
1 1278 2768 49 0 0 0 0 0 99 2464 1533 0 0 0 0 274 3036 786 0 0 0 0 0
29 381 3131 555 0 0 0 0 0 124 1309 2630 33 0 0 0 170 2341 1578 7 0 0 0 0
0 286 3626 184 0 0 0 0 0 0 1819 2271 6 0 0 0 27 3058 1011 0 0 0 0 0
0 990 3106 0 0 0 0 0 0 0 2806 1290 0 0 0 0 41 3714 341 0 0 0 0 0
0 1844 2252 0 0 0 0 0 0 2 3670 424 0 0 0 0 243 3786 67 0 0 0 0 0
0 2953 1143 0 0 0 0 0 0 6 3838 252 0 0 0 0 542 3549 5 0 0 0 0 0
0 3090 1006 0 0 0 0 0 0 3 3930 163 0 0 0 0 366 3715 15 0 0 0 0 0
2 3513 581 0 0 0 0 0 0 11 4015 70 0 0 0 0 509 3570 17 0 0 0 0 0
3 3593 474 9 6 11 0 0 0 10 3981 84 7 6 8 0 551 3498 28 7 9 3 0 0
2 2880 405 43 69 656 41 0 0 9 3164 135 43 580 163 2 430 2821 83 531 190 41 0 0
7 2040 413 99 405 1063 69 0 0 10 2294 196 90 1316 189 1 421 1991 211 1242 179 52 0 0
3 1932 472 121 628 849 91 0 0 20 2196 221 121 1334 182 22 661 1700 371 1103 157 104 0 0
14 2329 399 79 707 519 49 0 0 80 2550 146 114 1056 139 11 458 2279 466 697 118 78 0 0
18 3558 294 40 101 85 0 0 0 96 3697 97 43 163 0 0 568 3290 122 116 0 0 0 0
16 3950 130 0 0 0 0 0 0 120 3960 16 0 0 0 0 1037 3057 2 0 0 0 0 0
62 3928 106 0 0 0 0 0 0 268 3823 5 0 0 0 0 952 3143 1 0 0 0 0 0
52 3997 47 0 0 0 0 0 0 208 3880 8 0 0 0 0 920 3170 6 0 0 0 0 0
39 3322 734 1 0 0 0 0 0 114 3215 693 74 0 0 0 587 3070 439 0 0 0 0 0
23 3623 449 1 0 0 0 0 0 87 3622 376 11 0 0 0 713 3145 238 0 0 0 0 0
0 5 3327 764 0 0 0 0 0 0 23 3614 459 0 0 0 35 2610 1443 8 0 0 0 0
0 18 3982 96 0 0 0 0 0 0 46 4022 28 0 0 0 260 3732 104 0 0 0 0 0
2 727 2900 467 0 0 0 0 0 0 1763 1930 403 0 0 0 629 3218 249 0 0 0 0 0
0 650 3446 0 0 0 0 0 0 0 1750 2346 0 0 0 0 448 3641 7 0 0 0 0 0
0 1161 2935 0 0 0 0 0 0 0 2731 1365 0 0 0 0 826 3261 9 0 0 0 0 0
0 1712 2384 0 0 0 0 0 0 0 3291 805 0 0 0 0 1249 2847 0 0 0 0 0 0
0 2532 1564 0 0 0 0 0 0 3 3760 333 0 0 0 0 1319 2772 5 0 0 0 0 0
1 3294 801 0 0 0 0 0 0 10 3986 100 0 0 0 0 1314 2776 6 0 0 0 0 0
1 3492 603 0 0 0 0 0 0 19 4009 68 0 0 0 0 1650 2446 0 0 0 0 0 0
2 3640 454 0 0 0 0 0 0 63 3969 64 0 0 0 0 1927 2168 1 0 0 0 0 0
4 3858 234 0 0 0 0 0 0 114 3975 7 0 0 0 0 1733 2363 0 0 0 0 0 0
1514 2528 54 0 0 0 0 0 852 1040 2203 1 0 0 0 0 2417 1678 1 0 0 0 0 0
508 3498 90 0 0 0 0 0 209 776 3109 2 0 0 0 0 1832 2264 0 0 0 0 0 0
14 3993 89 0 0 0 0 0 0 651 3445 0 0 0 0 0 1875 2219 2 0 0 0 0 0
18 4029 49 0 0 0 0 0 0 841 3255 0 0 0 0 0 1581 2507 8 0 0 0 0 0
36 3922 138 0 0 0 0 0 0 663 3431 2 0 0 0 0 1174 2916 6 0 0 0 0 0
5 3421 670 0 0 0 0 0 0 148 3888 60 0 0 0 0 388 3618 90 0 0 0 0 0
0 233 1149 616 576 390 366 766 0 0 581 1129 568 530 393 895 2 641 1000 569 545 308 314 717
0 5 279 572 542 604 525 1569 0 0 42 514 518 594 689 1739 0 52 320 594 586 501 499 1544
0 1583 2441 72 0 0 0 0 0 28 3283 783 2 0 0 0 86 2998 1003 9 0 0 0 0
3 1829 2093 171 0 0 0 0 0 229 2563 1304 0 0 0 0 503 2890 703 0 0 0 0 0
1 133 1479 2274 209 0 0 0 0 16 273 2750 1046 11 0 0 38 925 2303 821 9 0 0 0
1 88 100 1029 2152 682 44 0 0 17 117 323 1537 1787 315 0 25 88 471 1326 1722 456 8 0
0 0 1160 2402 519 15 0 0 0 0 15 2325 1629 126 1 0 0 275 2224 1401 195 1 0 0
0 100 3801 195 0 0 0 0 0 0 751 3343 2 0 0 0 4 2349 1739 4 0 0 0 0
0 635 3458 3 0 0 0 0 0 0 2657 1439 0 0 0 0 26 3846 224 0 0 0 0 0
0 1664 1840 71 94 259 111 57 0 0 3005 547 45 289 114 96 136 3203 248 231 98 93 85 2
0 1551 1070 98 448 870 59 0 0 1 2314 359 95 1155 172 0 113 2425 564 775 156 63 0 0
1 1590 901 118 255 1122 109 0 0 7 2210 332 104 1230 201 12 299 2147 314 1054 159 122 1 0
3 1847 629 107 320 1137 53 0 0 25 2230 258 104 1258 221 0 221 2183 246 1170 211 65 0 0
26 2798 430 63 232 547 0 0 0 64 3046 159 63 727 37 0 732 2505 148 708 3 0 0 0
32 3615 412 15 18 4 0 0 0 124 3863 77 14 16 2 0 802 3243 33 18 0 0 0 0
19 3831 246 0 0 0 0 0 0 130 3935 31 0 0 0 0 1038 3048 10 0 0 0 0 0
28 3822 246 0 0 0 0 0 0 100 3934 62 0 0 0 0 823 3260 13 0 0 0 0 0
42 3915 139 0 0 0 0 0 0 179 3904 13 0 0 0 0 691 3405 0 0 0 0 0 0
35 3907 154 0 0 0 0 0 0 125 3938 33 0 0 0 0 826 3249 21 0 0 0 0 0
62 3912 122 0 0 0 0 0 0 193 3882 21 0 0 0 0 1018 3068 10 0 0 0 0 0
47 3940 109 0 0 0 0 0 0 136 3940 20 0 0 0 0 986 3104 6 0 0 0 0 0
90 3285 711 10 0 0 0 0 0 92 3166 703 135 0 0 0 657 3051 388 0 0 0 0 0
54 2918 1084 40 0 0 0 0 0 234 3252 605 5 0 0 0 747 3029 320 0 0 0 0 0
0 4 2614 1077 400 1 0 0 0 0 16 2897 753 429 1 0 18 1844 1855 366 13 0 0 0
0 3 3210 385 496 2 0 0 0 0 15 3266 270 513 32 0 114 3115 354 500 13 0 0 0
0 560 2893 643 0 0 0 0 0 0 1280 2247 569 0 0 0 179 3361 556 0 0 0 0 0
0 435 3661 0 0 0 0 0 0 0 1204 2892 0 0 0 0 500 3565 31 0 0 0 0 0
0 895 3201 0 0 0 0 0 0 0 2337 1759 0 0 0 0 675 3418 3 0 0 0 0 0
0 1637 2458 1 0 0 0 0 0 0 3209 887 0 0 0 0 1074 3014 8 0 0 0 0 0
2 2594 1500 0 0 0 0 0 0 14 3612 470 0 0 0 0 1243 2840 13 0 0 0 0 0
0 3520 576 0 0 0 0 0 0 7 4012 77 0 0 0 0 1540 2555 1 0 0 0 0 0
0 3551 545 0 0 0 0 0 0 18 4024 54 0 0 0 0 1393 2701 2 0 0 0 0 0
1 3631 464 0 0 0 0 0 0 71 3984 41 0 0 0 0 1370 2724 2 0 0 0 0 0
46 3174 689 187 0 0 0 0 0 154 3321 372 246 3 0 0 733 2876 370 117 0 0 0 0
626 2705 606 159 0 0 0 0 271 953 2287 333 238 14 0 0 1243 2398 355 100 0 0 0 0
233 3301 414 148 0 0 0 0 59 573 3054 235 159 16 0 0 1224 2530 242 100 0 0 0 0
13 4008 75 0 0 0 0 0 0 514 3582 0 0 0 0 0 1224 2870 2 0 0 0 0 0
32 4035 29 0 0 0 0 0 0 959 3137 0 0 0 0 0 1668 2428 0 0 0 0 0 0
27 3981 88 0 0 0 0 0 0 677 3417 2 0 0 0 0 984 3111 1 0 0 0 0 0
4 3458 634 0 0 0 0 0 0 127 3945 24 0 0 0 0 463 3618 15 0 0 0 0 0
0 431 2753 851 61 0 0 0 0 0 1568 2171 351 6 0 0 27 1662 2082 319 6 0 0 0
0 11 2151 1642 286 6 0 0 0 0 177 3090 730 99 0 0 0 400 2721 824 151 0 0 0
0 714 3377 5 0 0 0 0 0 4 2712 1380 0 0 0 0 44 2899 1153 0 0 0 0 0
0 625 2121 1350 0 0 0 0 0 2 1535 2531 28 0 0 0 21 1890 2184 1 0 0 0 0
0 66 208 3458 93 180 91 0 0 7 124 2018 1649 140 140 18 7 138 2489 1253 109 97 3 0
0 56 81 2067 960 770 158 4 0 17 89 144 2730 861 189 66 10 77 350 3198 288 138 35 0
0 12 167 2442 509 846 120 0 0 2 30 1189 1576 1088 189 22 7 41 1794 1970 161 123 0 0
0 38 1790 863 291 1051 63 0 0 0 147 2402 211 1158 176 2 5 508 2327 991 185 80 0 0
0 190 2341 193 349 944 79 0 0 2 850 1799 128 1121 183 13 15 1490 1396 948 167 78 2 0
5 1055 2131 78 363 403 53 8 0 15 2363 831 80 712 48 47 75 2738 608 562 41 34 38 0
5 2648 1349 32 42 20 0 0 0 31 3596 389 25 55 0 0 179 3712 146 58 1 0 0 0
18 3214 864 0 0 0 0 0 0 58 3863 175 0 0 0 0 391 3583 122 0 0 0 0 0
9 3449 638 0 0 0 0 0 0 22 3934 140 0 0 0 0 521 3549 26 0 0 0 0 0
19 3573 504 0 0 0 0 0 0 94 3872 130 0 0 0 0 626 3447 23 0 0 0 0 0
30 3743 323 0 0 0 0 0 0 98 3870 128 0 0 0 0 731 3305 60 0 0 0 0 0
27 3839 230 0 0 0 0 0 0 82 3950 64 0 0 0 0 599 3469 28 0 0 0 0 0
26 3817 253 0 0 0 0 0 0 117 3950 29 0 0 0 0 781 3309 6 0 0 0 0 0
58 3892 146 0 0 0 0 0 0 178 3889 29 0 0 0 0 785 3308 3 0 0 0 0 0
44 3886 166 0 0 0 0 0 0 178 3882 36 0 0 0 0 639 3431 26 0 0 0 0 0
34 3965 97 0 0 0 0 0 0 148 3931 17 0 0 0 0 874 3221 1 0 0 0 0 0
31 3987 78 0 0 0 0 0 0 171 3908 17 0 0 0 0 951 3130 15 0 0 0 0 0
186 2866 1029 15 0 0 0 0 0 400 2564 842 290 0 0 0 699 2682 696 19 0 0 0 0
204 2479 1386 27 0 0 0 0 0 476 2238 1196 186 0 0 0 638 2741 711 6 0 0 0 0
0 15 2456 1124 501 0 0 0 0 0 35 2850 718 493 0 0 65 1630 1975 425 1 0 0 0
0 342 3285 205 264 0 0 0 0 0 602 3099 134 257 4 0 332 3173 392 199 0 0 0 0
0 606 2391 302 777 20 0 0 0 0 1033 1965 256 771 71 0 375 2565 543 600 13 0 0 0
0 455 2616 227 695 103 0 0 0 2 951 2110 199 620 214 0 139 2845 488 566 58 0 0 0
0 571 2439 189 798 99 0 0 0 3 1494 1530 174 771 124 0 362 2618 368 702 46 0 0 0
0 904 2141 163 742 146 0 0 0 0 2072 974 160 681 209 0 711 2304 288 737 56 0 0 0
0 2095 1347 63 491 100 0 0 0 2 2814 631 53 492 104 0 664 2732 250 432 18 0 0 0
0 3004 885 52 137 18 0 0 0 8 3702 195 47 129 15 0 1503 2401 88 104 0 0 0 0
1 3556 526 10 3 0 0 0 0 26 3999 61 10 0 0 0 1285 2794 17 0 0 0 0 0
19 3684 393 0 0 0 0 0 0 165 3890 41 0 0 0 0 1436 2658 2 0 0 0 0 0
6 2577 1243 250 20 0 0 0 0 1 2954 838 210 93 0 0 447 3058 383 205 3 0 0 0
159 2662 906 354 15 0 0 0 0 478 2601 569 188 260 0 0 506 3020 272 284 14 0 0 0
36 2969 921 159 11 0 0 0 0 278 3021 618 169 10 0 0 1076 2540 376 100 4 0 0 0
45 3754 139 32 32 41 53 0 0 686 3218 54 25 45 40 28 1397 2506 55 32 40 57 9 0
45 3439 137 33 44 289 109 0 0 1011 2587 41 30 200 207 20 1254 2320 77 184 153 108 0 0
215 2927 142 38 78 560 136 0 36 978 2245 43 45 522 198 29 1127 2109 203 379 142 124 12 0
228 2617 259 92 158 705 37 0 9 824 2219 100 103 649 192 0 613 2463 229 577 179 35 0 0
169 1540 1341 98 137 725 86 0 8 519 2178 404 102 676 198 11 398 2384 539 534 176 64 1 0
50 1273 1633 119 191 648 182 0 0 538 1610 879 112 683 192 82 254 2107 894 504 126 151 60 0
37 1725 1126 113 142 827 126 0 0 422 2095 431 116 777 234 21 244 2342 557 644 173 123 13 0
4 1441 1191 201 162 1002 95 0 0 278 2000 478 146 921 266 7 136 2114 651 918 174 103 0 0
36 837 1254 931 199 815 24 0 1 210 1249 1155 531 866 83 1 170 1388 1491 970 61 16 0 0
2 455 979 2269 232 159 0 0 0 133 749 1501 1455 258 0 0 150 840 2094 1012 0 0 0 0
41 678 1373 1999 5 0 0 0 3 211 1036 2460 386 0 0 0 166 1095 2487 348 0 0 0 0
6 230 3553 307 0 0 0 0 3 28 649 3407 9 0 0 0 34 1359 2686 17 0 0 0 0
1 622 3466 7 0 0 0 0 0 15 1927 2154 0 0 0 0 109 2842 1145 0 0 0 0 0
1 2042 2053 0 0 0 0 0 0 26 3462 608 0 0 0 0 154 3670 272 0 0 0 0 0
1 3154 941 0 0 0 0 0 0 57 3784 255 0 0 0 0 443 3568 85 0 0 0 0 0
9 3512 575 0 0 0 0 0 0 125 3816 155 0 0 0 0 679 3362 55 0 0 0 0 0
22 3782 292 0 0 0 0 0 0 134 3915 47 0 0 0 0 506 3569 21 0 0 0 0 0
33 3759 304 0 0 0 0 0 0 210 3857 29 0 0 0 0 849 3233 14 0 0 0 0 0
30 3910 156 0 0 0 0 0 0 136 3935 25 0 0 0 0 1022 3066 8 0 0 0 0 0
39 3883 174 0 0 0 0 0 0 202 3869 25 0 0 0 0 1152 2934 10 0 0 0 0 0
40 3854 202 0 0 0 0 0 0 194 3868 34 0 0 0 0 719 3370 7 0 0 0 0 0
63 3948 83 2 0 0 0 0 0 292 3778 26 0 0 0 0 1226 2859 11 0 0 0 0 0
49 3921 125 1 0 0 0 0 0 199 3848 49 0 0 0 0 634 3451 11 0 0 0 0 0
51 3730 254 61 0 0 0 0 0 227 3618 199 52 0 0 0 897 3047 152 0 0 0 0 0
70 3541 283 202 0 0 0 0 0 387 3257 275 177 0 0 0 887 3043 166 0 0 0 0 0
34 3264 491 307 0 0 0 0 0 312 3103 382 299 0 0 0 942 2949 205 0 0 0 0 0
99 2974 416 607 0 0 0 0 0 243 2913 386 554 0 0 0 1007 2926 163 0 0 0 0 0
0 3 3016 889 188 0 0 0 0 0 22 3262 635 177 0 0 27 2155 1822 92 0 0 0 0
0 422 3663 11 0 0 0 0 0 0 613 3476 7 0 0 0 248 3719 129 0 0 0 0 0
0 721 3370 5 0 0 0 0 0 0 1421 2673 2 0 0 0 415 3637 44 0 0 0 0 0
1 1103 2992 0 0 0 0 0 0 3 2206 1887 0 0 0 0 598 3448 50 0 0 0 0 0
0 1657 2107 102 36 25 28 141 0 148 3318 630 0 0 0 0 1068 2831 132 65 0 0 0 0
2 2514 1173 96 46 39 39 187 1 561 3335 183 16 0 0 0 1156 2729 155 56 0 0 0 0
0 2892 911 97 196 0 0 0 0 16 3509 289 93 189 0 0 885 2917 246 48 0 0 0 0
2 2995 587 101 365 46 0 0 0 25 3388 186 118 358 21 0 1016 2620 333 121 6 0 0 0
8 2774 498 139 431 246 0 0 0 102 3081 149 150 472 142 0 1014 2324 413 305 40 0 0 0
41 2750 284 138 494 382 7 0 0 331 2649 116 137 649 214 0 1017 2076 369 531 103 0 0 0
2 1543 1310 220 414 534 73 0 0 35 1514 1296 275 685 256 35 263 2115 839 595 203 81 0 0
466 1828 610 181 310 687 14 0 183 834 1465 412 224 727 246 5 937 1630 597 688 210 34 0 0
27 2532 446 150 249 622 70 0 0 630 1938 422 196 671 224 15 555 2279 592 413 190 67 0 0
68 2971 149 75 135 580 118 0 0 960 2184 65 79 499 262 47 1162 1998 259 421 124 131 1 0
229 3108 119 75 122 443 0 0 1 1616 1797 70 88 501 23 0 1715 1763 329 286 3 0 0 0
598 3138 129 59 86 86 0 0 76 1954 1795 66 65 140 0 0 1616 2238 135 107 0 0 0 0
2497 1562 35 2 0 0 0 0 775 3060 253 8 0 0 0 0 2518 1551 27 0 0 0 0 0
2513 1548 35 0 0 0 0 0 627 3150 314 5 0 0 0 0 2513 1543 40 0 0 0 0 0
1095 2883 114 4 0 0 0 0 42 3299 731 24 0 0 0 0 1774 2240 81 1 0 0 0 0
788 3277 31 0 0 0 0 0 30 3107 958 1 0 0 0 0 1838 2245 13 0 0 0 0 0
177 3565 352 2 0 0 0 0 0 1471 2539 86 0 0 0 0 679 3347 69 1 0 0 0 0
160 3074 861 1 0 0 0 0 0 1015 2928 153 0 0 0 0 638 2995 463 0 0 0 0 0
90 2162 1564 280 0 0 0 0 0 363 2702 948 83 0 0 0 257 2671 1070 98 0 0 0 0
405 2107 1339 245 0 0 0 0 0 1069 2165 750 112 0 0 0 659 2586 845 6 0 0 0 0
1 261 2767 1067 0 0 0 0 0 7 870 2067 1148 4 0 0 20 1692 2372 12 0 0 0 0
1 657 2148 1288 2 0 0 0 0 18 1451 1198 1204 225 0 0 66 2188 1781 61 0 0 0 0
0 1209 1377 1451 59 0 0 0 0 15 1891 526 1169 495 0 0 242 2118 1627 109 0 0 0 0
6 1468 1016 1535 71 0 0 0 0 62 1864 412 1098 660 0 0 274 2097 1602 123 0 0 0 0
16 1735 854 1430 61 0 0 0 0 83 1892 552 880 689 0 0 624 1902 1460 110 0 0 0 0
262 1881 806 1128 19 0 0 0 3 615 1732 650 910 186 0 0 1668 1538 852 38 0 0 0 0
22 1077 612 2149 236 0 0 0 0 44 1079 456 1853 664 0 0 356 1318 2353 69 0 0 0 0
5 824 476 2517 274 0 0 0 0 7 801 372 2260 656 0 0 168 1126 2751 51 0 0 0 0
2 680 593 2581 240 0 0 0 0 3 719 552 2421 401 0 0 191 1167 2696 42 0 0 0 0
3 421 411 3080 181 0 0 0 0 19 443 431 2861 342 0 0 144 952 2953 47 0 0 0 0
0 67 698 3097 234 0 0 0 0 1 109 755 3080 151 0 0 31 1123 2896 46 0 0 0 0
0 22 474 3407 193 0 0 0 0 0 37 504 3385 170 0 0 25 682 3334 55 0 0 0 0
0 501 936 1946 359 297 57 0 0 307 902 845 1707 334 1 0 73 1405 1886 461 267 4 0 0
0 35 352 3678 31 0 0 0 0 8 89 363 3597 39 0 0 55 904 3134 3 0 0 0 0
0 17 661 3418 0 0 0 0 0 0 29 849 3218 0 0 0 17 1903 2176 0 0 0 0 0
0 22 363 3701 10 0 0 0 0 0 27 451 3616 2 0 0 27 1558 2507 4 0 0 0 0
0 50 2855 816 375 0 0 0 0 0 68 3119 476 433 0 0 11 1966 1730 363 26 0 0 0
0 262 3816 18 0 0 0 0 0 0 583 3508 5 0 0 0 287 3518 291 0 0 0 0 0
0 691 3401 4 0 0 0 0 0 14 1184 2898 0 0 0 0 343 3598 155 0 0 0 0 0
0 911 2928 257 0 0 0 0 0 23 1856 2213 4 0 0 0 416 3285 395 0 0 0 0 0
0 1145 2627 233 91 0 0 0 0 3 2375 1535 183 0 0 0 458 3218 255 165 0 0 0 0
1 2069 1694 285 47 0 0 0 0 9 3182 811 94 0 0 0 681 3042 219 154 0 0 0 0
5 3007 1084 0 0 0 0 0 0 19 3781 296 0 0 0 0 624 3446 26 0 0 0 0 0
9 3510 577 0 0 0 0 0 0 97 3934 65 0 0 0 0 1510 2579 7 0 0 0 0 0
5 3541 550 0 0 0 0 0 0 89 3935 72 0 0 0 0 1524 2571 1 0 0 0 0 0
43 3038 1015 0 0 0 0 0 0 326 3145 625 0 0 0 0 1037 3046 13 0 0 0 0 0
17 2364 1715 0 0 0 0 0 0 217 2611 1268 0 0 0 0 855 3185 56 0 0 0 0 0
91 2106 1898 1 0 0 0 0 11 608 1772 1704 1 0 0 0 952 3120 24 0 0 0 0 0
41 1787 2213 55 0 0 0 0 0 533 1449 2103 11 0 0 0 816 2972 308 0 0 0 0 0
28 1554 2471 43 0 0 0 0 0 401 1336 2349 10 0 0 0 636 3303 157 0 0 0 0 0
53 1263 2636 144 0 0 0 0 0 558 907 2526 105 0 0 0 612 3017 467 0 0 0 0 0
428 1344 2066 258 0 0 0 0 4 1125 752 2038 177 0 0 0 1045 2738 313 0 0 0 0 0
2725 1352 19 0 0 0 0 0 879 3040 174 3 0 0 0 0 2699 1378 19 0 0 0 0 0
3055 1021 20 0 0 0 0 0 977 3050 68 1 0 0 0 0 3225 851 20 0 0 0 0 0
1836 2247 13 0 0 0 0 0 87 3802 206 1 0 0 0 0 2638 1447 11 0 0 0 0 0
1606 2469 21 0 0 0 0 0 104 3151 837 4 0 0 0 0 2305 1782 9 0 0 0 0 0
128 2076 707 730 337 108 10 0 0 721 2060 823 350 125 17 0 528 2662 670 123 98 15 0 0
140 2443 1277 217 19 0 0 0 23 1750 2099 224 0 0 0 0 634 2821 631 10 0 0 0 0
260 3084 752 0 0 0 0 0 0 531 3035 530 0 0 0 0 909 3129 58 0 0 0 0 0
127 2594 1282 93 0 0 0 0 0 271 2592 1109 124 0 0 0 764 3071 260 1 0 0 0 0
0 63 992 3041 0 0 0 0 0 0 34 767 3263 32 0 0 55 1271 2764 6 0 0 0 0
0 47 464 3570 15 0 0 0 0 0 16 352 3320 408 0 0 14 431 3575 76 0 0 0 0
0 22 537 3478 59 0 0 0 0 0 45 431 2378 1242 0 0 13 517 3484 82 0 0 0 0
8 161 756 2848 314 9 0 0 0 4 255 796 1785 1256 0 0 96 818 2624 541 16 1 0 0
716 555 563 1301 720 241 0 0 70 1132 426 1000 1001 467 0 0 898 1193 1029 532 440 4 0 0
1703 868 381 1112 32 0 0 0 193 2142 348 503 792 118 0 0 2863 850 348 35 0 0 0 0
46 329 556 2900 265 0 0 0 0 175 249 492 2189 991 0 0 377 739 2921 59 0 0 0 0
0 6 271 3334 485 0 0 0 0 0 12 281 2565 1238 0 0 10 374 3537 175 0 0 0 0
11 133 255 2884 581 148 84 0 0 91 130 437 2664 764 10 0 38 563 3139 216 96 44 0 0
2 199 446 2642 559 192 56 0 0 130 211 764 2754 237 0 0 74 958 2638 284 116 26 0 0
0 39 518 3341 198 0 0 0 0 26 110 593 3288 79 0 0 75 1186 2799 36 0 0 0 0
0 9 267 1993 991 596 240 0 0 0 76 796 2385 721 115 3 6 504 2275 630 473 186 21 1
0 1 351 1901 1009 695 139 0 0 1 368 1909 1312 448 58 0 0 624 1834 922 473 160 83 0
0 0 245 2862 483 461 45 0 0 0 19 296 2991 470 320 0 4 377 2737 405 103 145 307 18
0 19 428 2762 872 15 0 0 0 0 60 508 2672 856 0 0 34 1010 2544 508 0 0 0 0
0 2 326 2215 1381 172 0 0 0 0 14 387 2233 1458 4 0 15 660 2129 1290 2 0 0 0
29 1121 676 815 821 591 43 0 0 905 1034 1200 818 139 0 0 156 1520 1071 851 442 56 0 0
0 263 2670 833 327 3 0 0 0 33 394 3620 49 0 0 0 63 2503 1365 165 0 0 0 0
25 989 2677 211 109 85 0 0 2 454 1013 2330 254 38 5 0 525 2581 838 139 9 4 0 0
101 964 991 887 892 261 0 0 29 970 1321 1338 438 0 0 0 296 2042 1270 488 0 0 0 0
490 669 2352 585 0 0 0 0 213 681 1944 1251 7 0 0 0 755 2721 598 22 0 0 0 0
750 592 520 1664 500 70 0 0 447 538 771 1905 431 4 0 0 889 783 1342 1023 59 0 0 0
728 2710 658 0 0 0 0 0 326 682 2953 135 0 0 0 0 1371 2698 27 0 0 0 0 0
1 3493 602 0 0 0 0 0 0 69 3994 33 0 0 0 0 1273 2823 0 0 0 0 0 0
461 2749 885 1 0 0 0 0 176 611 3193 116 0 0 0 0 1502 2579 15 0 0 0 0 0
545 1946 1605 0 0 0 0 0 187 1234 1595 1080 0 0 0 0 1705 2359 32 0 0 0 0 0
1042 2452 602 0 0 0 0 0 616 2423 619 438 0 0 0 0 2717 1335 44 0 0 0 0 0
571 2319 1201 5 0 0 0 0 332 1867 842 1054 1 0 0 0 2318 1694 84 0 0 0 0 0
0 284 3766 46 0 0 0 0 0 1 394 3696 5 0 0 0 189 3687 220 0 0 0 0 0
51 642 2331 856 216 0 0 0 1 298 936 2692 169 0 0 0 656 3005 435 0 0 0 0 0
0 149 3683 264 0 0 0 0 0 0 184 3732 180 0 0 0 126 3427 543 0 0 0 0 0
342 676 2801 277 0 0 0 0 110 421 450 2721 394 0 0 0 614 2722 760 0 0 0 0 0
2991 1100 5 0 0 0 0 0 1052 3006 38 0 0 0 0 0 3129 962 5 0 0 0 0 0
3206 886 4 0 0 0 0 0 1034 3038 24 0 0 0 0 0 3274 819 3 0 0 0 0 0
1438 1291 138 517 607 105 0 0 384 2208 208 396 666 234 0 0 1979 1081 720 287 29 0 0 0
2461 1361 65 107 91 11 0 0 620 2959 290 108 92 27 0 0 2740 1179 147 30 0 0 0 0
523 1119 628 1722 104 0 0 0 134 1157 1429 1289 87 0 0 0 697 2825 572 2 0 0 0 0
211 1557 951 700 386 291 0 0 13 1138 1940 582 420 3 0 0 248 2833 574 369 72 0 0 0
3 2245 1847 1 0 0 0 0 0 15 2399 1682 0 0 0 0 651 3289 156 0 0 0 0 0
48 2406 1639 3 0 0 0 0 0 170 2383 1540 3 0 0 0 556 3330 210 0 0 0 0 0
0 97 1209 2789 1 0 0 0 0 0 59 1085 2949 3 0 0 67 1690 2321 18 0 0 0 0
5 279 1201 2610 1 0 0 0 0 10 295 907 2815 69 0 0 108 1439 2541 8 0 0 0 0
1 331 1493 2199 72 0 0 0 0 12 912 1442 1550 180 0 0 187 2157 1678 74 0 0 0 0
56 702 1246 1645 231 202 14 0 0 362 1093 1263 915 329 134 0 465 1879 1316 151 72 103 110 0
130 471 972 1108 420 793 202 0 13 374 1085 917 761 530 416 0 274 1655 739 397 229 354 447 1
2302 1603 94 96 1 0 0 0 196 3557 172 75 95 1 0 0 1822 2148 96 30 0 0 0 0
135 554 503 2662 240 2 0 0 4 403 343 520 1990 834 2 0 810 695 2479 112 0 0 0 0
0 10 224 3099 435 328 0 0 0 0 18 226 2273 1256 322 1 4 268 3293 270 237 24 0 0
0 44 289 2035 664 1062 2 0 0 0 99 692 1802 646 857 0 24 539 2142 485 872 34 0 0
1 138 247 1534 879 1274 23 0 0 77 247 771 1299 1014 688 0 37 700 1507 938 914 0 0 0
0 11 86 1389 1238 1372 0 0 0 2 11 238 1901 1121 823 0 3 238 2027 989 839 0 0 0
0 112 400 844 1050 1565 125 0 0 3 329 1062 549 1322 813 18 0 173 1219 1273 946 147 294 44
0 22 355 716 1168 1834 1 0 0 0 69 570 694 2159 604 0 0 13 62 1245 1526 782 468 0
0 0 17 391 2112 1576 0 0 0 0 0 205 765 3032 94 0 0 0 8 952 1184 1648 304 0
0 4 9 3253 736 94 0 0 0 1 4 19 3396 673 3 0 0 218 3186 660 32 0 0 0
324 324 1124 2151 172 1 0 0 129 434 1026 1316 1115 76 0 0 463 2202 1370 61 0 0 0 0
0 36 903 2041 983 133 0 0 0 33 2039 1767 257 0 0 0 92 1990 1180 802 32 0 0 0
0 33 779 1484 1340 453 7 0 0 0 88 1512 1052 1063 381 0 0 332 1331 1239 944 250 0 0
0 0 121 106 118 1725 2026 0 0 0 0 96 153 639 2294 914 0 14 174 161 811 2008 928 0
592 368 736 629 864 393 514 0 151 695 172 1248 516 626 682 6 666 1096 801 753 177 554 49 0
889 955 588 993 655 16 0 0 265 1223 494 1104 452 532 26 0 792 1885 692 697 30 0 0 0
777 2389 92 64 145 312 317 0 292 2098 868 105 297 410 26 0 520 1732 1098 266 317 163 0 0
809 1577 975 201 421 113 0 0 160 1356 948 440 652 262 278 0 922 1417 438 1135 184 0 0 0
39 2420 1326 141 159 11 0 0 0 86 2801 727 299 166 17 0 278 2642 685 480 11 0 0 0
97 1245 2254 500 0 0 0 0 17 159 1065 1749 932 174 0 0 287 1045 1393 1001 367 3 0 0
441 2348 1299 8 0 0 0 0 6 1504 1212 1069 305 0 0 0 1255 1616 913 292 20 0 0 0
827 2177 911 181 0 0 0 0 297 2129 609 654 398 9 0 0 1912 1122 577 461 24 0 0 0
266 2750 1067 13 0 0 0 0 30 1732 1329 948 57 0 0 0 1820 1740 449 87 0 0 0 0
0 294 3142 517 143 0 0 0 0 0 354 3133 405 189 15 0 114 2761 646 412 156 7 0 0
0 57 1877 2082 80 0 0 0 0 5 300 2788 965 38 0 0 203 1363 1292 1164 74 0 0 0
0 117 3446 502 31 0 0 0 0 0 111 3568 374 43 0 0 80 2603 1077 305 31 0 0 0
486 599 2866 145 0 0 0 0 235 407 420 2817 217 0 0 0 724 2563 809 0 0 0 0 0
3279 816 1 0 0 0 0 0 1225 2840 31 0 0 0 0 0 3099 992 5 0 0 0 0 0
2582 1252 23 24 152 63 0 0 814 2933 96 20 45 150 38 0 2463 1363 29 25 68 141 7 0
196 286 366 1120 1316 759 53 0 65 292 580 1118 1472 532 37 0 232 1089 1355 835 291 271 23 0
2008 803 120 196 371 303 135 160 839 1906 209 316 364 104 138 220 1220 1634 318 396 111 84 121 212
3316 780 0 0 0 0 0 0 1926 2163 7 0 0 0 0 0 1764 2311 21 0 0 0 0 0
3200 896 0 0 0 0 0 0 1666 2425 5 0 0 0 0 0 1725 2362 9 0 0 0 0 0
1345 2114 616 12 9 0 0 0 551 2141 937 450 12 5 0 0 692 3049 349 6 0 0 0 0
13 1045 2341 83 253 361 0 0 0 13 995 2399 73 345 271 0 263 2855 387 541 50 0 0 0
11 401 1300 1373 297 714 0 0 0 13 396 1091 1587 523 486 0 152 1388 1566 855 135 0 0 0
0 198 1473 1058 481 886 0 0 0 0 222 1107 1426 679 662 0 118 1331 1330 990 327 0 0 0
1 240 1640 782 460 973 0 0 0 24 737 1167 814 884 470 0 192 1405 954 1027 514 4 0 0
0 65 302 398 1155 2174 2 0 0 15 259 203 838 1472 1309 0 43 271 68 904 1524 406 877 3
0 88 500 411 747 2312 38 0 0 13 457 331 646 1533 1116 0 0 15 463 806 1604 467 741 0
466 906 184 232 796 1493 19 0 20 1185 252 205 452 1355 627 0 482 897 242 869 1016 525 65 0
356 500 618 1163 345 1114 0 0 0 651 247 592 1197 742 667 0 468 1126 1164 978 344 16 0 0
104 441 191 2238 266 855 1 0 1 436 145 184 2279 332 719 0 22 720 2329 411 614 0 0 0
698 1872 209 137 207 349 504 120 87 2255 410 145 154 308 728 9 668 2571 468 130 258 1 0 0
492 1844 245 221 304 360 548 82 79 2165 367 279 338 442 426 0 897 2720 465 13 1 0 0 0
378 990 242 2031 454 1 0 0 47 1192 154 676 2001 26 0 0 234 1691 2148 23 0 0 0 0
0 1 98 2752 1136 109 0 0 0 0 16 410 2742 908 20 0 0 91 2557 379 351 641 77 0
0 0 11 172 2254 1659 0 0 0 0 2 42 907 3068 77 0 0 0 0 18 428 2853 797 0
0 0 239 913 1317 1487 140 0 0 0 202 842 1370 1556 126 0 1 289 396 1074 934 838 564 0
1111 329 119 2529 8 0 0 0 686 683 120 117 2490 0 0 0 905 883 2191 94 23 0 0 0
2525 479 366 684 42 0 0 0 1846 1083 309 612 246 0 0 0 3606 487 3 0 0 0 0 0
1030 2140 566 340 20 0 0 0 227 2851 823 191 4 0 0 0 857 2882 299 58 0 0 0 0
67 1210 458 816 1169 371 5 0 0 767 687 483 1361 797 1 0 9 1060 1446 1071 510 0 0 0
0 0 11 2072 1154 742 117 0 0 0 53 1503 1933 536 71 0 0 671 2116 557 561 191 0 0
82 84 667 1109 723 832 599 0 6 127 678 1130 911 943 301 0 148 1127 888 595 845 493 0 0
1975 1337 561 212 11 0 0 0 582 2563 693 203 55 0 0 0 1081 2844 139 29 3 0 0 0
2773 1321 2 0 0 0 0 0 1414 2635 47 0 0 0 0 0 1258 2706 130 2 0 0 0 0
1189 1836 680 116 215 60 0 0 567 1758 862 429 212 149 119 0 981 1944 708 415 48 0 0 0
1665 1106 424 104 397 400 0 0 1167 787 1011 221 117 291 502 0 1835 1196 213 523 329 0 0 0
2030 396 388 283 326 673 0 0 1401 863 256 368 229 247 732 0 2043 675 359 664 355 0 0 0
1388 1125 340 158 328 757 0 0 1009 1212 335 277 178 336 749 0 2180 620 355 741 200 0 0 0
1189 1256 453 153 240 805 0 0 621 1540 330 370 213 292 730 0 1877 680 346 731 462 0 0 0
725 1398 772 134 199 868 0 0 517 1079 615 712 135 262 776 0 1618 948 488 656 386 0 0 0
41 137 1587 1147 253 931 0 0 1 75 230 2038 622 231 897 2 320 1551 663 637 911 14 0 0
0 123 1289 1202 496 956 30 0 0 19 382 1830 718 230 898 19 68 758 1601 707 847 115 0 0
0 100 2227 539 312 918 0 0 0 11 247 2314 391 232 901 0 49 1527 1282 473 765 0 0 0
288 284 2101 261 240 922 0 0 126 243 215 1998 370 235 909 0 430 1693 819 453 701 0 0 0
1989 743 99 112 192 961 0 0 599 2057 131 87 94 241 887 0 1977 836 135 496 650 2 0 0
1044 865 234 486 470 997 0 0 258 1578 147 295 478 747 593 0 1284 710 369 1264 407 62 0 0
0 120 456 548 925 1821 226 0 0 49 467 790 800 1669 321 0 70 716 606 1793 575 323 13 0
2340 341 358 516 176 329 36 0 1822 839 506 353 126 265 185 0 2120 1218 198 260 236 63 1 0
4058 38 0 0 0 0 0 0 3888 208 0 0 0 0 0 0 3744 352 0 0 0 0 0 0
4027 69 0 0 0 0 0 0 3600 496 0 0 0 0 0 0 3357 739 0 0 0 0 0 0
3671 397 12 12 4 0 0 0 2951 1111 15 7 11 1 0 0 3048 1023 17 8 0 0 0 0
106 799 2409 91 199 492 0 0 25 177 714 2439 90 360 291 0 282 2669 492 484 169 0 0 0
2 564 2978 203 150 199 0 0 0 6 719 2846 206 267 52 0 145 2762 848 297 44 0 0 0
1 1163 2793 113 26 0 0 0 0 10 1326 2627 113 20 0 0 199 3225 652 20 0 0 0 0
0 317 3037 162 560 20 0 0 0 0 199 3185 242 470 0 0 133 2801 470 121 320 251 0 0
0 92 799 2650 477 78 0 0 0 28 339 2400 1146 183 0 0 2 239 1231 1878 570 176 0 0
3 992 756 1772 571 2 0 0 0 535 966 1227 1321 47 0 0 3 708 980 1587 803 15 0 0
429 747 284 1907 729 0 0 0 26 908 344 1026 1700 92 0 0 348 800 1205 1264 477 2 0 0
68 159 740 3118 11 0 0 0 4 161 69 487 3237 138 0 0 121 641 3155 179 0 0 0 0
1 58 193 3693 151 0 0 0 0 44 31 154 3821 46 0 0 10 419 3620 47 0 0 0 0
810 1154 230 269 415 898 316 4 237 1744 261 268 711 782 93 0 948 1655 433 695 365 0 0 0
1021 1492 475 301 332 213 247 15 455 2035 541 322 332 283 128 0 1473 2266 330 27 0 0 0 0
17 93 128 2504 607 731 16 0 1 96 65 578 3252 104 0 0 25 566 2636 766 103 0 0 0
108 289 172 2282 701 523 21 0 14 305 169 130 2279 775 396 28 466 535 1951 270 280 446 148 0
167 517 293 424 929 1552 214 0 30 525 283 304 598 1020 1045 291 563 1026 375 174 336 753 858 11
0 5 27 1447 936 1562 119 0 0 8 31 763 2179 978 89 48 22 524 1572 945 595 301 137 0
46 66 244 3740 0 0 0 0 37 70 172 716 3101 0 0 0 105 924 3067 0 0 0 0 0
2395 633 538 523 7 0 0 0 1825 1043 437 572 218 1 0 0 3160 880 56 0 0 0 0 0
763 2327 284 193 215 217 97 0 77 2825 462 262 249 197 24 0 470 3514 112 0 0 0 0 0
0 182 417 1209 1166 700 422 0 0 58 490 372 2015 1069 92 0 157 2078 1752 108 1 0 0 0
0 1 396 2102 1430 167 0 0 0 0 39 1218 2295 537 7 0 3 1091 2056 795 151 0 0 0
279 1775 247 85 647 868 195 0 33 1405 802 84 507 947 318 0 281 1841 310 472 833 359 0 0
648 813 265 320 819 1231 0 0 202 1269 371 644 1443 167 0 0 681 1224 915 1269 7 0 0 0
3589 440 50 17 0 0 0 0 2507 1538 41 10 0 0 0 0 2736 1350 10 0 0 0 0 0
1431 1517 899 249 0 0 0 0 567 2049 492 770 218 0 0 0 1120 2598 324 50 4 0 0 0
1599 2213 284 0 0 0 0 0 1110 1192 1776 18 0 0 0 0 2675 1421 0 0 0 0 0 0
899 1897 1022 277 1 0 0 0 402 1191 1711 561 230 1 0 0 2248 1632 206 10 0 0 0 0
2027 1275 289 505 0 0 0 0 1054 1804 558 374 306 0 0 0 2862 1151 83 0 0 0 0 0
1832 1649 261 300 54 0 0 0 915 2444 214 250 247 26 0 0 3180 663 217 36 0 0 0 0
1252 2103 739 2 0 0 0 0 605 2472 557 462 0 0 0 0 2973 1080 43 0 0 0 0 0
1128 833 1742 229 54 110 0 0 708 771 520 1766 162 46 83 40 1489 2203 300 100 4 0 0 0
1472 294 529 1025 189 585 2 0 1118 536 182 974 524 183 537 42 2397 423 829 431 16 0 0 0
1244 442 1960 260 69 121 0 0 762 632 352 1946 221 69 114 0 1442 1818 693 143 0 0 0 0
1440 640 2000 16 0 0 0 0 845 822 416 1934 79 0 0 0 1478 2180 438 0 0 0 0 0
3605 491 0 0 0 0 0 0 1720 2376 0 0 0 0 0 0 3634 462 0 0 0 0 0 0
2412 932 55 220 340 137 0 0 300 2998 73 84 235 392 14 0 2435 916 57 215 201 249 23 0
16 64 590 448 1410 974 584 10 2 45 439 432 678 1659 227 614 184 866 570 397 519 1384 176 0
296 372 842 2183 183 137 83 0 223 557 1468 1410 176 131 101 30 835 2720 254 73 102 100 12 0
3965 131 0 0 0 0 0 0 3300 796 0 0 0 0 0 0 3396 700 0 0 0 0 0 0
3880 216 0 0 0 0 0 0 3029 1067 0 0 0 0 0 0 3033 1063 0 0 0 0 0 0
1958 620 466 994 58 0 0 0 1768 823 1137 368 0 0 0 0 2071 1890 135 0 0 0 0 0
747 1550 1786 12 1 0 0 0 269 685 1315 1819 8 0 0 0 1001 2946 149 0 0 0 0 0
522 2020 1515 39 0 0 0 0 139 825 1737 1348 47 0 0 0 977 2848 271 0 0 0 0 0
178 2353 1563 2 0 0 0 0 0 685 2132 1267 12 0 0 0 726 3114 256 0 0 0 0 0
59 1505 1729 795 8 0 0 0 0 373 1608 2106 9 0 0 0 567 3322 199 5 3 0 0 0
40 260 1236 1830 707 23 0 0 27 104 1087 2065 557 256 0 0 539 1873 1052 351 243 38 0 0
107 381 180 2073 977 279 99 0 13 449 83 1394 1419 552 169 17 836 623 674 1416 543 4 0 0
157 647 850 2207 211 24 0 0 3 415 604 1334 1649 91 0 0 510 907 2062 592 25 0 0 0
146 688 1274 1986 2 0 0 0 1 321 595 1050 2114 15 0 0 230 1102 2643 121 0 0 0 0
467 184 347 3096 2 0 0 0 150 428 94 312 3104 8 0 0 328 575 3147 46 0 0 0 0
418 1207 247 946 623 642 13 0 110 1522 270 525 1511 158 0 0 259 1548 1386 839 64 0 0 0
1353 2705 17 17 4 0 0 0 383 3645 46 15 7 0 0 0 447 3527 122 0 0 0 0 0
187 292 470 2254 534 359 0 0 96 307 278 962 2451 2 0 0 206 963 2395 528 4 0 0 0
1347 1482 108 1159 0 0 0 0 431 2316 124 106 1119 0 0 0 845 2083 1158 10 0 0 0 0
1381 1035 188 634 526 317 15 0 731 1639 457 666 521 53 29 0 1054 1728 588 625 74 19 8 0
972 838 469 1475 196 144 2 0 328 1467 279 481 1478 59 4 0 950 1471 1389 169 97 18 2 0
212 113 215 3556 0 0 0 0 68 189 101 297 3441 0 0 0 198 589 3284 25 0 0 0 0
3232 372 307 185 0 0 0 0 2885 726 322 162 1 0 0 0 3215 759 122 0 0 0 0 0
47 759 668 897 1725 0 0 0 11 891 986 2122 86 0 0 0 81 1943 2012 60 0 0 0 0
0 73 208 974 2222 618 1 0 0 13 230 1275 1987 526 65 0 371 1193 1651 728 147 6 0 0
0 48 349 1379 1572 745 3 0 0 20 113 1096 1477 1275 115 0 19 831 1013 1223 976 34 0 0
15 295 260 1237 1968 321 0 0 1 182 269 712 2425 507 0 0 60 705 2232 746 353 0 0 0
1007 586 224 540 1101 638 0 0 422 1128 285 966 1287 8 0 0 1298 946 1164 688 0 0 0 0
1793 1116 52 123 486 160 366 0 607 2264 69 64 293 335 145 319 2063 2023 10 0 0 0 0 0
306 828 933 1240 241 127 420 1 15 808 372 608 1235 413 237 408 320 2008 1307 256 108 75 22 0
26 929 1518 1606 17 0 0 0 0 76 848 1230 1603 339 0 0 519 2852 568 107 44 6 0 0
74 666 1666 1432 249 9 0 0 0 62 658 1226 1208 695 192 55 576 1882 1038 265 150 161 24 0
92 797 1790 1269 119 29 0 0 2 190 874 1101 1308 505 81 35 930 2190 700 87 104 62 23 0
205 852 1620 1388 31 0 0 0 7 432 703 1292 1493 169 0 0 1151 2591 324 29 1 0 0 0
257 661 1581 1580 17 0 0 0 22 514 490 1196 1658 216 0 0 1203 2780 100 13 0 0 0 0
1156 584 1160 1077 119 0 0 0 461 806 494 920 1111 304 0 0 1483 2499 114 0 0 0 0 0
3638 156 142 155 5 0 0 0 3097 669 142 52 125 11 0 0 3570 517 9 0 0 0 0 0
1399 702 773 1212 10 0 0 0 944 738 528 791 1035 60 0 0 1787 2110 169 30 0 0 0 0
69 669 1010 2316 32 0 0 0 17 101 438 968 2518 54 0 0 740 3325 31 0 0 0 0 0
545 583 1350 1612 6 0 0 0 75 623 350 1116 1931 1 0 0 1531 2562 3 0 0 0 0 0
990 814 900 1388 4 0 0 0 162 1407 233 798 1496 0 0 0 1763 2309 24 0 0 0 0 0
604 3378 51 24 9 20 10 0 40 3785 194 24 16 14 19 4 315 3716 65 0 0 0 0 0
640 1024 785 1508 102 36 1 0 161 1432 1182 1107 84 86 44 0 1679 2291 118 8 0 0 0 0
2062 828 174 213 648 171 0 0 1018 1773 171 152 205 544 233 0 3100 993 3 0 0 0 0 0
2330 815 166 261 432 92 0 0 1286 1815 139 167 284 405 0 0 3192 903 1 0 0 0 0 0
636 590 949 1556 353 12 0 0 333 921 1498 1105 157 82 0 0 1228 2729 139 0 0 0 0 0
142 1304 1116 1530 4 0 0 0 0 436 1068 953 1639 0 0 0 993 2950 153 0 0 0 0 0
349 1510 560 1653 24 0 0 0 24 671 1197 534 1667 3 0 0 1020 2909 167 0 0 0 0 0
55 1286 665 2075 15 0 0 0 0 449 887 492 2258 10 0 0 774 3126 196 0 0 0 0 0
98 1010 592 2353 43 0 0 0 0 429 804 1449 1414 0 0 0 828 3128 140 0 0 0 0 0
2082 1057 382 528 47 0 0 0 1092 2038 441 454 71 0 0 0 2131 1883 82 0 0 0 0 0
2662 1434 0 0 0 0 0 0 1152 2941 3 0 0 0 0 0 1875 2221 0 0 0 0 0 0
1156 1138 772 1030 0 0 0 0 364 1430 593 753 942 14 0 0 1260 2627 201 8 0 0 0 0
161 988 1125 1819 3 0 0 0 15 579 663 949 1874 16 0 0 463 3412 221 0 0 0 0 0
539 630 959 1921 47 0 0 0 75 660 437 924 1947 53 0 0 532 3299 265 0 0 0 0 0
373 1220 579 932 407 473 112 0 85 1292 631 607 1126 355 0 0 348 2425 585 489 249 0 0 0
1333 1401 417 860 83 2 0 0 755 1916 538 571 316 0 0 0 1336 2484 244 28 4 0 0 0
506 561 956 1792 211 70 0 0 289 522 930 1130 1225 0 0 0 916 2444 660 76 0 0 0 0
2072 1302 365 349 8 0 0 0 654 2547 275 292 328 0 0 0 1319 2722 55 0 0 0 0 0
3022 773 210 91 0 0 0 0 2180 1620 185 109 2 0 0 0 2657 1298 112 29 0 0 0 0
1561 1337 665 533 0 0 0 0 547 2050 440 678 381 0 0 0 1238 2524 255 78 1 0 0 0
1159 762 1042 1131 2 0 0 0 624 758 686 984 1043 1 0 0 1426 2501 169 0 0 0 0 0
405 727 1934 1028 2 0 0 0 193 508 1639 1528 228 0 0 0 895 3017 184 0 0 0 0 0
1437 968 722 606 363 0 0 0 1056 1679 845 514 2 0 0 0 1451 2289 355 1 0 0 0 0
92 315 495 1112 1953 129 0 0 80 462 907 2228 419 0 0 0 461 1374 1907 354 0 0 0 0
164 1665 1047 988 232 0 0 0 17 1704 1407 877 91 0 0 0 144 2296 1576 78 2 0 0 0
8 354 172 683 2505 374 0 0 0 330 148 1611 1824 183 0 0 73 719 2089 1138 77 0 0 0
1769 848 306 923 250 0 0 0 761 1625 237 231 652 590 0 0 1912 1741 439 4 0 0 0 0
2272 1493 58 53 107 85 28 0 916 2756 133 32 62 93 82 22 1769 2260 67 0 0 0 0 0
868 1539 192 534 963 0 0 0 303 1849 350 123 170 1288 13 0 582 2064 1415 35 0 0 0 0
0 0 0 1029 3067 0 0 0 0 0 0 0 46 4013 37 0 0 1282 2813 1 0 0 0 0
2 42 80 788 3184 0 0 0 0 5 50 73 126 3818 24 0 48 1635 2413 0 0 0 0 0
0 337 123 731 2905 0 0 0 0 71 314 75 141 3484 11 0 189 1757 2148 2 0 0 0 0
6 566 141 765 2618 0 0 0 0 193 410 128 334 3030 1 0 382 2603 1111 0 0 0 0 0
22 518 163 1004 2389 0 0 0 0 240 355 131 461 2908 1 0 450 2593 1053 0 0 0 0 0
0 412 270 559 2851 4 0 0 0 0 496 184 425 2983 8 0 238 3083 775 0 0 0 0 0
0 133 526 1948 1478 11 0 0 0 1 1070 1139 524 1361 1 0 734 2592 770 0 0 0 0 0
0 137 439 2149 1371 0 0 0 0 1 747 1639 404 1305 0 0 485 3180 430 1 0 0 0 0
2 329 352 709 2703 1 0 0 0 19 286 374 663 2753 1 0 222 3304 570 0 0 0 0 0
213 404 143 1138 2198 0 0 0 1 471 167 140 1423 1894 0 0 586 3436 74 0 0 0 0 0
226 660 190 876 2142 2 0 0 14 747 207 202 1445 1481 0 0 615 2916 563 2 0 0 0 0
363 1653 189 874 1009 8 0 0 51 1898 485 1101 434 127 0 0 687 3002 406 1 0 0 0 0
1271 1784 436 480 125 0 0 0 305 2706 541 511 33 0 0 0 1872 1973 250 1 0 0 0 0
2146 1950 0 0 0 0 0 0 621 3475 0 0 0 0 0 0 2229 1867 0 0 0 0 0 0
2386 1710 0 0 0 0 0 0 968 3128 0 0 0 0 0 0 2628 1467 1 0 0 0 0 0
240 1345 708 1301 502 0 0 0 47 1521 923 713 809 83 0 0 690 3163 243 0 0 0 0 0
0 0 61 2435 1564 36 0 0 0 0 0 102 3253 705 36 0 96 3166 777 57 0 0 0 0
0 0 0 2065 1994 37 0 0 0 0 0 0 2942 1135 19 0 19 3204 773 100 0 0 0 0
0 0 0 2272 1824 0 0 0 0 0 0 0 3398 698 0 0 21 3622 453 0 0 0 0 0
0 111 183 2469 1333 0 0 0 0 117 203 333 3088 355 0 0 125 3542 421 8 0 0 0 0
1952 1221 300 538 85 0 0 0 800 2321 253 241 467 14 0 0 2057 1898 129 12 0 0 0 0
3398 698 0 0 0 0 0 0 2246 1850 0 0 0 0 0 0 2789 1307 0 0 0 0 0 0
1474 469 147 1887 119 0 0 0 769 1139 79 266 1837 6 0 0 1753 2271 72 0 0 0 0 0
0 0 25 3083 988 0 0 0 0 0 0 98 3773 225 0 0 97 3633 366 0 0 0 0 0
0 0 16 2305 1775 0 0 0 0 0 0 41 3744 311 0 0 18 3218 860 0 0 0 0 0
0 0 0 1510 2403 182 1 0 0 0 4 1548 2404 140 0 0 7 1779 2098 202 10 0 0 0
0 0 105 3107 884 0 0 0 0 1 673 1067 2202 153 0 0 379 3186 531 0 0 0 0 0
0 0 175 3011 910 0 0 0 0 1 399 432 3131 133 0 0 254 3410 432 0 0 0 0 0
65 110 301 3031 589 0 0 0 29 154 1193 963 1711 46 0 0 443 3513 140 0 0 0 0 0
35 56 564 3081 360 0 0 0 28 64 1316 732 1938 18 0 0 475 3168 453 0 0 0 0 0
0 2 248 3763 83 0 0 0 0 9 1270 1240 1577 0 0 0 286 3669 141 0 0 0 0 0
0 0 63 3976 57 0 0 0 0 0 0 425 3669 2 0 0 29 3708 359 0 0 0 0 0
27 223 861 2956 29 0 0 0 5 78 347 1473 2171 22 0 0 159 3177 696 63 1 0 0 0
2989 1107 0 0 0 0 0 0 1366 2730 0 0 0 0 0 0 2085 2011 0 0 0 0 0 0
1738 1724 463 171 0 0 0 0 955 2663 468 10 0 0 0 0 1762 2281 53 0 0 0 0 0
266 495 1159 2154 22 0 0 0 145 866 2370 715 0 0 0 0 385 1978 1721 12 0 0 0 0
1484 1213 588 565 246 0 0 0 520 2076 810 339 239 112 0 0 1206 2271 524 95 0 0 0 0
3888 208 0 0 0 0 0 0 2930 1160 6 0 0 0 0 0 3528 568 0 0 0 0 0 0
3269 827 0 0 0 0 0 0 1840 2256 0 0 0 0 0 0 2219 1877 0 0 0 0 0 0
2201 1024 99 115 645 12 0 0 1435 1606 244 86 128 586 11 0 1829 1521 646 100 0 0 0 0
19 628 153 189 2994 113 0 0 0 128 537 136 162 2922 211 0 243 1324 2528 1 0 0 0 0
10 474 146 91 3151 224 0 0 0 62 464 101 84 3007 378 0 186 1049 2861 0 0 0 0 0
5 129 84 76 3655 147 0 0 0 0 131 74 74 3610 207 0 129 1349 2618 0 0 0 0 0
0 0 5 35 3899 157 0 0 0 0 0 5 24 3940 127 0 5 1769 2317 5 0 0 0 0
0 0 0 0 3937 159 0 0 0 0 0 0 0 3903 193 0 0 1280 2749 67 0 0 0 0
0 0 0 0 3909 187 0 0 0 0 0 0 0 3907 189 0 0 1091 2931 74 0 0 0 0
0 0 0 796 2697 595 8 0 0 0 1 733 165 2787 404 6 194 1177 1966 252 371 135 1 0
0 0 12 696 2863 514 11 0 0 0 3 696 152 3037 206 2 94 1369 1846 332 394 61 0 0
0 0 0 0 3778 272 46 0 0 0 0 0 2 3819 237 38 0 1626 2152 76 108 109 25 0
0 0 0 9 4012 75 0 0 0 0 0 0 25 4059 12 0 1 2391 1688 16 0 0 0 0
0 0 0 6 3034 1056 0 0 0 0 0 50 1357 2684 5 0 0 519 3353 224 0 0 0 0
0 0 0 302 2991 803 0 0 0 0 16 979 999 2090 12 0 15 1241 2440 400 0 0 0 0
826 2098 147 188 717 120 0 0 55 2835 201 540 428 37 0 0 1687 1815 593 1 0 0 0 0
1581 2515 0 0 0 0 0 0 301 3790 5 0 0 0 0 0 2129 1967 0 0 0 0 0 0
1878 2218 0 0 0 0 0 0 500 3593 3 0 0 0 0 0 2633 1463 0 0 0 0 0 0
155 1845 355 467 1219 55 0 0 8 1985 413 251 787 652 0 0 732 2704 621 39 0 0 0 0
0 0 52 429 2473 887 255 0 0 0 7 90 1148 2215 532 104 76 1704 1373 430 370 143 0 0
0 0 0 282 2983 767 64 0 0 0 0 23 1036 2780 257 0 17 1658 1800 400 174 47 0 0
0 0 0 480 3117 499 0 0 0 0 0 25 1429 2640 2 0 19 2238 1837 2 0 0 0 0
0 0 0 588 2981 527 0 0 0 0 0 8 1471 2616 1 0 26 2418 1645 7 0 0 0 0
787 521 269 995 1114 410 0 0 342 905 269 852 624 1104 0 0 1118 1545 1399 34 0 0 0 0
1263 479 156 1392 792 14 0 0 797 942 290 1842 225 0 0 0 1381 1868 811 36 0 0 0 0
395 201 102 722 2448 228 0 0 195 372 52 420 1776 1281 0 0 637 2182 1249 28 0 0 0 0
0 0 8 486 2829 773 0 0 0 0 0 8 1466 2622 0 0 56 2073 1927 40 0 0 0 0
0 0 0 262 2852 982 0 0 0 0 0 2 1065 3026 3 0 3 1072 2969 52 0 0 0 0
0 0 0 730 2605 516 245 0 0 0 0 1149 1137 1530 201 79 25 1264 2327 164 66 68 176 6
0 0 19 913 2592 572 0 0 0 0 38 605 1142 2266 45 0 82 1477 2050 296 191 0 0 0
0 1 23 537 3048 487 0 0 0 0 55 256 1837 1948 0 0 38 1426 2384 205 41 2 0 0
0 0 46 1787 1975 288 0 0 0 0 465 1195 1306 1130 0 0 178 2291 1594 33 0 0 0 0
0 0 115 1884 1822 275 0 0 0 0 526 742 1934 894 0 0 205 2329 1535 27 0 0 0 0
0 0 88 2437 1512 59 0 0 0 0 554 2337 968 237 0 0 178 2790 1124 4 0 0 0 0
0 0 0 1490 2512 94 0 0 0 0 0 82 3235 779 0 0 6 2150 1922 18 0 0 0 0
75 101 131 1640 1983 166 0 0 19 112 80 515 2911 459 0 0 250 2254 1589 3 0 0 0 0
2331 1765 0 0 0 0 0 0 421 3673 2 0 0 0 0 0 1156 2935 5 0 0 0 0 0
2168 1756 153 19 0 0 0 0 982 2893 139 74 8 0 0 0 2076 1994 26 0 0 0 0 0
719 809 1336 197 934 101 0 0 357 1271 1234 184 79 861 110 0 1651 1409 879 157 0 0 0 0
853 751 579 1288 614 11 0 0 328 1149 595 1420 85 462 57 0 1093 2196 765 42 0 0 0 0
2854 644 289 308 1 0 0 0 2046 1471 495 74 10 0 0 0 2945 1132 19 0 0 0 0 0
3117 842 67 58 12 0 0 0 1974 1998 68 44 11 1 0 0 2535 1549 12 0 0 0 0 0
1808 763 81 103 794 547 0 0 964 1561 97 77 104 1170 123 0 1660 1068 1241 127 0 0 0 0
0 0 0 0 2753 1343 0 0 0 0 0 0 0 3633 463 0 0 152 3828 116 0 0 0 0
0 0 0 0 2368 1728 0 0 0 0 0 0 0 3488 608 0 0 222 3784 90 0 0 0 0
0 0 0 0 2042 2054 0 0 0 0 0 0 0 3396 700 0 0 248 3696 152 0 0 0 0
0 0 0 0 1901 2195 0 0 0 0 0 0 0 3537 559 0 0 204 3775 117 0 0 0 0
0 0 0 0 2166 1930 0 0 0 0 0 0 1 3812 283 0 0 758 3299 39 0 0 0 0
0 0 0 0 2660 1430 6 0 0 0 0 0 5 3806 285 0 0 1010 2831 255 0 0 0 0
0 50 49 162 1561 2109 165 0 0 17 56 56 257 2552 1079 79 22 379 2134 1155 148 161 97 0
0 0 3 90 1440 2406 157 0 0 0 0 10 180 2568 1338 0 0 342 2182 1470 102 0 0 0
0 13 50 116 827 2833 257 0 0 0 26 62 169 2342 1423 74 12 212 2085 1424 144 173 46 0
0 0 0 0 2312 1784 0 0 0 0 0 0 0 3777 319 0 0 405 3216 475 0 0 0 0
0 0 0 0 1435 2162 440 59 0 0 0 71 878 2102 855 190 0 111 2102 1273 115 119 292 84
0 0 0 25 566 2511 990 4 0 0 0 63 558 1166 2280 29 4 130 523 2175 1057 105 96 6
147 1774 133 541 693 554 231 23 5 1837 205 577 817 305 284 66 534 1857 685 402 190 154 227 47
549 2343 122 563 178 290 51 0 44 2801 196 634 73 278 70 0 1385 2151 271 284 5 0 0 0
727 2244 138 592 247 115 33 0 107 2808 201 759 66 88 67 0 1944 1636 382 134 0 0 0 0
11 1469 188 59 226 1861 282 0 1 1166 488 49 75 1531 786 0 439 1231 780 1646 0 0 0 0
0 0 0 0 99 2682 1315 0 0 0 0 0 0 1985 2111 0 0 0 1065 3004 27 0 0 0
0 0 0 0 33 2537 1526 0 0 0 0 0 0 1753 2343 0 0 2 803 3243 48 0 0 0
0 0 0 0 32 2516 1548 0 0 0 0 0 0 1791 2305 0 0 0 1065 3011 20 0 0 0
0 0 0 0 8 3069 1019 0 0 0 0 0 0 2131 1965 0 0 1 1046 3044 5 0 0 0
0 0 2 319 134 3040 601 0 0 0 16 316 101 2901 762 0 1 265 1023 2795 12 0 0 0
0 0 7 1747 1731 611 0 0 0 0 137 2154 1696 109 0 0 22 1560 1666 824 24 0 0 0
0 0 0 225 985 2641 245 0 0 0 0 886 422 2490 298 0 0 363 1631 2102 0 0 0 0
0 0 0 0 63 3489 544 0 0 0 0 0 16 3225 855 0 0 6 871 3212 7 0 0 0
0 0 0 106 822 2683 485 0 0 0 0 11 514 2755 816 0 0 294 1070 2729 3 0 0 0
0 41 123 471 1212 1733 515 1 0 11 113 214 942 1961 820 35 35 699 703 1399 430 640 184 6
0 0 70 967 686 2290 83 0 0 0 0 251 1198 2473 174 0 9 936 844 2223 47 37 0 0
0 14 42 71 425 3192 351 1 0 4 50 48 326 3181 479 8 3 89 628 2542 371 366 97 0
0 12 32 740 493 2679 140 0 0 3 96 724 379 2682 201 11 29 586 1031 2225 40 44 140 1
0 0 6 767 514 2652 157 0 0 0 198 606 298 2739 255 0 59 720 1511 1492 63 82 157 12
0 0 4 883 1285 1852 72 0 0 0 34 1683 358 1858 163 0 13 1104 1697 1065 68 76 73 0
0 0 0 12 318 3766 0 0 0 0 0 1 183 3910 2 0 0 28 1829 2239 0 0 0 0
0 0 0 48 844 3204 0 0 0 0 0 29 594 3473 0 0 0 39 1883 2174 0 0 0 0
1695 1922 280 198 1 0 0 0 364 3211 322 196 3 0 0 0 1384 2672 40 0 0 0 0 0
2041 1259 190 560 46 0 0 0 1217 2067 419 393 0 0 0 0 2097 1903 96 0 0 0 0 0
4 189 1329 371 1108 1095 0 0 0 192 1360 237 232 2042 33 0 585 1224 2088 197 2 0 0 0
0 0 200 2395 749 752 0 0 0 0 256 2211 197 1403 29 0 374 2242 1414 66 0 0 0 0
3 10 756 2022 862 443 0 0 0 6 905 1988 815 382 0 0 365 2280 1024 426 1 0 0 0
23 119 503 1217 1232 996 6 0 10 141 767 1518 1369 290 1 0 306 1045 1133 1183 429 0 0 0
0 0 34 168 268 3619 7 0 0 0 0 144 240 2459 1253 0 0 122 2769 1198 7 0 0 0
0 0 34 125 154 3756 27 0 0 0 1 104 127 1382 2482 0 0 72 2289 1735 0 0 0 0
0 0 0 0 9 3349 738 0 0 0 0 0 0 807 3289 0 0 0 1248 2836 12 0 0 0
0 0 0 0 0 2235 1861 0 0 0 0 0 0 648 3448 0 0 0 924 3127 45 0 0 0
0 0 0 0 0 2046 2050 0 0 0 0 0 0 418 3678 0 0 0 629 3228 239 0 0 0
0 0 0 0 0 1477 2619 0 0 0 0 0 0 306 3789 1 0 0 257 3264 575 0 0 0
0 0 0 0 0 1065 3031 0 0 0 0 0 0 66 4030 0 0 0 34 3107 955 0 0 0
0 0 0 0 0 457 3639 0 0 0 0 0 0 31 4065 0 0 0 36 3061 999 0 0 0
0 0 0 0 0 301 3795 0 0 0 0 0 0 23 4072 1 0 0 68 3412 616 0 0 0
0 0 0 0 0 318 3778 0 0 0 0 0 0 57 4038 1 0 0 15 3756 325 0 0 0
0 0 0 0 61 691 3344 0 0 0 0 0 0 220 3876 0 0 0 103 3417 576 0 0 0
0 0 0 20 630 932 2499 15 0 0 0 10 61 1089 2775 161 0 1 580 1364 1689 241 149 72
0 0 27 63 545 1010 2421 30 0 0 23 62 106 1292 2447 166 0 29 296 1242 2150 122 194 63
0 0 6 381 2407 544 758 0 0 0 5 369 2299 606 816 1 0 324 2307 920 508 30 7 0
0 0 21 733 1007 1439 892 4 0 0 13 1104 657 1198 992 132 3 640 1107 1837 101 96 276 36
0 0 0 984 2255 749 108 0 0 0 0 2039 1219 619 219 0 4 1233 2019 840 0 0 0 0
0 0 0 0 0 2627 1469 0 0 0 0 0 0 2360 1736 0 0 0 19 4067 10 0 0 0
0 0 0 0 0 2107 1989 0 0 0 0 0 0 1761 2335 0 0 0 3 4077 16 0 0 0
0 0 0 0 0 1606 2490 0 0 0 0 0 0 1033 3063 0 0 0 20 3930 146 0 0 0
0 0 0 0 0 966 3130 0 0 0 0 0 0 510 3586 0 0 0 0 3969 127 0 0 0
0 0 0 0 0 1391 2705 0 0 0 0 0 0 672 3424 0 0 0 13 3978 105 0 0 0
0 0 0 15 96 2263 1722 0 0 0 0 29 84 1991 1992 0 0 32 133 3833 98 0 0 0
0 0 4 767 1821 1426 78 0 0 0 26 1836 440 1500 294 0 8 1384 904 1344 456 0 0 0
0 0 1 201 551 2760 583 0 0 0 0 475 104 2616 901 0 0 240 437 2839 553 27 0 0
0 0 0 0 0 3078 1018 0 0 0 0 0 0 2934 1162 0 0 0 331 3747 18 0 0 0
0 0 0 0 0 2628 1468 0 0 0 0 0 0 2375 1721 0 0 0 117 3935 44 0 0 0
0 0 0 0 0 2103 1993 0 0 0 0 0 0 1970 2126 0 0 0 31 3670 395 0 0 0
0 0 0 0 0 3187 909 0 0 0 0 0 0 3152 944 0 0 0 293 3793 10 0 0 0
0 0 17 41 484 3377 177 0 0 0 21 23 377 3471 204 0 0 211 631 3252 2 0 0 0
0 492 909 697 602 1392 4 0 0 283 905 711 687 1497 13 0 21 803 1403 1673 156 40 0 0
2 595 666 1187 526 1120 0 0 0 342 748 452 1401 1153 0 0 152 1768 1111 1004 42 17 2 0
30 842 1313 810 487 538 76 0 3 537 1341 814 824 479 98 0 156 1281 1637 729 139 60 92 2
0 0 0 13 125 3956 2 0 0 0 0 7 98 3987 4 0 0 14 959 3123 0 0 0 0
0 0 0 0 323 3773 0 0 0 0 0 0 618 3478 0 0 0 0 1514 2582 0 0 0 0
0 0 122 3102 804 67 1 0 0 0 536 3305 194 61 0 0 123 2773 1096 103 1 0 0 0
0 8 192 2500 1396 0 0 0 0 6 521 3532 37 0 0 0 74 2584 1428 10 0 0 0 0
0 295 642 432 484 2240 3 0 0 143 914 366 338 2204 131 0 220 872 1835 1150 19 0 0 0
0 0 32 399 128 3322 215 0 0 0 113 292 80 2552 1059 0 87 413 1232 2361 3 0 0 0
0 176 663 2270 940 47 0 0 0 12 974 2723 368 17 2 0 148 2380 1387 174 7 0 0 0
0 0 11 429 2079 941 614 22 0 0 31 1439 1815 152 454 205 7 300 1351 1599 111 149 420 159
0 0 0 0 130 1379 2587 0 0 0 0 19 339 510 3228 0 0 0 103 3258 547 103 85 0
0 0 22 57 43 801 3173 0 0 0 1 53 37 186 3819 0 0 43 67 3413 573 0 0 0
0 0 41 155 165 503 3232 0 0 0 4 138 150 291 3513 0 5 106 210 3394 381 0 0 0
0 0 91 136 134 501 3234 0 0 0 26 155 114 331 3470 0 13 119 168 2974 822 0 0 0
0 0 75 148 132 406 3335 0 0 0 32 154 135 229 3546 0 3 134 172 2210 1577 0 0 0
0 0 63 152 127 392 3362 0 0 0 13 171 118 262 3532 0 13 114 173 1879 1917 0 0 0
0 0 55 153 144 413 3331 0 0 0 6 168 136 257 3529 0 2 109 191 2143 1651 0 0 0
0 0 41 146 152 322 3435 0 0 0 5 162 131 245 3553 0 0 105 177 2497 1317 0 0 0
0 0 62 165 145 387 3337 0 0 0 23 164 141 284 3484 0 5 133 198 2490 1270 0 0 0
0 0 51 148 115 271 3511 0 0 0 10 161 112 246 3567 0 2 104 169 2046 1775 0 0 0
0 0 0 0 9 85 4002 0 0 0 0 0 8 87 4001 0 0 0 9 1794 2293 0 0 0
0 0 0 0 123 391 3582 0 0 0 0 0 0 507 3589 0 0 5 313 1891 1887 0 0 0
0 0 0 0 300 789 3007 0 0 0 0 0 54 891 3150 1 0 21 278 1083 2712 2 0 0
0 0 0 49 2528 629 890 0 0 0 0 1 2478 969 648 0 0 206 2262 1384 244 0 0 0
0 41 626 331 1208 1406 482 2 0 5 481 543 1716 923 417 11 20 445 1491 1969 95 23 44 9
0 0 0 562 2880 447 207 0 0 0 0 2785 678 448 185 0 15 2028 1478 562 13 0 0 0
0 0 0 0 0 2002 2094 0 0 0 0 0 0 2229 1867 0 0 0 3 3921 172 0 0 0
0 0 0 0 0 1491 2605 0 0 0 0 0 0 1588 2508 0 0 0 21 3984 91 0 0 0
0 0 0 0 0 1775 2321 0 0 0 0 0 0 1380 2716 0 0 0 4 3974 118 0 0 0
0 0 0 0 296 2116 1684 0 0 0 0 0 15 2006 2075 0 0 211 371 3467 47 0 0 0
0 0 3 115 1571 1624 783 0 0 0 0 6 670 2184 1236 0 0 1057 718 2208 83 30 0 0
0 95 299 460 846 1833 563 0 0 29 226 297 719 1484 1324 17 17 464 638 2124 431 377 45 0
0 222 811 522 769 1561 211 0 0 40 608 781 485 1738 434 10 117 686 646 1158 991 410 88 0
0 228 450 342 353 2449 274 0 0 120 439 323 335 2395 483 1 67 457 688 2379 316 160 29 0
0 0 0 0 0 3916 180 0 0 0 0 0 0 3860 236 0 0 0 309 3786 1 0 0 0
0 0 0 0 0 3847 249 0 0 0 0 0 0 3688 408 0 0 0 384 3712 0 0 0 0
0 0 0 0 0 3596 500 0 0 0 0 0 1 3794 301 0 0 0 173 3922 1 0 0 0
0 0 0 0 0 3952 144 0 0 0 0 0 2 4010 84 0 0 0 429 3663 4 0 0 0
0 0 0 0 1 4052 43 0 0 0 0 0 1 4071 24 0 0 0 911 3184 1 0 0 0
0 0 0 0 2 4083 11 0 0 0 0 0 8 4087 1 0 0 0 945 3151 0 0 0 0
0 0 0 0 37 4052 7 0 0 0 0 0 160 3933 3 0 0 0 1443 2651 2 0 0 0
0 0 0 0 113 3980 3 0 0 0 0 0 326 3770 0 0 0 0 1562 2534 0 0 0 0
0 0 0 0 122 3974 0 0 0 0 0 0 367 3729 0 0 0 3 2320 1773 0 0 0 0
0 0 0 0 362 3734 0 0 0 0 0 0 575 3521 0 0 0 1 2764 1331 0 0 0 0
0 0 17 944 1906 1213 16 0 0 0 14 1987 605 1382 108 0 98 727 1945 1265 61 0 0 0
0 73 323 1883 1478 337 2 0 0 28 468 2935 363 302 0 0 87 1810 1762 437 0 0 0 0
148 1416 446 161 185 1735 5 0 11 1195 733 196 162 1772 27 0 494 1411 667 1522 2 0 0 0
0 149 235 150 360 3165 37 0 0 48 246 192 201 3245 164 0 10 260 699 3115 12 0 0 0
20 884 767 205 257 1743 220 0 0 361 1130 326 238 1714 327 0 189 1369 707 1822 9 0 0 0
0 138 392 482 873 1289 907 15 0 19 348 462 553 1475 956 283 4 351 595 1074 773 417 612 270
0 32 188 217 613 2066 980 0 0 16 179 188 482 1956 1118 157 0 150 195 1748 1294 315 297 97
0 0 0 0 0 1323 2773 0 0 0 0 0 0 1164 2932 0 0 0 0 3859 237 0 0 0
0 0 0 0 0 708 3388 0 0 0 0 0 0 463 3633 0 0 0 1 3885 210 0 0 0
0 0 0 0 0 277 3819 0 0 0 0 0 0 190 3906 0 0 0 0 3338 758 0 0 0
0 0 0 0 0 244 3852 0 0 0 0 0 0 157 3939 0 0 0 0 2595 1501 0 0 0
0 0 0 0 0 139 3957 0 0 0 0 0 0 112 3984 0 0 0 0 2005 2091 0 0 0
0 0 0 0 0 43 4053 0 0 0 0 0 0 33 4063 0 0 0 0 2103 1993 0 0 0
0 0 0 0 0 5 4091 0 0 0 0 0 0 5 4091 0 0 0 0 2354 1742 0 0 0
0 0 0 0 0 15 4081 0 0 0 0 0 0 6 4090 0 0 0 0 1962 2134 0 0 0
0 1 10 25 43 144 3873 0 0 0 4 24 25 85 3958 0 3 22 54 2098 1919 0 0 0
0 0 42 189 137 342 3386 0 0 0 11 198 137 308 3442 0 0 99 227 1962 1808 0 0 0
0 0 2 206 164 392 3332 0 0 0 0 173 167 410 3346 0 0 58 284 1252 2502 0 0 0
0 0 9 204 183 359 3341 0 0 0 5 157 207 388 3339 0 0 58 268 1694 2076 0 0 0
0 0 15 159 1290 619 1988 25 0 0 4 138 1320 576 1956 102 0 180 1224 1720 492 289 165 26
0 0 47 195 651 1239 1922 42 0 0 20 199 807 1155 1820 95 0 73 563 2669 441 130 191 29
0 0 17 562 1830 1265 422 0 0 0 10 1482 909 1099 596 0 5 1161 1308 1183 439 0 0 0
0 0 53 247 245 1748 1803 0 0 0 19 253 210 2008 1606 0 9 214 428 3426 19 0 0 0
0 0 75 189 139 2379 1314 0 0 0 14 216 171 2412 1283 0 3 171 282 3613 27 0 0 0
0 0 0 12 21 2097 1966 0 0 0 0 12 24 2297 1763 0 0 3 213 3864 16 0 0 0
0 0 0 0 27 2070 1999 0 0 0 0 0 2 2030 2064 0 0 0 244 3849 3 0 0 0
0 1 62 55 151 2294 1533 0 0 0 33 64 71 2615 1313 0 6 106 513 3450 20 1 0 0
0 54 238 195 389 1487 1733 0 0 32 217 202 279 2093 1273 0 31 233 425 3073 272 61 1 0
0 77 143 133 244 1745 1754 0 0 27 149 148 238 2472 1062 0 16 164 331 3367 201 17 0 0
0 0 0 0 32 3281 783 0 0 0 0 0 43 3576 477 0 0 0 568 3526 2 0 0 0
0 0 0 0 0 3902 194 0 0 0 0 0 1 3872 223 0 0 0 764 3332 0 0 0 0
0 0 0 0 1 3989 106 0 0 0 0 0 3 3964 129 0 0 3 870 3223 0 0 0 0
0 0 0 0 3 3989 104 0 0 0 0 0 13 4021 62 0 0 0 1512 2584 0 0 0 0
0 0 0 0 0 4067 29 0 0 0 0 0 6 4088 2 0 0 0 1442 2654 0 0 0 0
0 0 0 0 4 4090 2 0 0 0 0 0 33 4063 0 0 0 0 1625 2471 0 0 0 0
0 0 0 0 3 4090 3 0 0 0 0 0 20 4076 0 0 0 0 1203 2893 0 0 0 0
0 0 0 0 7 4087 2 0 0 0 0 0 25 4071 0 0 0 0 1186 2910 0 0 0 0
0 0 0 0 8 4083 5 0 0 0 0 0 44 4051 1 0 0 0 1543 2553 0 0 0 0
0 0 0 0 7 4089 0 0 0 0 0 0 56 4040 0 0 0 0 1801 2295 0 0 0 0
0 0 0 0 119 3977 0 0 0 0 0 0 413 3683 0 0 0 0 2594 1502 0 0 0 0
0 0 0 58 2456 1515 67 0 0 0 0 458 1044 2416 178 0 0 240 2172 1654 30 0 0 0
0 0 12 543 1076 1524 869 72 0 0 18 661 497 1830 946 144 23 339 563 1195 758 485 592 141
0 0 0 12 707 2782 580 15 0 0 0 40 432 2513 1068 43 0 85 510 2421 317 460 283 20
0 0 0 16 1441 2239 400 0 0 0 15 64 525 2821 671 0 0 291 1229 2524 48 4 0 0
3 304 772 541 514 1400 562 0 0 74 446 669 715 1408 784 0 52 772 1219 2000 53 0 0 0
0 144 1173 1868 659 235 17 0 0 9 571 1854 1264 368 30 0 11 732 1728 1173 360 91 1 0
0 0 0 71 363 2559 1103 0 0 0 0 22 404 2729 941 0 0 0 212 3516 368 0 0 0
0 0 0 0 0 1640 2456 0 0 0 0 0 0 1828 2268 0 0 0 1 3913 182 0 0 0
0 0 0 0 0 884 3212 0 0 0 0 0 0 1083 3013 0 0 0 1 3301 794 0 0 0
0 0 0 0 0 652 3444 0 0 0 0 0 0 870 3226 0 0 0 0 3210 886 0 0 0
0 0 0 0 0 404 3692 0 0 0 0 0 0 397 3699 0 0 0 0 2819 1277 0 0 0
0 0 0 0 0 222 3874 0 0 0 0 0 0 193 3903 0 0 0 0 1928 2168 0 0 0
0 0 0 0 0 61 4035 0 0 0 0 0 0 60 4036 0 0 0 0 1532 2564 0 0 0
0 0 0 0 0 85 4011 0 0 0 0 0 0 52 4044 0 0 0 0 2148 1948 0 0 0
0 0 0 0 0 164 3932 0 0 0 0 0 0 288 3808 0 0 0 0 2606 1490 0 0 0
0 0 0 0 0 138 3958 0 0 0 0 0 0 106 3990 0 0 0 0 3151 945 0 0 0
0 0 0 0 12 240 3844 0 0 0 0 0 5 184 3907 0 0 0 236 2899 961 0 0 0
0 0 0 0 902 427 2767 0 0 0 0 0 91 1163 2842 0 0 109 1105 1672 1210 0 0 0
0 0 0 6 846 423 2821 0 0 0 0 0 55 1143 2898 0 0 63 775 2627 623 8 0 0
0 8 90 319 1042 1116 1521 0 0 0 19 129 646 874 2288 140 0 12 213 1479 1043 1088 261 0
0 0 10 52 762 1356 1905 11 0 0 6 31 293 1937 1714 115 0 35 388 2129 763 494 283 4
0 1 78 605 1448 1460 504 0 0 8 73 181 1682 1388 764 0 0 73 677 1447 1546 268 85 0
0 0 35 237 206 1595 2023 0 0 0 18 198 253 2556 1066 5 0 20 340 3117 407 152 60 0
0 0 9 31 105 2063 1888 0 0 0 2 24 70 2910 1090 0 1 64 347 3680 4 0 0 0
0 0 50 238 241 1501 2066 0 0 0 23 219 193 2088 1573 0 0 120 551 3412 13 0 0 0
0 0 94 238 249 2309 1206 0 0 0 48 230 204 2977 637 0 0 146 510 3418 22 0 0 0
0 2 120 248 257 2538 931 0 0 0 60 272 234 3229 301 0 6 257 571 3260 2 0 0 0
0 0 156 212 293 2827 608 0 0 0 111 221 265 3361 138 0 9 306 623 3155 3 0 0 0
0 0 57 279 305 2293 1162 0 0 0 58 252 219 3142 425 0 1 190 618 3266 21 0 0 0
0 0 148 204 267 3173 304 0 0 0 88 232 217 3505 54 0 12 199 758 3117 10 0 0 0
0 5 181 210 293 3316 91 0 0 0 131 223 268 3451 23 0 27 286 833 2940 10 0 0 0
0 2 218 213 280 3343 40 0 0 0 163 211 287 3411 24 0 9 407 655 3023 2 0 0 0
0 0 104 95 77 3698 122 0 0 0 93 108 87 3766 42 0 6 112 509 3469 0 0 0 0
0 0 0 0 0 4040 56 0 0 0 0 0 3 4055 38 0 0 0 1745 2351 0 0 0 0
0 0 0 0 0 4056 40 0 0 0 0 0 0 4061 35 0 0 0 1601 2495 0 0 0 0
0 0 0 0 7 4076 13 0 0 0 0 0 22 4035 39 0 0 0 1542 2554 0 0 0 0
0 0 0 0 3 4075 18 0 0 0 0 0 13 4075 8 0 0 2 1893 2201 0 0 0 0
0 0 0 0 7 4076 13 0 0 0 0 0 15 4074 7 0 0 0 1808 2288 0 0 0 0
0 0 0 0 33 4058 5 0 0 0 0 0 66 4024 6 0 0 13 2286 1797 0 0 0 0
0 0 0 0 49 4045 2 0 0 0 0 0 204 3883 9 0 0 2 2697 1394 3 0 0 0
0 0 4 114 1728 2076 174 0 0 0 0 10 1081 2613 385 7 0 157 1545 1624 289 393 87 1
0 0 193 1044 1259 1509 91 0 0 1 361 901 1223 1582 28 0 11 483 995 1907 604 96 0 0
0 2 211 523 739 2065 556 0 0 0 194 543 828 1993 533 5 7 166 698 1972 515 542 196 0
0 0 0 17 857 3152 70 0 0 0 6 5 440 3556 89 0 0 269 719 3008 43 38 19 0
0 0 6 94 678 3029 289 0 0 0 0 44 498 3474 80 0 2 175 869 3027 23 0 0 0
1 75 275 577 250 2236 682 0 3 55 150 599 360 2778 151 0 81 783 435 2716 81 0 0 0
0 0 0 1 95 2566 1434 0 0 0 0 0 138 3320 638 0 0 0 96 3874 126 0 0 0
0 0 0 0 0 1648 2448 0 0 0 0 0 0 2118 1978 0 0 0 0 3126 970 0 0 0
0 0 0 0 0 1007 3089 0 0 0 0 0 0 1359 2737 0 0 0 0 2988 1108 0 0 0
0 0 0 0 0 292 3804 0 0 0 0 0 0 295 3801 0 0 0 0 2813 1283 0 0 0
0 0 0 0 0 277 3819 0 0 0 0 0 0 239 3857 0 0 0 0 2192 1904 0 0 0
0 0 0 0 0 176 3918 2 0 0 0 0 0 226 3867 3 0 0 65 2835 1196 0 0 0
0 0 0 0 0 245 3850 1 0 0 0 0 0 328 3765 3 0 0 131 3034 931 0 0 0
0 0 0 0 0 187 3909 0 0 0 0 0 0 188 3906 2 0 0 109 3105 882 0 0 0
0 0 0 0 0 98 3998 0 0 0 0 0 0 160 3936 0 0 0 154 3406 536 0 0 0
0 0 0 0 0 51 4045 0 0 0 0 0 0 67 4029 0 0 0 79 3429 588 0 0 0
0 0 0 0 234 515 3347 0 0 0 0 0 0 635 3461 0 0 56 342 3167 531 0 0 0
0 0 0 0 1038 429 2629 0 0 0 0 0 15 1376 2705 0 0 167 1090 2239 600 0 0 0
0 48 113 363 1208 290 2074 0 0 0 83 138 545 1208 2122 0 21 537 1116 1818 588 16 0 0
1 448 540 703 543 565 1296 0 0 194 605 605 745 1066 881 0 147 924 1033 1914 73 5 0 0
0 173 294 313 597 1865 854 0 0 76 348 257 682 2359 374 0 87 552 858 2449 134 16 0 0
0 117 365 133 138 1477 1866 0 0 69 405 136 172 2925 389 0 54 389 334 3231 88 0 0 0
0 1 15 31 26 2305 1718 0 0 0 10 29 29 3351 677 0 0 10 131 3808 147 0 0 0
0 0 0 0 0 2744 1352 0 0 0 0 0 0 3411 685 0 0 0 242 3845 9 0 0 0
0 0 0 0 0 2309 1787 0 0 0 0 0 0 3332 764 0 0 0 274 3812 10 0 0 0
0 0 0 0 0 2544 1552 0 0 0 0 0 0 3277 819 0 0 1 376 3717 2 0 0 0
0 0 0 0 0 2547 1549 0 0 0 0 0 0 3220 876 0 0 0 440 3652 4 0 0 0
0 0 0 0 0 2652 1444 0 0 0 0 0 0 3247 849 0 0 8 931 3157 0 0 0 0
0 0 0 0 0 2475 1621 0 0 0 0 0 0 3235 861 0 0 0 629 3465 2 0 0 0
0 0 0 0 0 2884 1212 0 0 0 0 0 0 3397 699 0 0 0 790 3303 3 0 0 0
0 0 0 0 0 3121 975 0 0 0 0 0 0 3420 676 0 0 0 599 3490 7 0 0 0
0 0 0 0 65 3848 183 0 0 0 0 0 43 3981 72 0 0 5 761 3328 2 0 0 0
0 2 119 127 316 3486 46 0 0 1 76 111 288 3611 9 0 15 151 894 3036 0 0 0 0
0 1 234 197 446 3191 27 0 0 0 185 190 402 3319 0 0 13 319 1345 2418 1 0 0 0
0 4 267 208 483 3134 0 0 0 2 223 185 524 3162 0 0 16 420 1656 2003 1 0 0 0
0 8 266 175 469 3174 4 0 0 0 210 200 435 3251 0 0 12 307 1719 2056 2 0 0 0
0 2 264 183 467 3179 1 0 0 0 201 201 400 3292 2 0 0 315 1256 2524 1 0 0 0
0 5 250 192 460 2926 263 0 0 0 214 170 455 2900 340 17 24 277 1491 1932 112 176 84 0
0 10 282 188 607 2658 351 0 0 0 246 167 641 2579 437 26 12 271 1696 1557 237 315 8 0
0 43 284 213 336 2598 622 0 0 3 283 165 562 2348 722 13 51 398 1114 1660 305 559 9 0
0 175 263 321 548 2523 266 0 0 189 310 408 317 2180 691 1 55 323 423 2114 558 493 130 0
0 0 0 0 0 3605 491 0 0 0 0 0 0 3572 524 0 0 0 3 3720 373 0 0 0
0 0 0 0 0 3624 472 0 0 0 0 0 0 3683 413 0 0 0 15 3932 149 0 0 0
0 0 0 0 0 3687 409 0 0 0 0 0 0 3563 533 0 0 0 2 4045 49 0 0 0
0 0 0 0 0 3100 996 0 0 0 0 0 0 3042 1054 0 0 0 5 4008 83 0 0 0
0 0 0 0 0 1761 2335 0 0 0 0 0 0 2173 1923 0 0 0 5 3209 882 0 0 0
0 0 0 0 0 1682 2414 0 0 0 0 0 0 1840 2256 0 0 0 71 3295 730 0 0 0
0 0 0 0 0 1216 2880 0 0 0 0 0 0 1288 2808 0 0 0 149 3687 260 0 0 0
0 0 0 0 0 549 3547 0 0 0 0 0 0 625 3471 0 0 3 169 3048 876 0 0 0
0 0 0 0 0 591 3505 0 0 0 0 0 0 416 3680 0 0 0 186 3225 685 0 0 0
0 0 0 0 0 264 3832 0 0 0 0 0 0 264 3832 0 0 2 172 3199 723 0 0 0
0 0 0 0 0 350 3746 0 0 0 0 0 0 395 3701 0 0 0 22 2981 1093 0 0 0
0 0 0 0 0 152 3944 0 0 0 0 0 0 132 3964 0 0 0 0 2626 1470 0 0 0
0 0 0 0 0 41 4055 0 0 0 0 0 0 80 4016 0 0 0 0 3296 800 0 0 0
0 0 0 0 0 19 4077 0 0 0 0 0 0 39 4057 0 0 0 0 3111 985 0 0 0
0 0 0 0 0 43 4053 0 0 0 0 0 0 116 3980 0 0 0 0 2978 1118 0 0 0
0 0 0 0 0 75 4021 0 0 0 0 0 0 131 3965 0 0 0 0 2981 1115 0 0 0
0 0 0 0 0 146 3950 0 0 0 0 0 0 448 3648 0 0 0 9 3539 548 0 0 0
0 0 0 0 0 158 3938 0 0 0 0 0 0 479 3617 0 0 0 0 3787 309 0 0 0
0 0 0 0 0 37 4059 0 0 0 0 0 0 268 3828 0 0 0 0 2981 1115 0 0 0
0 0 0 0 0 93 4003 0 0 0 0 0 0 509 3587 0 0 0 0 2936 1160 0 0 0
0 0 0 0 0 250 3846 0 0 0 0 0 0 1265 2831 0 0 0 0 3852 244 0 0 0
0 0 0 0 0 835 3261 0 0 0 0 0 0 2193 1903 0 0 0 2 4014 80 0 0 0
0 0 0 0 0 767 3329 0 0 0 0 0 0 1941 2155 0 0 0 28 4059 9 0 0 0
0 0 0 0 0 1338 2758 0 0 0 0 0 0 2494 1602 0 0 0 12 4075 9 0 0 0
0 0 0 0 0 1884 2212 0 0 0 0 0 0 2998 1098 0 0 0 14 4065 17 0 0 0
0 0 0 0 0 1969 2127 0 0 0 0 0 0 3409 687 0 0 0 28 4050 18 0 0 0
0 0 0 0 0 2656 1440 0 0 0 0 0 0 3774 322 0 0 0 181 3915 0 0 0 0
0 0 0 0 0 2339 1757 0 0 0 0 0 0 3597 499 0 0 0 119 3971 6 0 0 0
0 0 0 0 0 3077 1019 0 0 0 0 0 0 3816 280 0 0 0 203 3893 0 0 0 0
0 0 0 0 0 3405 691 0 0 0 0 0 0 3789 307 0 0 0 312 3784 0 0 0 0
0 0 0 0 25 2810 1261 0 0 0 0 0 23 3402 671 0 0 0 758 3336 2 0 0 0
0 0 0 0 89 3474 533 0 0 0 0 0 100 3634 362 0 0 3 999 3092 2 0 0 0
0 0 0 0 0 3751 345 0 0 0 0 0 0 3852 244 0 0 7 1165 2924 0 0 0 0
0 0 0 0 0 3720 376 0 0 0 0 0 2 3735 345 14 0 17 1271 2702 40 52 14 0
0 0 0 0 1 3381 714 0 0 0 0 0 3 3314 708 71 0 8 640 2762 242 338 106 0
0 0 0 0 4 3140 952 0 0 0 0 0 5 3085 857 149 0 0 834 2180 356 453 273 0
0 0 0 0 2 3626 468 0 0 0 0 0 6 3573 445 72 0 11 822 2637 228 237 161 0
0 0 0 0 18 4078 0 0 0 0 0 0 51 4045 0 0 0 0 1189 2907 0 0 0 0
0 0 0 37 589 3469 1 0 0 0 0 2 777 3317 0 0 0 89 2798 1209 0 0 0 0
0 0 0 0 0 3445 651 0 0 0 0 0 0 2967 1129 0 0 0 1 3275 820 0 0 0
0 0 0 0 0 3631 465 0 0 0 0 0 0 3641 455 0 0 0 13 4036 47 0 0 0
0 0 0 0 0 3239 857 0 0 0 0 0 0 3113 983 0 0 0 212 3859 25 0 0 0
0 0 0 0 0 2929 1167 0 0 0 0 0 0 2810 1286 0 0 0 332 3746 18 0 0 0
0 0 0 0 0 2043 2053 0 0 0 0 0 0 2138 1958 0 0 0 451 3627 18 0 0 0
0 0 0 0 0 724 3372 0 0 0 0 0 0 969 3127 0 0 0 74 3720 302 0 0 0
0 0 0 0 0 436 3660 0 0 0 0 0 0 453 3643 0 0 0 8 2945 1143 0 0 0
0 0 0 0 0 381 3715 0 0 0 0 0 0 354 3742 0 0 0 0 3258 838 0 0 0
0 0 0 0 0 272 3824 0 0 0 0 0 0 219 3877 0 0 0 0 3025 1071 0 0 0
0 0 0 0 0 221 3875 0 0 0 0 0 0 189 3907 0 0 0 0 2722 1374 0 0 0
0 0 0 0 0 77 4019 0 0 0 0 0 0 72 4024 0 0 0 0 3038 1058 0 0 0
0 0 0 0 0 54 4042 0 0 0 0 0 0 55 4041 0 0 0 1 3227 868 0 0 0
0 0 0 0 0 87 4009 0 0 0 0 0 0 111 3985 0 0 0 0 3094 1002 0 0 0
0 0 0 0 0 111 3985 0 0 0 0 0 0 85 4011 0 0 0 0 2722 1374 0 0 0
0 0 0 0 0 165 3931 0 0 0 0 0 0 229 3867 0 0 0 0 2368 1728 0 0 0
0 0 0 0 0 190 3906 0 0 0 0 0 0 444 3652 0 0 0 0 3475 621 0 0 0
0 0 0 0 0 109 3987 0 0 0 0 0 0 282 3814 0 0 0 0 3406 690 0 0 0
0 0 0 0 0 46 4050 0 0 0 0 0 0 211 3885 0 0 0 0 2671 1425 0 0 0
0 0 0 0 0 131 3965 0 0 0 0 0 0 539 3557 0 0 0 0 3592 504 0 0 0
0 0 0 0 0 76 4020 0 0 0 0 0 0 613 3483 0 0 0 1 3685 410 0 0 0
0 0 0 0 0 94 4002 0 0 0 0 0 0 960 3136 0 0 0 0 3827 269 0 0 0
0 0 0 0 0 325 3771 0 0 0 0 0 0 1619 2477 0 0 0 19 4051 26 0 0 0
0 0 0 0 0 751 3345 0 0 0 0 0 0 2400 1696 0 0 0 33 4047 16 0 0 0
0 0 0 0 0 1011 3085 0 0 0 0 0 0 2182 1914 0 0 0 40 4017 39 0 0 0
0 0 0 0 0 830 3266 0 0 0 0 0 0 1689 2407 0 0 0 6 4063 27 0 0 0
0 0 0 0 0 1385 2711 0 0 0 0 0 0 2642 1454 0 0 0 3 4046 47 0 0 0
0 0 0 0 0 1234 2862 0 0 0 0 0 0 2650 1446 0 0 0 9 4019 68 0 0 0
0 0 0 0 0 910 3186 0 0 0 0 0 0 2522 1574 0 0 0 5 4083 8 0 0 0
0 0 0 0 0 2128 1968 0 0 0 0 0 0 3515 581 0 0 0 12 4072 12 0 0 0
0 0 0 0 0 3184 912 0 0 0 0 0 0 4023 73 0 0 0 107 3988 1 0 0 0
0 0 0 0 0 3363 733 0 0 0 0 0 0 3864 232 0 0 0 69 4026 1 0 0 0
0 0 0 0 127 3539 430 0 0 0 0 0 109 3851 136 0 0 0 276 3817 3 0 0 0
0 0 0 0 7 3300 789 0 0 0 0 0 3 3225 623 245 0 0 229 3143 209 269 246 0
0 0 0 0 0 3073 1023 0 0 0 0 0 0 3021 891 184 0 0 1 2860 415 474 346 0
0 0 0 0 1 3302 793 0 0 0 0 0 1 3212 743 140 0 0 130 2934 325 454 253 0
0 0 0 0 1 4046 49 0 0 0 0 0 7 4049 40 0 0 0 868 3134 63 27 4 0
0 0 0 0 0 4060 36 0 0 0 0 0 4 4090 2 0 0 0 754 3341 1 0 0 0
0 0 0 0 2 4063 31 0 0 0 0 0 6 4063 27 0 0 6 658 3429 3 0 0 0
0 0 0 0 7 4035 54 0 0 0 0 0 69 3939 88 0 0 74 2201 1821 0 0 0 0
0 0 0 0 22 4065 9 0 0 0 0 0 145 3944 7 0 0 30 2831 1235 0 0 0 0
0 0 0 0 0 3361 735 0 0 0 0 0 0 3362 734 0 0 8 300 3519 269 0 0 0
0 0 0 0 0 3152 944 0 0 0 0 0 0 3189 907 0 0 0 292 3764 40 0 0 0
0 0 0 0 0 2679 1417 0 0 0 0 0 0 2308 1788 0 0 0 14 3663 419 0 0 0
0 0 0 0 0 2618 1478 0 0 0 0 0 0 2398 1698 0 0 0 11 3634 451 0 0 0
0 0 0 0 0 1777 2319 0 0 0 0 0 0 1824 2272 0 0 0 0 3609 487 0 0 0
0 0 0 0 0 525 3571 0 0 0 0 0 0 571 3525 0 0 0 0 2453 1643 0 0 0
0 0 0 0 0 523 3573 0 0 0 0 0 0 575 3521 0 0 0 0 2026 2070 0 0 0
0 0 0 0 0 726 3370 0 0 0 0 0 0 640 3456 0 0 0 0 3141 955 0 0 0
0 0 0 0 0 893 3203 0 0 0 0 0 0 560 3536 0 0 0 0 3017 1079 0 0 0
0 0 0 0 0 310 3786 0 0 0 0 0 0 190 3906 0 0 0 0 2556 1540 0 0 0
0 0 0 0 0 89 4007 0 0 0 0 0 0 57 4039 0 0 0 0 1713 2383 0 0 0
0 0 0 0 0 22 4074 0 0 0 0 0 0 15 4081 0 0 0 0 889 3207 0 0 0
0 0 0 0 0 22 4074 0 0 0 0 0 0 32 4064 0 0 0 0 1621 2475 0 0 0
0 0 0 0 0 63 4033 0 0 0 0 0 0 98 3998 0 0 0 0 2252 1844 0 0 0
0 0 0 0 0 88 4008 0 0 0 0 0 0 178 3918 0 0 0 0 2430 1666 0 0 0
0 0 0 0 0 26 4070 0 0 0 0 0 0 27 4069 0 0 0 0 2501 1595 0 0 0
0 0 0 0 0 62 4034 0 0 0 0 0 0 196 3900 0 0 0 0 3105 991 0 0 0
0 0 0 0 0 125 3971 0 0 0 0 0 0 360 3736 0 0 0 0 2965 1131 0 0 0
0 0 0 0 0 97 3999 0 0 0 0 0 0 459 3637 0 0 0 0 2760 1336 0 0 0
0 0 0 0 0 78 4018 0 0 0 0 0 0 350 3746 0 0 0 4 2876 1216 0 0 0
0 0 0 0 0 117 3979 0 0 0 0 0 0 829 3267 0 0 0 0 3233 863 0 0 0
0 0 0 0 0 419 3677 0 0 0 0 0 0 1707 2389 0 0 0 0 3902 194 0 0 0
0 0 0 0 0 562 3534 0 0 0 0 0 0 1750 2346 0 0 0 0 3799 297 0 0 0
0 0 0 0 0 756 3340 0 0 0 0 0 0 1990 2106 0 0 0 0 4037 59 0 0 0
0 0 0 0 0 1420 2676 0 0 0 0 0 0 2939 1157 0 0 0 10 4060 26 0 0 0
0 0 0 0 0 1686 2410 0 0 0 0 0 0 2968 1128 0 0 0 0 3916 180 0 0 0
0 0 0 0 0 2355 1741 0 0 0 0 0 0 3327 769 0 0 0 27 4018 51 0 0 0
0 0 0 0 0 2400 1696 0 0 0 0 0 0 3674 422 0 0 0 10 4064 22 0 0 0
0 0 0 0 0 2888 1208 0 0 0 0 0 0 3756 340 0 0 0 1 4040 55 0 0 0
0 0 0 0 0 2763 1333 0 0 0 0 0 0 3620 358 118 0 0 34 3761 131 80 90 0
0 0 0 0 0 2541 1551 4 0 0 0 0 0 2880 713 503 0 0 23 2662 493 352 566 0
0 0 0 0 0 2525 1571 0 0 0 0 0 0 2866 727 503 0 0 7 2794 407 390 498 0
0 0 0 0 0 3072 1024 0 0 0 0 0 0 3536 412 148 0 0 10 3477 275 153 181 0
0 0 0 0 0 3918 178 0 0 0 0 0 0 4060 36 0 0 11 127 3955 3 0 0 0
0 0 0 0 0 4081 15 0 0 0 0 0 2 4094 0 0 0 0 454 3635 7 0 0 0
0 0 0 0 0 4053 43 0 0 0 0 0 0 4091 5 0 0 0 207 3882 7 0 0 0
0 0 0 0 2 4074 20 0 0 0 0 0 13 4083 0 0 0 0 234 3861 1 0 0 0
0 0 0 0 4 4076 16 0 0 0 0 0 42 4054 0 0 0 0 707 3386 3 0 0 0
0 0 0 0 1 4095 0 0 0 0 0 0 90 4006 0 0 0 0 917 3179 0 0 0 0
0 0 0 0 0 4094 2 0 0 0 0 0 25 4071 0 0 0 0 802 3294 0 0 0 0
