153 224 248 920 1737 742 37 35 245 247 761 2078 678 42 27 18 399 1379 2138 92 30 28 22 8
13 95 204 447 1630 1649 32 26 49 152 449 1829 1554 35 13 15 242 1071 2524 201 29 12 17 0
39 204 141 280 754 2356 292 30 178 285 223 920 2195 233 50 12 466 583 2384 452 163 39 9 0
24 450 294 199 496 2337 237 59 97 601 205 609 2398 121 35 30 695 430 2293 565 49 24 40 0
38 618 161 195 765 2232 68 19 197 552 189 933 2065 136 16 8 733 554 2089 654 41 14 11 0
130 108 203 520 1270 792 1023 50 948 242 355 642 549 1153 207 0 1020 560 655 440 923 498 0 0
110 66 75 299 908 1425 1172 41 316 126 166 646 1302 1118 420 2 400 305 766 1259 757 608 1 0
164 84 191 403 977 1194 982 101 569 245 339 812 992 777 358 4 770 555 949 749 634 431 8 0
141 192 240 370 699 1322 1062 70 415 298 287 630 1182 779 495 10 668 427 855 1044 555 532 15 0
117 85 154 177 518 1789 1062 194 345 148 198 279 1426 1213 411 76 435 255 416 1498 957 369 151 15
0 2 21 45 362 1707 1953 6 0 1 134 831 1744 1373 13 0 10 366 1603 1913 194 10 0 0
3 6 4 18 74 506 3425 60 9 6 13 134 1065 2796 66 7 15 68 939 2614 409 33 18 0
71 201 96 142 184 827 2391 184 148 221 161 229 1562 1511 225 39 342 399 1488 1282 398 143 42 2
151 99 80 99 105 815 2628 119 219 89 73 188 1457 1917 125 28 301 233 1452 1596 396 87 30 1
399 91 118 150 182 1196 1827 133 484 114 124 340 1829 1045 90 70 596 541 1504 1112 184 60 90 9
