0 8 195 1846 2047 0 0 0 0 4 2298 1794 0 0 0 0 0 2454 1642 0 0 0 0 0
0 2 274 255 3170 395 0 0 0 5 614 3146 331 0 0 0 3 756 3200 137 0 0 0 0
0 0 178 213 1817 1888 0 0 0 0 247 2201 1648 0 0 0 0 16 3603 477 0 0 0 0
0 0 17 408 150 3521 0 0 0 0 14 554 3528 0 0 0 0 0 1870 2226 0 0 0 0
0 0 0 458 53 3469 116 0 0 0 0 483 3564 49 0 0 0 0 328 3735 33 0 0 0
0 0 0 507 61 3387 141 0 0 0 0 538 3444 114 0 0 0 0 316 3775 5 0 0 0
0 0 217 357 908 2515 99 0 0 0 201 1476 2323 96 0 0 0 7 2889 1170 30 0 0 0
0 0 403 227 2502 964 0 0 0 0 460 2922 714 0 0 0 0 233 3688 175 0 0 0 0
0 3 564 88 3399 42 0 0 0 3 640 3441 12 0 0 0 0 1005 3091 0 0 0 0 0
0 134 480 881 2601 0 0 0 0 173 1601 2322 0 0 0 0 0 2803 1293 0 0 0 0 0
0 301 526 2355 914 0 0 0 0 484 3190 422 0 0 0 0 46 3802 248 0 0 0 0 0
4 222 1200 1529 1141 0 0 0 166 1679 2180 71 0 0 0 0 2069 1974 53 0 0 0 0 0
0 0 0 311 3757 28 0 0 0 0 578 3515 3 0 0 0 12 2594 1490 0 0 0 0 0
0 0 0 7 4089 0 0 0 0 0 1 4071 24 0 0 0 0 598 3498 0 0 0 0 0
228 1112 339 445 873 952 147 0 173 1351 439 764 1112 257 0 0 18 1422 754 722 997 183 0 0
78 372 195 414 1638 1351 48 0 138 421 393 983 2083 78 0 0 136 825 2724 166 216 29 0 0
0 37 4059 0 0 0 0 0 0 59 4037 0 0 0 0 0 0 212 3884 0 0 0 0 0
0 3 4091 2 0 0 0 0 0 4 4091 1 0 0 0 0 0 19 4003 74 0 0 0 0
0 0 2742 1354 0 0 0 0 0 0 2854 1242 0 0 0 0 0 4 2679 1413 0 0 0 0
0 0 379 3717 0 0 0 0 0 0 523 3573 0 0 0 0 0 0 983 3113 0 0 0 0
0 0 214 3822 60 0 0 0 0 0 273 3778 45 0 0 0 0 0 729 3311 56 0 0 0
0 0 49 4024 23 0 0 0 0 0 94 3977 25 0 0 0 0 0 393 3675 28 0 0 0
0 0 1996 2100 0 0 0 0 0 0 2045 2051 0 0 0 0 0 0 2464 1632 0 0 0 0
0 0 3224 872 0 0 0 0 0 0 3331 765 0 0 0 0 0 0 3621 475 0 0 0 0
0 0 4096 0 0 0 0 0 0 0 4096 0 0 0 0 0 0 8 4088 0 0 0 0 0
0 831 3265 0 0 0 0 0 0 1099 2997 0 0 0 0 0 0 1843 2253 0 0 0 0 0
0 1366 2730 0 0 0 0 0 0 1657 2439 0 0 0 0 0 0 2368 1728 0 0 0 0 0
210 986 759 324 1817 0 0 0 627 1057 2335 77 0 0 0 0 1018 2843 234 1 0 0 0 0
0 0 0 18 3221 857 0 0 0 0 1253 2166 677 0 0 0 5 2174 1881 36 0 0 0 0
0 0 0 0 2810 674 520 92 0 0 0 2414 1070 604 8 0 0 32 3417 59 588 0 0 0
0 11 18 244 409 1473 1197 744 11 18 229 306 1580 868 1084 0 36 284 1688 209 1879 0 0 0
0 6 33 91 436 3530 0 0 2 33 69 293 3699 0 0 0 43 126 3802 125 0 0 0 0
0 0 4067 29 0 0 0 0 0 8 4059 29 0 0 0 0 0 30 3997 69 0 0 0 0
0 2 4083 11 0 0 0 0 0 2 4084 10 0 0 0 0 0 7 3975 114 0 0 0 0
0 0 2657 1439 0 0 0 0 0 0 2709 1387 0 0 0 0 0 0 2347 1749 0 0 0 0
0 0 445 3651 0 0 0 0 0 0 494 3602 0 0 0 0 0 0 582 3514 0 0 0 0
0 0 612 3420 64 0 0 0 0 0 594 3461 41 0 0 0 0 0 737 3300 59 0 0 0
0 0 100 3984 12 0 0 0 0 0 86 3999 11 0 0 0 0 0 161 3915 20 0 0 0
0 0 1680 2416 0 0 0 0 0 0 1667 2429 0 0 0 0 0 0 1976 2120 0 0 0 0
0 0 2873 1223 0 0 0 0 0 0 2944 1152 0 0 0 0 0 0 3298 798 0 0 0 0
0 0 4096 0 0 0 0 0 0 0 4096 0 0 0 0 0 0 0 4096 0 0 0 0 0
0 322 3774 0 0 0 0 0 0 414 3682 0 0 0 0 0 0 934 3162 0 0 0 0 0
0 702 3394 0 0 0 0 0 0 853 3243 0 0 0 0 0 0 1319 2777 0 0 0 0 0
220 816 719 560 1764 17 0 0 547 1072 1212 1265 0 0 0 0 1123 2618 351 4 0 0 0 0
0 0 0 0 1790 2176 130 0 0 0 16 3464 506 110 0 0 0 3381 328 325 62 0 0 0
0 0 0 0 423 1616 1983 74 0 0 0 215 1876 1990 15 0 0 12 1678 512 1894 0 0 0
0 0 7 6 16 121 3722 224 0 7 6 14 118 3202 749 0 7 10 23 210 3846 0 0 0
0 77 100 182 918 2808 11 0 10 124 157 555 3239 11 0 0 129 288 2918 749 12 0 0 0
0 0 3943 153 0 0 0 0 0 0 3912 184 0 0 0 0 0 0 3675 421 0 0 0 0
0 0 3505 591 0 0 0 0 0 0 3145 951 0 0 0 0 0 0 2331 1765 0 0 0 0
0 0 1934 2162 0 0 0 0 0 0 1642 2454 0 0 0 0 0 0 1496 2600 0 0 0 0
0 0 56 4040 0 0 0 0 0 0 31 4065 0 0 0 0 0 0 1 4095 0 0 0 0
0 0 442 3618 36 0 0 0 0 0 381 3671 44 0 0 0 0 0 389 3656 51 0 0 0
0 0 91 4005 0 0 0 0 0 0 88 4004 4 0 0 0 0 0 81 4001 14 0 0 0
0 0 725 3371 0 0 0 0 0 0 526 3570 0 0 0 0 0 0 641 3455 0 0 0 0
0 0 2085 2011 0 0 0 0 0 0 1919 2177 0 0 0 0 0 0 2492 1604 0 0 0 0
0 0 3579 517 0 0 0 0 0 0 3442 654 0 0 0 0 0 0 3743 353 0 0 0 0
0 0 3979 117 0 0 0 0 0 2 3931 163 0 0 0 0 0 99 3978 19 0 0 0 0
0 65 4028 3 0 0 0 0 0 121 3972 3 0 0 0 0 0 539 3556 1 0 0 0 0
0 333 733 1455 1560 15 0 0 23 1429 1404 1240 0 0 0 0 1283 2513 300 0 0 0 0 0
34 48 73 47 1171 1181 1542 0 62 45 123 1711 656 1499 0 0 135 1487 393 770 1311 0 0 0
0 0 0 0 105 1323 2547 121 0 19 119 726 763 2432 37 0 23 644 573 785 2071 0 0 0
0 0 11 264 154 629 2617 421 15 116 184 159 609 2529 484 0 105 278 217 773 2723 0 0 0
0 33 79 195 1120 2624 45 0 14 73 175 701 3076 57 0 0 108 423 2688 829 48 0 0 0
0 0 3691 405 0 0 0 0 0 0 3245 851 0 0 0 0 0 0 2568 1528 0 0 0 0
0 1 2140 1955 0 0 0 0 0 1 992 3103 0 0 0 0 0 0 415 3681 0 0 0 0
0 0 883 3213 0 0 0 0 0 0 667 3429 0 0 0 0 0 0 424 3672 0 0 0 0
0 0 43 4053 0 0 0 0 0 0 0 4096 0 0 0 0 0 0 0 4096 0 0 0 0
0 0 456 3640 0 0 0 0 0 0 388 3708 0 0 0 0 0 0 354 3739 3 0 0 0
0 0 104 3871 35 28 51 7 0 0 64 3921 39 40 30 2 0 0 47 3942 70 29 8 0
0 0 105 2442 163 449 594 343 0 0 45 2561 488 426 397 179 0 1 317 2727 432 326 260 33
0 0 931 3028 24 43 61 9 0 0 327 3635 48 42 44 0 0 0 461 3519 47 60 9 0
0 0 1781 2014 30 137 123 11 0 0 988 2817 104 127 60 0 0 0 1127 2813 81 73 2 0
0 0 2989 650 18 304 135 0 0 0 2736 909 163 244 44 0 0 0 2923 960 150 63 0 0
0 0 3292 198 42 442 122 0 0 0 2996 499 302 274 25 0 0 0 2894 972 172 58 0 0
12 268 1024 906 1239 565 77 5 7 975 1450 642 715 289 18 0 975 1218 449 778 534 142 0 0
40 115 224 207 977 2380 153 0 50 133 577 2593 532 210 1 0 218 2798 303 587 139 44 7 0
0 0 0 0 39 3036 1016 5 0 0 0 2155 946 982 13 0 0 2015 531 709 841 0 0 0
0 0 0 0 145 3767 182 2 0 0 0 16 3822 245 13 0 0 3 801 3162 130 0 0 0
0 0 0 1 595 3154 346 0 0 0 0 108 3545 443 0 0 0 4 1549 2245 298 0 0 0
0 14 2590 830 130 532 0 0 0 3 2098 1363 546 86 0 0 0 2 1504 2436 154 0 0 0
0 0 2191 1236 78 564 27 0 0 0 1250 2202 491 153 0 0 0 0 874 3022 194 6 0 0
0 1 1668 1753 71 551 52 0 0 0 1083 2359 485 169 0 0 0 1 861 3007 185 42 0 0
0 1 1245 2175 78 521 76 0 0 1 637 2809 441 205 3 0 0 0 358 3497 215 26 0 0
0 3 1039 2387 70 505 92 0 0 1 652 2792 427 204 20 0 0 1 502 3351 177 65 0 0
0 2 891 2528 66 474 135 0 0 2 523 2912 349 267 43 0 0 0 425 3371 211 89 0 0
0 2 829 2583 80 417 185 0 0 2 385 2821 543 295 50 0 0 2 322 2941 738 93 0 0
0 2 1508 1882 121 413 170 0 0 2 1064 2402 297 307 24 0 0 24 1069 2574 389 40 0 0
0 2 1848 1891 27 209 119 0 0 0 1148 2592 128 222 6 0 0 0 1069 2695 316 16 0 0
0 35 3255 623 31 88 64 0 0 11 2719 1192 42 128 4 0 0 16 2533 1418 119 10 0 0
0 24 3593 457 13 8 1 0 0 4 2222 1851 15 4 0 0 0 1 1374 2709 12 0 0 0
106 925 2113 457 494 1 0 0 43 411 943 1893 725 81 0 0 49 364 596 987 1855 241 4 0
492 438 101 238 2158 669 0 0 414 545 857 2222 58 0 0 0 481 3207 280 29 99 0 0 0
0 0 0 5 1558 2496 36 1 0 1 428 3583 51 33 0 0 129 3840 78 25 24 0 0 0
0 0 0 10 833 2099 1087 67 0 0 71 724 2122 1064 115 0 28 452 1390 1151 1050 25 0 0
0 0 0 204 1418 1590 884 0 0 32 588 501 2049 926 0 0 345 354 2080 846 471 0 0 0
0 122 3659 315 0 0 0 0 0 189 3108 799 0 0 0 0 3 238 2357 1498 0 0 0 0
0 32 3643 421 0 0 0 0 0 29 2923 1144 0 0 0 0 0 150 2102 1844 0 0 0 0
0 50 3259 767 20 0 0 0 0 50 2443 1599 4 0 0 0 0 95 1985 2016 0 0 0 0
0 35 2301 1428 156 107 57 12 8 62 1816 2049 122 38 1 0 35 160 1543 2340 17 1 0 0
0 12 2319 1560 152 41 12 0 0 25 1744 2276 51 0 0 0 1 113 1561 2417 4 0 0 0
0 8 1835 2238 15 0 0 0 0 19 1163 2914 0 0 0 0 0 107 1026 2963 0 0 0 0
0 4 2074 1149 142 229 378 120 0 9 1217 2121 287 371 91 0 0 178 1289 2170 419 40 0 0
0 6 1392 1710 557 335 66 30 0 13 1148 2616 232 60 25 2 2 507 1572 1703 265 46 1 0
1 139 1922 1660 99 114 146 15 29 323 1202 2220 182 121 19 0 152 432 1000 2146 336 30 0 0
0 98 2383 737 286 309 283 0 0 263 2258 958 287 320 10 0 101 540 2054 1104 275 22 0 0
8 198 2759 516 308 152 141 14 97 261 2007 1449 142 134 6 0 230 476 1372 1856 160 2 0 0
61 1292 1468 602 592 81 0 0 5 468 1286 1230 757 342 8 0 19 376 930 1079 1227 255 209 1
720 536 133 702 1815 190 0 0 239 1171 1455 1231 0 0 0 0 360 3451 279 6 0 0 0 0
0 0 0 13 1141 1309 1255 378 0 0 265 1711 497 1046 575 2 29 1791 422 548 1117 189 0 0
0 0 0 13 596 2267 1180 40 0 0 57 1764 1047 1151 77 0 26 1706 900 405 1022 37 0 0
0 0 0 107 1989 1013 987 0 0 14 1121 1175 753 1033 0 0 666 1520 637 454 819 0 0 0
21 651 2721 541 52 47 63 0 732 458 2214 576 36 76 4 0 850 385 1881 851 44 81 4 0
176 602 2630 606 79 3 0 0 502 511 2376 686 21 0 0 0 772 502 1947 867 8 0 0 0
0 10 1908 1444 449 248 37 0 15 274 2158 1346 266 34 3 0 113 661 1880 1347 91 4 0 0
14 84 508 1175 1017 724 476 98 305 803 1092 820 614 368 67 27 750 1374 849 746 260 51 47 19
52 227 1003 1035 841 560 309 69 383 443 1052 1440 535 187 24 32 300 923 1389 1300 115 22 19 28
0 12 1350 1846 581 206 101 0 0 141 1287 2282 380 6 0 0 85 511 1557 1840 103 0 0 0
227 131 1552 992 681 343 161 9 272 251 1413 1527 574 46 12 1 375 806 1393 1275 218 18 10 1
1250 913 369 425 530 400 173 36 1859 580 638 637 262 106 14 0 2302 864 574 312 42 2 0 0
39 1143 901 926 558 394 135 0 126 1530 982 888 397 173 0 0 580 1656 787 783 266 24 0 0
544 595 800 631 619 756 142 9 655 946 854 703 718 217 3 0 1035 1012 940 866 235 8 0 0
1906 468 509 477 326 332 73 5 2072 572 510 384 439 117 2 0 2336 635 280 589 245 11 0 0
5 71 633 1370 1588 364 61 4 15 535 744 1582 1032 187 1 0 631 935 395 1093 807 233 2 0
79 142 222 1370 2005 278 0 0 78 1106 1259 1320 322 11 0 0 1549 1680 305 497 65 0 0 0
0 42 139 849 1709 930 427 0 31 798 981 1004 832 450 0 0 1379 1040 533 953 191 0 0 0
0 2 38 323 1340 1875 518 0 0 140 651 2143 662 500 0 0 634 2144 434 577 307 0 0 0
0 0 0 7 3047 591 451 0 0 2 1438 1868 339 449 0 0 1230 1858 255 440 313 0 0 0
493 805 586 496 822 784 107 3 1096 881 487 991 499 125 17 0 1779 1505 229 328 120 114 21 0
2951 353 246 140 171 219 16 0 3190 368 136 180 220 2 0 0 3491 420 94 85 6 0 0 0
1402 274 247 471 711 835 133 23 1636 560 384 682 732 79 23 0 2119 1118 449 269 122 19 0 0
0 1174 1519 764 460 151 26 2 2751 602 303 295 140 5 0 0 3108 473 334 139 39 3 0 0
290 487 414 540 474 1415 476 0 701 766 462 1153 1011 3 0 0 1539 2117 417 23 0 0 0 0
327 571 228 282 497 1262 929 0 601 652 399 1131 1313 0 0 0 1419 2217 460 0 0 0 0 0
1400 649 325 300 351 752 319 0 1795 652 348 709 591 1 0 0 2384 1440 187 68 17 0 0 0
936 1504 746 383 333 194 0 0 1886 1160 561 376 113 0 0 0 2478 1349 267 2 0 0 0 0
547 496 777 822 1088 314 52 0 819 1188 1055 780 206 46 2 0 1637 1849 413 181 7 9 0 0
539 583 967 552 806 540 109 0 835 1201 715 979 321 45 0 0 1695 1453 521 385 42 0 0 0
2165 228 400 818 465 20 0 0 2318 452 1134 188 4 0 0 0 2614 1199 253 30 0 0 0 0
45 497 187 947 474 1912 34 0 482 650 874 1319 736 35 0 0 1582 2004 261 217 32 0 0 0
289 266 255 835 465 1986 0 0 509 630 766 1617 574 0 0 0 1719 2125 162 90 0 0 0 0
51 476 611 969 402 1587 0 0 391 1418 371 1845 71 0 0 0 1870 2189 37 0 0 0 0 0
0 448 280 776 1479 940 172 1 155 884 1670 1180 57 150 0 0 1834 2032 56 45 129 0 0 0
0 527 292 286 2353 304 334 0 84 740 2468 441 74 289 0 0 2663 1047 51 118 217 0 0 0
335 280 315 553 965 1537 110 1 417 423 644 1423 1117 72 0 0 544 1899 1441 184 28 0 0 0
4096 0 0 0 0 0 0 0 4096 0 0 0 0 0 0 0 4096 0 0 0 0 0 0 0
1516 156 278 729 335 985 88 9 1634 639 439 359 993 29 3 0 2153 625 1178 117 23 0 0 0
680 715 573 1065 333 368 362 0 1557 874 807 182 507 169 0 0 2185 1119 710 81 1 0 0 0
0 1 7 395 873 837 1983 0 0 51 350 961 2522 212 0 0 45 642 3285 124 0 0 0 0
0 0 0 189 871 454 2582 0 0 3 168 937 1653 1330 5 0 0 192 3254 637 13 0 0 0
521 895 231 404 541 563 941 0 1717 678 186 395 625 495 0 0 1982 587 1273 254 0 0 0 0
1798 1689 95 109 248 113 44 0 3484 385 76 145 6 0 0 0 3642 292 157 5 0 0 0 0
224 189 448 553 866 858 895 63 1003 1235 364 378 503 598 15 0 1518 1153 829 451 132 13 0 0
5 348 472 446 543 780 1496 6 10 484 840 481 1503 776 2 0 92 783 2429 741 51 0 0 0
0 87 1538 938 232 932 369 0 0 550 1999 230 1170 147 0 0 160 1086 2313 536 1 0 0 0
0 386 2509 672 177 348 4 0 0 266 1097 2307 367 59 0 0 23 323 787 2377 586 0 0 0
0 728 1133 453 124 1264 394 0 0 53 2098 253 1390 301 1 0 0 1193 2216 645 39 3 0 0
0 0 0 545 561 2224 734 32 0 0 378 1040 2213 387 78 0 0 2054 1260 634 148 0 0 0
0 0 0 316 154 3161 461 4 0 0 263 1168 2561 95 9 0 0 3063 911 100 22 0 0 0
0 0 0 0 18 3440 638 0 0 0 0 3210 626 260 0 0 176 3185 468 267 0 0 0 0
