855 16 17 89 230 2055 834 0 856 16 26 103 243 2337 515 0 845 28 50 133 862 1971 207 0
784 281 101 55 117 332 1476 950 823 260 89 61 158 389 1423 893 729 325 109 110 196 667 1195 765
501 359 180 115 134 451 1178 1178 533 337 168 126 165 488 1135 1144 464 314 233 152 272 512 1067 1082
857 228 98 119 335 981 1300 178 893 196 100 132 596 791 1212 176 821 272 110 397 587 643 1104 162
310 424 204 106 227 1038 1206 581 294 414 209 125 469 878 1124 583 242 362 287 383 512 725 1017 568
420 80 77 114 403 1468 1312 222 420 82 83 116 728 1301 1157 209 420 89 99 484 744 1171 917 172
15 12 31 77 544 1487 1149 781 15 10 32 95 837 1260 1044 803 15 11 50 466 775 955 976 848
181 130 680 693 117 1080 1215 0 205 336 992 180 179 1810 394 0 797 865 39 79 462 1826 28 0
0 1 8 813 445 199 2613 17 0 4 134 1099 79 255 2524 1 8 1019 210 30 137 1329 1363 0
0 0 0 518 286 149 2943 200 0 0 12 763 61 187 2938 135 1 473 308 26 93 1159 1994 42
0 0 0 61 281 210 3517 27 0 0 0 306 77 679 3034 0 0 53 268 27 147 2169 1432 0
3 2 1 0 21 151 2529 1389 3 2 1 7 29 192 2471 1391 4 1 8 9 80 312 2531 1151
382 91 38 70 143 462 2802 108 375 134 54 70 246 587 2593 37 388 139 63 152 343 1413 1582 16
290 220 115 138 209 764 1217 1143 256 240 137 143 278 784 1200 1058 204 257 187 187 479 734 1092 956
1866 1503 234 68 119 293 11 2 2142 1284 189 115 306 51 8 1 2468 1028 204 149 231 7 8 1
605 1301 1215 266 318 323 59 9 765 1469 963 373 351 153 18 4 1103 1547 818 261 295 56 11 5
407 974 1271 254 592 517 78 3 533 1117 1102 621 271 423 28 1 818 1569 983 241 400 75 9 1
291 649 868 434 1027 552 168 107 391 715 845 1110 384 447 129 75 637 1200 1251 276 437 121 70 104
188 770 963 361 1174 319 213 108 310 863 861 1185 372 241 176 88 615 1488 1232 204 241 101 146 69
245 591 440 514 320 211 1496 279 328 652 446 611 168 398 1321 172 551 1011 454 135 160 380 1109 296
58 22 22 48 208 1377 2200 161 61 31 44 126 352 2129 1227 126 75 63 98 166 836 2552 190 116
330 79 382 1195 1357 486 213 54 347 253 937 1464 705 164 186 40 1684 633 359 744 365 62 137 112
633 229 243 395 846 1092 551 107 678 244 388 817 920 546 425 78 887 763 616 471 590 226 369 174
679 495 396 385 485 1148 442 66 740 559 463 523 836 728 210 37 818 1119 585 406 638 330 137 63
666 486 313 398 598 1220 334 81 444 715 535 634 917 669 124 58 567 1171 726 414 832 274 66 46
466 271 474 413 801 1393 193 85 502 333 575 826 1236 478 72 74 761 1315 637 364 785 125 38 71
1544 267 212 254 442 535 637 205 1602 273 289 412 474 421 468 157 1797 632 255 277 287 187 405 256
1338 124 114 99 227 1462 679 53 1369 124 135 263 1300 616 255 34 1173 1508 350 144 206 626 55 34
248 149 181 309 207 2308 683 11 271 190 321 220 1246 1798 43 7 456 335 373 1723 1055 108 39 7
68 111 111 117 214 725 2747 3 70 121 144 245 163 2845 507 1 106 221 204 395 2451 708 10 1
42 116 103 87 66 280 3233 169 49 171 75 102 118 2197 1269 115 118 219 122 425 1639 1384 94 95
34 173 112 182 123 243 3093 136 31 197 174 183 124 1741 1640 6 59 206 263 489 1398 1679 2 0
33 117 254 306 327 451 2362 246 42 177 327 331 346 1337 1456 80 106 272 415 551 1198 1418 85 51
112 171 213 267 419 779 1891 244 140 204 275 439 636 1257 1037 108 227 291 575 732 1059 895 224 93
92 52 120 282 448 694 2241 167 105 58 205 429 491 1762 1014 32 110 218 405 783 1256 1152 139 33
