0 1 45 3238 555 138 12 107 0 5 687 2914 363 12 11 104 1 222 2976 524 241 15 9 108
0 0 76 1184 2594 242 0 0 0 2 472 2408 1211 3 0 0 0 261 1574 1921 335 5 0 0
0 0 5 105 3133 598 64 191 0 1 14 1848 1778 226 48 181 0 2 200 2864 607 188 46 189
0 0 0 158 3396 542 0 0 0 0 2 2342 1752 0 0 0 0 0 539 3015 542 0 0 0
0 0 2 35 3030 714 62 253 0 0 6 892 2580 329 51 238 0 2 137 2744 727 189 51 246
0 0 5 427 3129 512 5 18 0 0 228 2080 1747 18 5 18 0 157 940 2499 471 6 5 18
0 0 3 87 3198 599 53 156 0 2 21 1853 1836 199 34 151 0 17 899 2375 494 123 35 153
0 0 0 1 3367 327 32 369 0 0 0 994 2651 54 31 366 0 0 27 3190 443 40 28 368
0 0 6 27 3924 54 8 77 0 3 9 3428 556 19 4 77 1 6 950 2961 74 22 5 77
0 0 218 1217 2569 14 10 68 0 116 351 3495 45 12 13 64 13 279 2527 1150 38 10 13 66
0 20 11 573 3486 6 0 0 1 25 11 3219 840 0 0 0 1 26 78 3625 366 0 0 0
1 194 159 1060 2372 286 24 0 19 281 347 2442 893 114 0 0 53 291 849 2387 432 84 0 0
0 14 14 280 2897 430 375 86 0 23 24 1523 1924 334 232 36 0 23 732 1689 1085 344 186 37
0 0 0 84 2830 1070 112 0 0 0 0 1326 2380 379 11 0 0 0 641 1664 1577 212 2 0
0 0 0 0 2599 950 357 190 0 0 0 1053 2303 332 374 34 0 0 394 1354 1706 290 310 42
2 52 48 190 2465 1225 111 3 16 49 83 1437 2132 353 26 0 37 55 503 1841 1485 167 8 0
0 0 0 27 2644 983 345 97 0 0 0 1009 2439 314 308 26 0 0 454 1267 1836 242 277 20
0 0 0 105 2806 1042 139 4 0 0 0 1288 2356 411 41 0 0 0 687 1610 1549 230 20 0
0 63 100 477 2227 809 309 111 13 107 86 1586 1617 387 209 91 86 76 705 1514 1114 363 145 93
0 47 139 840 2491 488 41 50 0 102 227 2058 1514 133 15 47 12 141 588 2407 802 87 12 47
719 464 298 388 1424 803 0 0 862 362 308 407 2156 1 0 0 1405 410 89 74 2111 7 0 0
288 459 201 241 1177 1730 0 0 487 319 181 263 2844 2 0 0 749 346 107 163 2729 2 0 0
51 363 350 575 1032 1716 9 0 123 316 296 540 1997 823 1 0 478 367 335 501 1934 481 0 0
12 174 91 156 341 2850 472 0 34 156 77 127 555 3146 1 0 129 111 139 214 987 2516 0 0
0 0 0 0 1 2684 1411 0 0 0 0 0 203 3893 0 0 0 37 48 11 536 3464 0 0
0 0 0 0 0 2938 1158 0 0 0 0 0 226 3870 0 0 0 0 0 0 564 3532 0 0
0 0 0 0 12 3358 726 0 0 0 0 0 510 3564 22 0 0 0 0 0 962 3118 16 0
0 0 0 0 105 3943 48 0 0 0 0 0 1545 2551 0 0 0 0 0 35 2035 2026 0 0
19 55 64 76 1464 2392 26 0 40 63 92 249 3199 453 0 0 126 154 103 405 3025 283 0 0
1 137 317 317 2470 818 36 0 16 280 287 595 2728 190 0 0 806 725 114 312 2047 92 0 0
574 380 337 1350 1201 195 59 0 807 476 987 1371 326 125 4 0 1593 1246 478 429 221 118 11 0
324 803 606 1261 911 191 0 0 613 932 940 1348 263 0 0 0 1447 1269 550 610 217 3 0 0
320 1026 863 1211 572 79 25 0 593 1455 1195 621 190 39 3 0 1674 1373 714 193 111 30 1 0
182 576 631 1114 1113 469 11 0 345 875 1214 729 814 119 0 0 1309 1576 803 294 77 37 0 0
53 450 361 531 1721 899 81 0 152 650 673 987 1282 352 0 0 972 1618 726 222 475 83 0 0
66 749 489 638 1127 818 205 4 144 960 739 681 905 649 18 0 439 1234 935 465 456 557 10 0
57 484 580 657 1063 1013 225 17 175 735 789 829 868 615 85 0 514 804 1132 667 454 444 79 2
306 740 750 718 1015 489 77 1 520 1137 750 918 485 282 4 0 1039 1161 1100 281 297 216 2 0
260 682 688 819 1123 436 81 7 587 825 842 1140 513 189 0 0 958 1258 914 402 432 130 2 0
692 624 540 921 951 293 75 0 903 813 505 1129 547 199 0 0 1461 1265 412 515 299 144 0 0
576 488 638 1432 948 14 0 0 943 1093 1750 297 11 2 0 0 2367 1359 331 31 7 1 0 0
813 865 747 881 634 146 10 0 1340 1262 828 460 172 33 1 0 2499 870 373 216 117 21 0 0
490 685 735 1013 985 180 8 0 886 987 1203 754 234 32 0 0 1840 1186 607 301 147 15 0 0
451 767 1145 1031 633 63 6 0 955 1270 1276 498 85 12 0 0 2198 1213 497 145 36 7 0 0
767 612 469 574 1017 431 213 13 1112 817 1015 639 199 213 101 0 1956 1177 411 139 125 192 95 1
769 408 348 520 1236 655 157 3 979 559 905 1116 330 169 38 0 1847 978 669 302 124 138 38 0
801 482 254 631 1013 501 414 0 1074 504 923 834 135 572 54 0 1898 891 393 202 105 545 62 0
91 382 803 1156 1265 367 32 0 432 1024 1152 1069 323 96 0 0 1281 1351 785 383 225 71 0 0
23 210 656 1086 1567 506 46 2 717 1114 910 919 401 35 0 0 1581 1307 649 376 167 16 0 0
52 254 732 1584 1214 243 16 1 318 1159 1487 916 191 24 1 0 2078 1225 480 218 75 20 0 0
340 71 92 528 2659 386 20 0 372 112 625 2608 329 50 0 0 578 2018 1198 180 104 18 0 0
0 39 118 438 1855 1646 0 0 20 119 402 2182 1373 0 0 0 163 1260 2481 192 0 0 0 0
0 0 0 22 1375 2692 7 0 0 0 21 1816 2255 4 0 0 0 930 2859 307 0 0 0 0
0 2 22 42 1394 2636 0 0 0 18 44 1811 2223 0 0 0 29 968 3051 48 0 0 0 0
86 78 43 104 885 2687 195 18 116 74 79 1435 2124 171 97 0 181 648 2452 506 193 116 0 0
117 40 50 127 1383 2239 137 3 133 63 117 1710 1922 147 4 0 211 1014 2073 679 91 27 1 0
148 30 46 175 1730 1964 3 0 157 56 149 2132 1598 4 0 0 221 1155 2355 338 27 0 0 0
0 0 3 43 1667 2342 41 0 0 3 59 2127 1888 19 0 0 0 710 2875 452 59 0 0 0
0 0 5 117 1799 2153 21 1 0 6 151 2436 1479 23 1 0 31 743 2729 558 31 4 0 0
0 0 47 138 3091 820 0 0 0 40 127 3440 489 0 0 0 65 1404 2522 105 0 0 0 0
0 0 15 86 2278 1596 121 0 0 11 66 2177 1683 116 43 0 26 1571 2157 162 127 53 0 0
0 0 0 0 784 3165 147 0 0 0 0 869 3063 69 95 0 0 491 2896 557 61 91 0 0
0 0 0 0 125 3811 109 51 0 0 0 265 3621 121 89 0 0 208 3000 711 94 83 0 0
0 0 0 0 25 3424 557 90 0 0 0 43 3186 756 111 0 0 30 1821 1996 137 112 0 0
0 0 0 0 49 2903 1045 99 0 0 0 128 2718 997 253 0 0 71 1440 2077 249 240 19 0
0 0 0 0 34 2901 957 204 0 0 0 55 2734 979 328 0 0 49 1235 2140 331 190 151 0
0 0 0 0 91 3444 485 76 0 0 0 248 3181 557 110 0 0 185 1978 1681 135 114 3 0
0 0 0 0 0 3429 606 61 0 0 0 3 3084 904 105 0 0 0 735 3119 130 112 0 0
0 0 0 0 79 3769 225 23 0 0 0 260 3573 189 74 0 0 116 2017 1780 115 68 0 0
0 0 0 0 194 3777 125 0 0 0 0 66 3865 111 54 0 0 136 2820 996 105 39 0 0
