534 571 1109 747 363 222 204 346 565 624 1093 771 349 221 169 304 772 862 955 722 248 199 139 199
454 550 2211 714 115 29 9 14 454 588 2253 645 110 23 9 14 597 1004 2004 406 51 14 6 14
201 434 1268 1322 679 159 27 6 320 652 1616 1124 326 37 16 5 640 916 1833 587 94 18 5 3
437 493 973 805 1121 192 23 52 480 529 1261 1554 182 19 21 50 630 715 2198 445 26 22 15 45
278 124 733 1727 1202 31 1 0 291 127 959 1922 790 6 1 0 319 203 1502 1752 315 4 1 0
800 268 877 1654 458 5 6 28 804 280 850 1913 210 5 6 28 848 351 1494 1330 35 4 7 27
715 301 934 2042 103 1 0 0 708 311 770 2231 76 0 0 0 798 298 1870 1103 27 0 0 0
1065 181 187 518 779 840 359 167 1150 454 319 736 909 396 101 31 1426 348 387 1130 569 186 47 3
94 241 495 519 1206 1039 438 64 211 534 799 861 1410 231 29 21 582 749 1009 1270 442 22 16 6
56 61 44 133 2442 1266 50 44 66 55 59 168 3586 99 23 40 73 63 108 383 3393 28 25 23
24 29 83 1879 1669 207 153 52 28 30 128 2848 739 206 111 6 46 49 1838 1811 261 86 5 0
118 87 88 1026 2473 212 30 62 127 89 110 1790 1707 186 35 52 183 67 597 2783 372 37 30 27
381 122 126 1639 1475 268 72 13 433 117 143 1849 1305 232 13 4 488 108 440 2614 370 70 6 0
165 46 47 606 926 1590 613 103 257 758 296 796 1007 948 34 0 931 315 489 1011 1151 199 0 0
112 59 81 916 1277 1636 15 0 121 71 96 1234 1608 964 2 0 153 60 1005 1050 1774 54 0 0
26 50 136 1516 1069 525 399 375 26 54 191 1720 1005 548 294 258 49 147 1079 1799 591 261 163 7
38 154 194 343 865 962 757 783 70 188 281 491 1080 999 516 471 303 390 530 1096 883 494 315 85
98 311 320 564 646 805 638 714 110 206 348 426 799 961 869 377 364 292 333 613 713 1164 373 244
0 14 55 255 769 1136 845 1022 60 564 390 354 733 930 423 642 620 354 316 733 824 650 336 263
437 398 349 736 734 899 409 134 495 554 411 765 695 912 210 54 782 510 615 864 781 494 38 12
929 383 384 1016 481 363 257 283 1057 397 496 1237 335 203 177 194 1371 627 1067 495 196 198 136 6
1577 655 326 360 303 332 241 302 1696 674 365 412 305 220 192 232 2074 685 361 301 246 181 203 45
775 495 812 388 491 459 323 353 860 526 823 501 520 350 286 230 1356 722 950 327 311 234 160 36
964 502 1029 369 337 283 288 324 1062 552 1170 472 246 232 219 143 1264 905 995 289 278 259 88 18
1125 444 352 390 690 679 238 178 1368 653 550 467 469 425 128 36 1732 765 510 333 454 266 34 2
1534 530 294 643 859 220 16 0 1648 485 525 981 422 31 4 0 1841 730 1070 423 24 8 0 0
324 165 273 941 1296 881 193 23 355 218 587 1303 1288 319 24 2 998 697 1124 1065 192 19 1 0
306 234 403 834 1176 1066 71 6 318 276 582 1215 1258 433 11 3 585 642 1256 1379 210 16 6 2
881 331 223 502 873 944 205 137 1106 453 370 740 944 423 57 3 1322 624 892 972 265 16 5 0
955 602 255 544 873 780 61 26 1317 638 350 612 978 181 15 5 1598 578 996 737 152 27 7 1
52 62 433 1180 1920 441 8 0 66 182 812 1906 1093 37 0 0 208 794 2158 922 14 0 0 0
68 28 154 626 1903 1195 121 1 81 107 337 1445 1781 341 4 0 206 396 1767 1599 127 1 0 0
1 18 121 478 1641 1391 433 13 6 67 264 1080 1889 734 56 0 83 343 1401 1835 420 14 0 0
0 40 257 754 1322 1194 481 48 8 154 690 1015 1426 731 72 0 266 672 1197 1515 439 7 0 0
0 21 231 794 1690 1263 97 0 2 244 546 986 1938 373 7 0 376 401 1179 1970 169 1 0 0
