454 88 18 19 19 22 1054 2422 477 67 18 19 18 24 1130 2343 76 476 21 18 18 34 330 3123
2570 78 32 14 40 29 511 822 2591 61 29 19 39 42 542 773 207 2456 28 26 35 99 493 752
2629 251 0 62 2 15 506 631 2769 111 8 56 0 69 748 335 127 2753 42 22 21 97 1032 2
2457 305 24 79 34 74 388 735 2648 122 51 63 29 116 1061 6 207 2561 88 31 70 269 869 1
2699 94 38 24 53 88 661 439 2736 71 30 35 57 332 835 0 416 2400 24 60 52 583 561 0
1301 563 243 197 452 1077 263 0 1395 566 257 319 539 904 116 0 1496 666 455 316 918 226 19 0
17 37 132 927 304 2573 106 0 23 39 366 708 432 2528 0 0 36 34 641 573 2680 132 0 0
543 2546 145 144 409 104 125 80 1235 1899 339 266 113 59 184 1 197 3263 203 98 111 52 143 29
193 397 142 412 1055 1291 518 88 303 421 805 1406 736 414 11 0 218 2352 978 384 153 11 0 0
36 112 112 88 381 1226 1575 566 108 131 192 830 1486 1211 137 1 327 930 1433 956 421 29 0 0
0 30 68 123 426 1301 1757 391 15 99 170 818 1585 1285 124 0 57 788 1857 1098 296 0 0 0
15 71 59 154 856 1594 1133 214 44 94 318 1584 1187 770 99 0 93 1648 1374 673 301 7 0 0
108 370 265 526 1745 1010 72 0 283 482 958 1792 487 94 0 0 601 2250 988 210 47 0 0 0
127 363 269 414 849 1949 108 17 320 375 509 712 389 1721 66 4 579 939 341 420 1656 114 42 5
677 394 290 525 1008 980 222 0 713 462 676 1267 910 68 0 0 535 2226 1173 144 15 3 0 0
198 136 62 192 197 613 2436 262 279 108 179 355 1086 2083 6 0 345 305 1338 1937 166 5 0 0
0 0 0 25 89 199 1532 2251 0 0 28 101 308 2383 1119 157 2 39 384 1474 1573 501 123 0
142 166 176 97 94 195 1533 1693 195 245 136 96 247 2741 436 0 100 387 240 1876 1358 133 2 0
0 0 7 20 30 380 2572 1087 0 7 22 48 781 2941 297 0 11 27 501 2420 1103 34 0 0
0 2 78 122 1483 2122 289 0 4 77 258 2120 1583 54 0 0 104 1757 1858 366 11 0 0 0
1030 673 405 1103 783 97 5 0 1439 691 1459 453 45 9 0 0 1141 2473 420 60 2 0 0 0
0 1 99 237 684 1452 1585 38 0 90 275 1213 1817 699 2 0 107 1215 1990 743 41 0 0 0
0 0 0 0 55 129 2886 1026 0 0 0 84 496 3325 178 13 0 2 715 2938 351 75 15 0
0 0 2 39 52 231 808 2964 0 2 28 74 195 1720 1500 577 4 29 107 1009 1535 758 414 240
0 0 15 32 112 277 1794 1866 0 18 38 151 417 2901 567 4 34 79 466 2182 1234 101 0 0
0 0 0 2 60 165 1778 2091 0 0 2 80 284 2723 860 147 0 17 246 1815 1280 622 116 0
0 27 110 182 690 2134 936 17 5 161 232 1739 1599 360 0 0 180 1475 1808 592 41 0 0 0
0 62 133 385 2983 531 2 0 87 179 2059 1727 44 0 0 0 372 3510 210 4 0 0 0 0
0 0 0 0 14 1948 2081 53 0 0 0 147 3174 775 0 0 0 104 3099 826 67 0 0 0
17 616 192 230 61 267 2053 660 103 718 230 69 1067 1580 302 27 370 592 1058 1435 464 138 38 1
0 0 2 31 20 87 2253 1703 0 3 31 21 534 2758 584 165 14 28 414 2152 1136 179 85 88
0 0 4 74 74 118 1825 2001 0 4 78 79 297 2838 799 1 9 93 215 1895 1673 211 0 0
416 234 284 219 192 457 1805 489 491 350 266 228 1035 1472 196 58 590 415 1038 1372 475 126 64 16
0 0 0 0 326 2547 1095 128 0 0 18 1625 1691 637 103 22 5 1380 1649 702 241 87 32 0
0 87 96 364 3070 478 1 0 78 157 2377 1405 79 0 0 0 431 3232 427 6 0 0 0 0
