135 427 1692 1567 170 79 26 0 401 1732 1446 400 33 84 0 0 1689 1560 730 26 86 5 0 0
177 567 2614 695 25 17 1 0 1218 2589 213 53 14 9 0 0 3570 438 64 15 9 0 0 0
390 904 2455 347 0 0 0 0 1385 2707 4 0 0 0 0 0 4021 75 0 0 0 0 0 0
94 624 1710 856 411 275 111 15 707 1987 577 381 173 241 18 12 2354 797 436 139 241 103 22 4
96 447 884 559 657 467 455 531 395 910 552 603 450 368 578 240 1003 692 566 470 370 350 536 109
236 980 1194 341 343 388 416 198 1120 1262 294 309 298 377 333 103 2251 326 275 277 377 334 252 4
194 984 1606 725 191 150 211 35 1104 1733 658 184 123 148 137 9 2446 1004 154 146 133 182 26 5
257 910 829 1602 153 129 187 29 1096 1028 1452 166 89 143 120 2 1725 1813 153 102 118 161 24 0
50 551 1087 1943 149 115 179 22 529 1162 1911 144 99 142 109 0 1174 2389 152 97 108 135 41 0
0 442 1778 1573 92 87 122 2 295 1524 1946 91 61 119 60 0 1170 2570 91 58 92 100 15 0
1089 322 282 1755 648 0 0 0 1244 260 1613 975 4 0 0 0 1375 1254 1462 5 0 0 0 0
0 8 842 3246 0 0 0 0 2 857 3237 0 0 0 0 0 393 3703 0 0 0 0 0 0
17 26 759 3294 0 0 0 0 39 1177 2880 0 0 0 0 0 705 3389 2 0 0 0 0 0
0 1 58 1196 2841 0 0 0 2 16 1368 2710 0 0 0 0 6 1271 2647 172 0 0 0 0
244 199 693 773 2187 0 0 0 342 709 772 2267 6 0 0 0 709 927 2093 367 0 0 0 0
19 537 1763 1548 229 0 0 0 395 1820 1658 223 0 0 0 0 1427 2393 271 5 0 0 0 0
0 0 504 2691 901 0 0 0 0 71 3371 654 0 0 0 0 0 2756 1340 0 0 0 0 0
0 0 97 2133 1866 0 0 0 0 0 2212 1884 0 0 0 0 0 1690 2406 0 0 0 0 0
169 57 940 1801 1129 0 0 0 200 35 2443 1418 0 0 0 0 225 1827 2044 0 0 0 0 0
0 0 1588 2497 11 0 0 0 0 2 3920 174 0 0 0 0 0 3119 977 0 0 0 0 0
368 329 2878 454 67 0 0 0 533 506 2920 126 11 0 0 0 837 3104 132 23 0 0 0 0
0 12 3476 297 191 119 1 0 5 878 2880 180 150 3 0 0 77 3663 198 152 6 0 0 0
0 0 3639 166 120 171 0 0 0 874 2926 127 130 39 0 0 20 3788 136 112 40 0 0 0
0 0 1039 2716 151 190 0 0 0 29 3381 467 156 63 0 0 0 2100 1784 153 59 0 0 0
180 123 1662 1815 145 154 17 0 226 539 2945 139 159 88 0 0 295 2245 1276 184 96 0 0 0
706 1502 1360 235 166 120 7 0 1187 2076 483 178 133 37 2 0 2172 1487 224 130 76 7 0 0
477 288 2812 293 216 10 0 0 587 668 2653 171 17 0 0 0 808 3055 213 18 2 0 0 0
97 105 2226 1296 371 1 0 0 152 253 3391 273 27 0 0 0 247 3535 270 44 0 0 0 0
391 1206 1928 395 176 0 0 0 831 1483 1680 102 0 0 0 0 1552 2437 105 2 0 0 0 0
126 152 3295 375 148 0 0 0 165 948 2974 9 0 0 0 0 366 3723 7 0 0 0 0 0
139 225 1869 1223 640 0 0 0 363 492 3229 12 0 0 0 0 1699 2393 4 0 0 0 0 0
123 124 1234 1033 1131 451 0 0 238 243 2961 646 8 0 0 0 1006 3018 64 8 0 0 0 0
115 119 775 699 1006 1381 1 0 210 152 2133 1579 22 0 0 0 568 3470 48 10 0 0 0 0
91 99 135 632 981 1947 211 0 174 109 1147 1836 830 0 0 0 309 3368 419 0 0 0 0 0
67 82 83 204 987 1683 990 0 126 84 546 1343 1993 4 0 0 216 2947 933 0 0 0 0 0
91 99 291 514 875 1407 819 0 240 411 1093 1242 1102 8 0 0 1452 2496 148 0 0 0 0 0
19 25 78 340 1126 2379 129 0 50 288 417 2010 1328 3 0 0 558 3364 165 4 5 0 0 0
0 1 17 58 1564 2456 0 0 1 30 125 3700 240 0 0 0 114 3942 40 0 0 0 0 0
0 0 41 177 2835 1043 0 0 1 65 1545 2485 0 0 0 0 1126 2969 1 0 0 0 0 0
0 0 0 159 3937 0 0 0 0 2 2798 1296 0 0 0 0 445 3651 0 0 0 0 0 0
0 17 42 131 3860 46 0 0 17 173 3803 103 0 0 0 0 3714 382 0 0 0 0 0 0
0 13 54 57 2431 1541 0 0 36 83 2978 988 11 0 0 0 3287 807 2 0 0 0 0 0
0 0 0 0 125 3964 7 0 0 0 535 3519 42 0 0 0 2818 1277 1 0 0 0 0 0
0 0 0 0 1 3155 940 0 0 0 0 2523 1567 6 0 0 574 3264 258 0 0 0 0 0
0 0 0 0 0 1631 2465 0 0 0 0 704 3332 60 0 0 3 3192 901 0 0 0 0 0
0 0 0 0 0 2538 1558 0 0 0 0 1978 2117 1 0 0 172 3760 164 0 0 0 0 0
0 4 65 30 28 3571 398 0 20 54 33 2812 1177 0 0 0 361 3665 70 0 0 0 0 0
0 19 82 76 186 3728 5 0 51 77 132 3586 250 0 0 0 762 3313 21 0 0 0 0 0
0 23 56 75 822 3120 0 0 37 58 474 3527 0 0 0 0 1323 2769 4 0 0 0 0 0
0 0 8 57 3083 948 0 0 2 20 1750 2324 0 0 0 0 2163 1933 0 0 0 0 0 0
4 61 52 1532 2447 0 0 0 67 1407 2622 0 0 0 0 0 4082 14 0 0 0 0 0 0
0 90 59 307 3475 165 0 0 96 429 3561 10 0 0 0 0 4004 92 0 0 0 0 0 0
10 98 55 60 2348 1525 0 0 119 77 3130 770 0 0 0 0 3974 122 0 0 0 0 0 0
18 112 51 56 1051 2794 14 0 134 71 1995 1851 45 0 0 0 3242 854 0 0 0 0 0 0
2 88 60 42 143 3654 107 0 68 86 203 3050 689 0 0 0 524 3550 22 0 0 0 0 0
0 0 0 0 1 4042 53 0 0 0 0 3410 686 0 0 0 28 4068 0 0 0 0 0 0
0 0 0 0 3 4093 0 0 0 0 0 4092 4 0 0 0 819 3277 0 0 0 0 0 0
0 0 0 0 306 3790 0 0 0 0 385 3711 0 0 0 0 2776 1320 0 0 0 0 0 0
0 21 25 26 1989 2035 0 0 25 29 1904 2138 0 0 0 0 3578 517 1 0 0 0 0 0
0 73 58 59 3663 243 0 0 81 64 3480 471 0 0 0 0 3872 223 1 0 0 0 0 0
1807 93 55 1933 208 0 0 0 1901 1715 480 0 0 0 0 0 4092 4 0 0 0 0 0 0
210 109 31 780 2966 0 0 0 316 940 2840 0 0 0 0 0 4063 33 0 0 0 0 0 0
0 0 0 88 4008 0 0 0 0 594 3502 0 0 0 0 0 4096 0 0 0 0 0 0 0
0 0 0 3 4022 71 0 0 0 163 3932 1 0 0 0 0 4096 0 0 0 0 0 0 0
0 12 6 5 3105 968 0 0 6 36 3230 812 12 0 0 0 3347 744 5 0 0 0 0 0
0 116 59 43 2087 1791 0 0 34 152 2101 1752 57 0 0 0 2266 1790 40 0 0 0 0 0
6 141 50 47 1417 2435 0 0 115 87 1375 2519 0 0 0 0 1777 2319 0 0 0 0 0 0
22 149 46 41 1692 2146 0 0 153 63 1401 2479 0 0 0 0 2355 1741 0 0 0 0 0 0
83 114 46 52 2878 923 0 0 180 65 2291 1560 0 0 0 0 3050 1046 0 0 0 0 0 0
98 123 54 67 3636 118 0 0 206 69 3467 354 0 0 0 0 3440 656 0 0 0 0 0 0
