26 174 92 567 1876 1251 46 64 85 123 92 642 1910 1148 32 64 55 156 102 695 1873 1091 60 64
0 0 0 80 431 1721 1716 148 0 0 0 256 317 1754 1609 160 0 0 8 308 245 1691 1629 215
0 0 0 322 589 2995 68 122 0 0 11 403 995 2517 96 74 0 0 125 530 1552 1735 90 64
0 0 0 7 975 2665 385 64 0 0 0 18 1167 2442 405 64 0 0 0 34 1204 2358 436 64
0 0 0 16 185 2011 1678 206 0 0 0 23 183 2017 1727 146 0 0 0 22 197 1950 1809 118
0 0 2 276 2284 1466 4 64 0 0 4 320 2817 888 3 64 0 0 33 307 2958 731 3 64
0 0 0 172 987 1835 881 221 0 0 1 187 1084 1746 953 125 0 0 6 192 1373 1448 987 90
0 0 49 714 2384 948 1 0 0 2 182 1125 2463 324 0 0 0 2 315 1829 1845 105 0 0
0 0 0 5 1320 2771 0 0 0 0 0 127 2711 1258 0 0 0 0 17 408 2903 768 0 0
0 21 71 113 3245 563 62 21 2 73 215 449 3074 220 63 0 0 76 285 1536 1921 222 56 0
0 24 375 764 1967 923 43 0 2 212 1043 1319 978 542 0 0 0 338 1087 1106 1030 535 0 0
0 11 277 689 1816 903 398 2 0 124 1206 1328 665 539 234 0 1 272 1159 1286 599 583 196 0
0 9 251 631 2884 286 35 0 1 100 837 1375 1655 115 13 0 0 280 854 1613 1225 112 12 0
0 0 190 533 2991 316 66 0 0 37 315 1176 2236 284 48 0 0 240 295 1761 1479 264 57 0
0 9 47 790 2892 347 11 0 0 20 61 2549 1317 149 0 0 1 30 165 3374 456 70 0 0
642 376 187 570 2000 292 29 0 758 345 263 1399 1186 145 0 0 778 388 480 1815 541 94 0 0
504 308 163 477 2293 345 6 0 673 261 344 1432 1320 66 0 0 698 379 458 2076 452 32 1 0
26 61 73 424 3365 145 2 0 1 86 136 1511 2354 8 0 0 0 52 256 3452 327 9 0 0
0 20 62 665 3325 23 1 0 2 11 129 1752 2198 4 0 0 4 36 671 2349 959 77 0 0
0 16 29 49 3987 15 0 0 5 27 42 384 3635 3 0 0 12 27 67 3764 224 2 0 0
0 5 10 130 3951 0 0 0 2 8 9 1497 2580 0 0 0 4 9 6 3974 103 0 0 0
268 305 384 1974 1131 33 1 0 333 416 556 2695 86 10 0 0 404 650 1371 1644 20 7 0 0
811 363 353 942 1495 126 6 0 1026 447 1029 1432 151 11 0 0 1148 996 1117 745 82 8 0 0
535 351 278 1307 1487 135 3 0 653 386 675 2149 176 57 0 0 644 691 1270 1338 126 27 0 0
397 278 306 768 1649 606 91 1 319 520 607 1760 610 249 31 0 299 524 842 1646 529 212 43 1
760 275 231 1160 1448 190 32 0 833 385 463 2080 251 53 31 0 756 695 669 1815 81 46 34 0
671 362 295 1201 1157 373 37 0 758 407 542 1763 505 118 3 0 715 573 1170 1268 288 76 6 0
179 259 330 2026 951 335 16 0 280 353 541 2219 495 204 4 0 284 526 1546 1152 387 195 6 0
0 0 63 258 2031 1712 32 0 0 0 180 2099 1750 67 0 0 0 79 2175 1781 57 4 0 0
0 0 59 253 1315 2324 145 0 0 7 148 1438 2321 182 0 0 4 84 1426 2314 260 8 0 0
0 0 0 123 884 2659 430 0 0 0 45 870 2874 307 0 0 0 15 739 3100 242 0 0 0
12 22 46 86 751 2701 478 0 2 45 75 662 3177 135 0 0 3 40 559 3101 344 49 0 0
32 23 34 102 596 3021 288 0 42 35 89 601 3244 81 4 0 54 79 852 3013 76 18 4 0
0 0 14 229 665 3081 107 0 0 0 7 698 3366 25 0 0 0 10 1286 2747 53 0 0 0
0 0 0 24 642 3239 191 0 0 0 27 849 2991 219 10 0 0 50 1471 2237 232 106 0 0
