1057 583 1379 677 127 95 178 0 146 1148 799 1378 271 118 236 0 51 975 821 1413 459 227 150 0
1206 916 428 476 635 210 225 0 130 2427 778 389 80 45 247 0 881 1735 672 300 212 168 128 0
856 780 403 354 1128 268 307 0 8 2069 1215 362 162 68 212 0 1135 1424 848 236 190 177 86 0
774 828 569 400 803 368 354 0 3 1690 1056 581 256 156 354 0 541 1225 1053 468 362 249 198 0
694 976 776 733 463 304 150 0 1 1320 782 688 749 281 267 8 46 901 1045 702 870 392 136 4
1136 1075 591 767 307 83 137 0 657 1510 423 669 526 142 165 4 581 1073 1008 613 512 144 153 12
616 1134 238 219 1594 254 41 0 130 1468 405 761 1175 106 46 5 192 1452 1487 706 154 58 25 22
572 452 224 911 1187 701 48 1 159 766 253 1189 1193 482 53 1 186 733 730 2212 116 58 50 11
246 830 278 789 940 828 180 5 44 998 291 1211 760 598 186 8 72 619 1173 1570 325 171 153 13
442 673 346 381 892 985 377 0 46 1171 431 681 665 731 349 22 104 791 1335 1065 297 151 298 55
73 218 490 513 906 1701 195 0 49 187 371 428 1310 1508 243 0 118 311 709 1003 1380 355 220 0
384 1052 382 708 808 590 172 0 167 1479 646 627 573 399 201 4 203 1192 1457 582 222 242 184 14
68 41 79 119 1141 2373 274 1 38 73 163 437 1400 1655 326 4 26 290 440 2605 338 119 240 38
100 28 75 319 938 2335 301 0 92 43 149 1179 928 1400 304 1 327 541 824 1627 330 246 197 4
284 101 80 365 727 2421 116 2 258 137 301 752 1075 1428 138 7 278 478 872 1878 372 106 101 11
618 130 111 579 805 1668 185 0 666 311 416 676 1100 718 209 0 690 927 586 1544 75 82 192 0
113 272 146 829 988 1709 39 0 543 830 206 340 1035 1097 45 0 519 1066 460 1394 637 20 0 0
327 728 127 507 1282 1111 14 0 308 737 274 770 1210 766 31 0 315 566 1423 1234 541 17 0 0
0 3 27 33 64 3790 179 0 0 0 20 30 59 3689 298 0 0 0 21 2485 1377 180 33 0
0 7 45 98 503 3260 183 0 0 9 48 137 476 3134 283 9 2 45 172 2191 1168 424 84 10
66 53 45 112 432 2978 410 0 44 66 48 101 481 2783 570 3 53 78 234 1937 1456 264 69 5
21 48 41 171 1007 2469 339 0 49 40 49 268 1249 2049 392 0 52 64 593 2255 992 134 6 0
469 67 57 351 855 2157 140 0 568 193 174 727 864 1442 128 0 530 435 950 1872 309 0 0 0
0 1 17 163 550 3111 253 1 0 2 86 137 1548 2078 233 12 4 118 1165 2181 422 119 76 11
