18 219 700 712 795 1022 356 274 226 1139 790 768 634 145 168 226 599 1124 635 1029 191 170 187 161
693 1092 1123 829 259 70 16 14 595 2321 935 158 52 14 12 9 1175 1687 945 243 20 11 13 2
1051 1304 1043 571 99 24 4 0 711 2953 432 0 0 0 0 0 992 2018 968 118 0 0 0 0
809 1197 1348 552 140 37 13 0 932 2652 375 80 49 8 0 0 1574 1788 577 112 41 4 0 0
1038 1330 1100 540 71 17 0 0 878 2984 234 0 0 0 0 0 1224 2181 671 20 0 0 0 0
537 771 1412 764 429 98 54 31 729 2369 604 238 63 41 36 16 1635 1583 699 73 44 38 15 9
300 406 696 754 1161 227 222 330 1055 923 1006 428 89 133 236 226 1410 971 921 152 141 172 188 141
18 37 226 1075 575 320 486 1359 83 502 1144 451 167 141 320 1288 306 1103 680 236 72 151 306 1242
548 678 775 1295 501 202 33 64 113 1361 2204 273 70 17 37 21 471 1715 1185 560 97 34 32 2
508 680 885 1233 382 219 97 92 165 1877 1634 148 142 72 41 17 839 1687 942 446 119 18 42 3
283 422 631 1435 782 319 109 115 174 1452 1652 487 159 85 87 0 902 1928 872 214 77 96 7 0
404 555 833 1092 777 243 72 120 307 1890 1239 342 173 72 51 22 1184 1816 699 251 80 60 6 0
313 469 862 1213 837 239 38 125 318 1786 1246 463 150 25 104 4 1336 1715 784 130 61 65 5 0
0 22 387 908 702 680 439 958 496 717 654 378 375 398 266 812 1028 797 351 330 333 298 203 756
10 374 471 1234 337 358 1005 307 166 1527 1143 324 304 291 285 56 1296 841 233 686 520 259 242 19
0 73 897 1229 383 379 584 551 175 1066 1309 460 333 203 368 182 1185 536 336 676 749 235 355 24
12 117 700 1147 411 423 343 943 189 1024 1004 721 334 256 347 221 1168 676 336 627 664 237 349 39
37 533 598 625 483 474 249 1097 568 391 954 1074 354 175 343 237 906 1138 534 551 385 252 314 16
0 3 524 1410 477 370 244 1068 135 1088 740 946 293 220 357 317 1228 535 438 484 672 349 375 15
0 21 565 1401 392 400 293 1024 205 1032 829 891 329 247 246 317 1273 577 463 569 628 321 262 3
96 288 660 1072 400 370 218 992 690 1097 669 859 378 134 194 75 1438 955 513 715 216 192 67 0
0 2 117 133 7 6 366 3465 0 0 409 717 874 2017 55 24 48 968 522 1078 1019 422 39 0
0 112 2782 275 42 27 138 720 0 10 1343 2291 188 184 42 38 104 659 56 55 493 2658 69 2
0 27 125 17 6 6 31 3884 0 6 170 1150 1643 1053 71 3 470 3360 70 26 99 70 1 0
0 0 2 2 2 17 110 3963 2 20 84 957 1527 1379 105 22 555 3368 83 38 31 17 4 0
0 3 348 84 18 12 15 3616 0 1 119 771 1162 1904 100 39 347 3113 147 26 55 387 19 2
0 12 1093 1843 74 40 32 1002 0 5 317 1814 1625 210 69 56 335 576 36 41 115 1805 1177 11
0 0 2 58 11 5 4 4016 0 0 0 771 1111 2068 112 34 520 2855 618 7 4 25 66 1
