963 510 1078 1373 172 0 0 0 1202 750 877 1239 28 0 0 0 1932 525 1097 537 5 0 0 0
1060 543 597 1085 809 2 0 0 1321 465 633 1445 232 0 0 0 1920 456 657 990 73 0 0 0
506 380 815 1169 1039 186 1 0 448 482 892 1677 544 53 0 0 1886 439 658 863 211 39 0 0
1 100 377 947 2102 558 11 0 39 111 521 1464 1848 113 0 0 65 428 976 1921 625 80 1 0
321 683 520 1042 1113 417 0 0 852 403 450 995 1381 15 0 0 994 482 660 1650 307 3 0 0
558 689 705 934 1002 204 4 0 954 562 853 663 1025 39 0 0 1153 848 677 1181 228 9 0 0
995 519 471 342 1045 722 2 0 1148 511 450 424 1518 45 0 0 1376 510 352 1572 261 25 0 0
769 619 596 551 786 770 5 0 1131 620 477 523 1282 63 0 0 1284 652 515 1124 507 14 0 0
554 626 533 701 1016 665 1 0 965 515 434 692 1461 29 0 0 1049 523 634 1365 524 1 0 0
643 438 484 519 1518 487 7 0 765 468 528 568 1685 81 1 0 799 507 678 1724 346 41 1 0
223 474 549 908 1826 113 3 0 459 413 545 845 1765 69 0 0 608 450 695 1701 623 19 0 0
606 688 410 610 1574 208 0 0 1073 414 351 645 1601 12 0 0 1223 381 485 1329 676 2 0 0
485 162 314 679 2404 52 0 0 539 200 375 572 2410 0 0 0 607 245 468 2664 112 0 0 0
502 580 413 242 1544 808 3 4 890 484 271 249 2193 4 5 0 911 599 234 1482 860 5 2 3
380 472 421 318 2259 236 7 3 540 530 367 446 2194 10 6 3 620 681 387 1555 835 9 7 2
571 206 302 323 2648 46 0 0 650 220 311 300 2615 0 0 0 710 297 287 2632 170 0 0 0
399 493 284 319 2523 78 0 0 825 185 318 233 2535 0 0 0 871 313 287 2568 57 0 0 0
362 282 317 297 2837 1 0 0 474 329 293 438 2562 0 0 0 605 340 367 2779 5 0 0 0
282 199 175 258 3180 2 0 0 407 181 260 364 2884 0 0 0 514 291 186 3103 2 0 0 0
129 173 189 424 3179 2 0 0 187 172 192 2586 959 0 0 0 167 213 210 3490 16 0 0 0
125 325 1695 1293 613 45 0 0 212 428 2055 1127 250 24 0 0 345 808 1934 920 82 7 0 0
379 330 519 2014 330 351 173 0 524 291 1666 983 149 466 17 0 672 526 1847 486 213 341 11 0
217 342 534 1238 448 745 572 0 294 337 999 809 540 996 121 0 985 380 948 372 453 958 0 0
658 568 562 348 696 719 544 1 729 496 639 393 1020 577 242 0 924 395 469 641 904 689 69 5
1893 896 576 454 169 84 24 0 1654 702 1119 456 116 48 1 0 1695 497 439 565 875 23 2 0
2362 695 521 389 121 8 0 0 1976 657 1131 294 38 0 0 0 1529 1031 569 279 684 4 0 0
1404 844 713 648 176 49 261 1 1451 810 903 519 114 68 231 0 1369 999 740 421 250 70 240 7
2654 685 292 121 48 59 237 0 2778 637 250 108 27 73 223 0 2759 646 277 85 28 39 260 2
1134 998 704 563 597 99 1 0 1558 949 791 651 143 4 0 0 1597 965 885 565 82 2 0 0
1765 1286 526 294 127 81 17 0 2274 1019 463 192 81 64 3 0 2477 904 430 169 78 38 0 0
1479 1173 787 546 101 7 3 0 1696 1100 736 504 55 5 0 0 1643 1047 725 444 226 11 0 0
2458 986 420 208 23 1 0 0 2569 978 405 134 10 0 0 0 2353 1171 410 132 28 2 0 0
1127 975 589 818 388 161 38 0 1371 961 640 710 285 115 14 0 1462 981 651 636 260 95 11 0
1963 691 312 355 362 273 139 1 2225 546 312 377 271 320 44 1 1974 846 332 360 417 162 5 0
1975 926 414 573 140 68 0 0 2213 832 558 337 121 35 0 0 2104 1007 593 266 120 6 0 0
2478 491 430 454 203 40 0 0 2654 543 393 370 108 28 0 0 2786 547 383 292 75 13 0 0
1838 612 775 548 269 54 0 0 2100 782 642 423 133 16 0 0 2204 930 503 311 124 24 0 0
2435 780 520 293 68 0 0 0 2695 725 464 183 29 0 0 0 2547 1039 302 158 49 1 0 0
1349 1027 757 567 346 29 17 4 1894 947 629 449 142 21 13 1 2101 1033 551 326 60 18 7 0
1365 649 691 975 410 6 0 0 1641 757 580 988 130 0 0 0 1707 713 699 847 129 1 0 0
1672 236 696 960 515 6 8 3 1682 248 298 1525 328 8 5 2 1725 268 789 1282 20 6 4 2
607 910 1370 502 361 307 39 0 663 360 810 1634 417 208 4 0 810 587 1525 711 413 50 0 0
0 0 199 1445 403 1110 939 0 0 0 1 1291 860 1798 146 0 0 0 34 1882 662 1513 5 0
271 202 408 996 213 468 1532 6 2 192 301 811 772 1481 523 14 2 12 129 1560 416 1795 158 24
1594 1012 778 124 151 184 242 11 21 411 1799 1245 134 189 262 35 2 62 179 1494 1798 192 250 119
1738 825 737 152 133 195 297 19 11 305 2051 1040 159 173 306 51 2 40 168 1225 2019 231 269 142
778 366 604 841 198 200 929 180 158 712 1079 571 337 206 1008 25 622 163 84 854 1124 369 797 83
0 7 386 1068 248 252 1816 319 127 810 154 211 526 349 1889 30 719 291 132 482 246 564 1653 9
813 1978 365 126 157 123 438 96 739 2037 293 218 158 120 452 79 163 147 492 1717 842 140 408 187
856 1080 443 387 340 206 588 196 969 1038 614 335 211 155 615 159 861 587 567 680 376 168 534 323
447 1482 447 448 365 262 550 95 547 1500 515 457 283 179 527 88 61 165 609 1612 763 177 490 219
400 1233 833 641 486 298 195 10 175 311 919 1782 367 311 205 26 86 125 460 1102 1315 701 237 70
543 1622 445 440 450 398 195 3 140 111 1325 1490 369 366 281 14 130 103 245 846 1843 528 344 57
489 1034 647 393 413 572 537 11 247 328 1053 937 495 745 275 16 215 284 367 593 1537 760 296 44
780 481 370 412 396 854 739 64 940 421 464 369 380 1146 372 4 890 539 360 435 473 1255 131 13
1342 639 308 352 614 782 58 1 1556 523 400 327 633 636 21 0 1462 768 350 433 688 366 29 0
949 1495 392 141 286 552 270 11 2303 443 172 192 288 608 90 0 2198 547 216 223 368 489 55 0
1251 1908 479 138 167 123 29 1 3093 416 214 140 169 60 4 0 2823 639 280 147 160 45 2 0
1083 835 301 98 94 1163 521 1 1208 651 150 312 96 1630 48 1 1026 823 164 90 224 1733 36 0
868 552 704 365 198 1169 237 3 1007 497 308 667 194 1318 105 0 697 488 458 275 399 1625 142 12
398 2261 1228 126 55 28 0 0 655 88 224 3044 61 23 1 0 642 146 1443 1801 59 5 0 0
24 2093 1793 177 9 0 0 0 46 243 248 3535 24 0 0 0 401 181 1829 1685 0 0 0 0
21 176 3740 143 4 5 7 0 44 221 142 3670 9 9 1 0 237 130 118 3596 8 7 0 0
121 227 1799 1081 381 283 167 37 183 327 470 2593 255 145 97 26 468 477 448 2357 113 110 97 26
0 25 3182 241 211 431 6 0 7 142 282 3526 110 29 0 0 125 274 613 3030 54 0 0 0
0 0 3659 52 73 285 27 0 0 0 0 3912 145 39 0 0 0 0 220 3794 82 0 0 0
0 0 2320 1266 125 349 36 0 0 0 0 2901 867 308 20 0 0 0 17 3599 380 100 0 0
29 24 766 3058 216 3 0 0 23 21 75 1745 2218 14 0 0 29 22 116 3356 568 5 0 0
31 183 2078 1082 589 104 27 2 42 34 328 2561 1045 82 4 0 58 128 633 2904 328 37 8 0
192 643 1694 879 509 171 8 0 317 415 613 2024 600 115 12 0 769 486 951 1672 194 23 1 0
67 1176 2707 118 16 11 1 0 53 214 374 3178 255 15 6 1 0 10 603 3329 131 20 3 0
87 1379 2053 276 217 72 3 9 1 28 264 3302 478 11 6 6 0 0 205 3255 553 72 8 3
188 416 1363 817 618 472 202 20 48 71 785 2033 815 233 106 5 93 359 783 1598 774 347 138 4
463 739 1203 435 426 380 425 25 586 306 357 1689 452 496 210 0 672 279 352 1215 623 698 239 18
44 243 965 1648 456 496 233 11 101 151 489 1795 995 396 169 0 204 281 594 1886 637 448 45 1
513 453 2194 433 273 224 6 0 507 217 587 2310 326 146 3 0 480 372 715 2181 263 83 2 0
37 1103 2265 169 185 273 60 4 1124 105 113 2299 215 223 17 0 1130 111 277 2207 228 136 7 0
31 1955 1935 86 53 33 3 0 1917 102 89 1934 42 12 0 0 1914 103 230 1808 31 10 0 0
0 57 517 1370 376 1642 134 0 2 17 29 924 1296 1737 91 0 15 27 37 1680 493 1722 122 0
18 43 450 1125 381 1967 112 0 0 10 56 768 1141 2024 97 0 0 26 45 1410 454 2010 150 1
0 2606 297 30 127 1007 29 0 0 0 81 3849 80 85 1 0 0 571 479 2923 87 36 0 0
235 611 1236 415 372 1115 90 22 509 808 488 2000 99 119 67 6 1277 696 1035 848 89 95 49 7
0 5 618 170 339 2453 511 0 45 289 194 3395 73 76 24 0 323 141 2988 521 70 53 0 0
69 447 389 462 675 1221 825 8 63 192 626 2482 272 214 225 22 596 816 1961 219 230 202 58 14
2 42 85 309 374 2361 923 0 53 157 551 3334 1 0 0 0 244 424 3405 23 0 0 0 0
0 0 0 0 0 1238 2858 0 0 0 0 4096 0 0 0 0 0 0 4096 0 0 0 0 0
0 0 0 0 13 1148 2935 0 0 0 0 3365 169 546 16 0 0 0 3371 101 409 215 0 0
20 96 180 160 473 1437 1730 0 143 62 256 2898 674 63 0 0 174 198 2581 864 271 8 0 0
14 226 420 254 616 2021 465 80 149 135 914 2503 281 54 53 7 221 726 2279 702 101 52 15 0
697 637 520 485 762 712 272 11 671 403 928 1282 557 207 48 0 1288 814 1002 616 290 81 5 0
0 168 727 171 273 1222 1535 0 0 2 183 3381 469 53 8 0 3 59 2792 1026 193 17 6 0
0 2 1346 106 110 1480 1052 0 0 0 0 3824 204 68 0 0 0 0 2410 1529 147 10 0 0
408 260 1088 254 306 1273 490 17 511 237 249 2400 413 229 52 5 396 308 1346 1279 395 277 82 13
103 191 555 631 782 1030 728 76 226 259 503 1488 626 614 380 0 226 491 878 894 519 608 468 12
17 329 1710 225 221 1254 340 0 88 467 320 2720 365 136 0 0 184 273 1615 1595 252 171 6 0
0 0 2751 44 60 1131 110 0 0 0 0 3918 116 62 0 0 0 0 1194 2807 82 13 0 0
0 0 3083 42 68 873 30 0 0 0 0 3920 104 72 0 0 0 23 810 3156 101 6 0 0
0 24 3248 122 131 501 46 24 0 0 18 3749 162 129 37 1 0 25 537 3329 132 61 12 0
427 191 2247 834 118 259 20 0 513 159 251 2549 530 84 10 0 369 269 416 2822 133 53 32 2
366 117 3182 341 77 12 1 0 354 86 101 3159 384 12 0 0 295 161 138 3425 64 12 1 0
0 0 2 7 40 4016 26 5 0 3 101 3941 25 20 6 0 3 3029 989 38 17 16 4 0
0 12 21 82 787 3011 149 34 14 24 1172 2544 179 137 25 1 25 1389 2161 258 131 111 18 3
80 44 48 136 780 3002 6 0 115 81 950 2926 24 0 0 0 175 1168 2700 32 21 0 0 0
1098 377 333 980 351 837 118 2 1423 531 932 1136 44 15 13 2 1781 926 1176 141 39 18 12 3
0 0 1 108 164 2833 990 0 0 19 185 3856 28 8 0 0 22 178 3853 26 16 1 0 0
0 0 0 0 0 1308 2788 0 0 0 0 4096 0 0 0 0 0 0 4096 0 0 0 0 0
114 207 152 144 235 1242 1956 46 344 149 104 2648 281 510 60 0 339 177 2629 193 328 407 23 0
96 257 130 235 755 1611 949 63 383 132 350 2524 620 36 41 10 397 305 2121 896 315 43 18 1
4 34 24 33 190 2666 1103 42 44 24 229 3319 421 22 29 8 57 188 3212 560 35 28 16 0
3 84 200 398 569 1682 1145 15 30 240 696 2687 364 34 40 5 16 710 2618 636 47 34 30 5
0 0 0 0 0 2081 2015 0 0 0 0 4096 0 0 0 0 0 1 4095 0 0 0 0 0
0 0 0 0 56 1332 2604 104 0 0 46 3858 53 57 81 1 0 25 3852 69 48 83 19 0
14 206 87 247 484 1941 1000 117 73 236 440 2704 440 99 89 15 71 325 2634 547 365 106 47 1
166 172 118 285 829 2006 497 23 295 168 563 2593 294 140 39 4 147 720 2485 337 192 162 51 2
1 55 56 78 140 1541 2225 0 48 82 180 3630 104 52 0 0 1 107 3682 166 97 43 0 0
0 0 0 0 0 571 3525 0 0 0 0 4096 0 0 0 0 0 0 4096 0 0 0 0 0
0 0 0 0 7 1157 2790 142 0 0 1 3865 53 57 120 0 0 1 3845 63 53 129 5 0
0 0 0 0 1 1405 2555 135 0 0 10 3853 60 61 112 0 0 14 3805 82 66 129 0 0
38 33 44 284 319 1507 1871 0 80 93 409 3512 2 0 0 0 153 393 3511 38 1 0 0 0
604 346 164 286 276 2128 292 0 843 321 221 2460 137 105 9 0 620 558 2435 225 160 56 30 12
0 0 0 0 0 4096 0 0 0 0 65 4031 0 0 0 0 0 1380 2716 0 0 0 0 0
0 0 0 0 0 4041 55 0 0 0 0 4096 0 0 0 0 0 21 4075 0 0 0 0 0
2375 268 69 59 91 1085 149 0 2579 144 96 1277 0 0 0 0 2386 505 1205 0 0 0 0 0
2620 293 95 138 254 662 33 1 2868 171 372 608 57 18 2 0 2684 579 635 130 51 16 1 0
0 0 0 0 36 3672 261 127 0 0 310 3568 61 59 98 0 0 946 2904 61 59 87 39 0
0 0 0 0 23 2551 1365 157 0 0 3 3818 82 71 119 3 0 2 3784 84 72 97 57 0
1 7 38 69 338 2064 1530 49 2 7 38 2578 401 1017 51 2 1 8 2509 177 312 1064 25 0
5 21 110 220 1083 761 1896 0 5 41 168 3104 770 8 0 0 4 42 2748 627 654 21 0 0
0 0 0 0 0 1413 2683 0 0 0 0 4096 0 0 0 0 0 9 4087 0 0 0 0 0
3 27 48 86 280 1351 2275 26 25 61 342 3562 45 29 9 23 61 379 3500 69 34 23 7 23
0 0 0 0 4 2100 1754 238 0 0 36 3651 107 86 161 55 0 29 3615 125 87 126 114 0
0 0 0 0 2 1713 2278 103 0 0 1 3915 47 40 87 6 0 0 3888 56 44 66 42 0
1 14 35 72 221 1939 1805 9 12 30 115 3743 129 50 12 5 23 79 3714 129 101 38 8 4
0 30 21 69 218 2877 795 86 26 33 465 2649 528 301 79 15 28 518 2441 285 475 263 81 5
0 0 0 0 28 3681 387 0 0 0 51 3796 225 24 0 0 0 308 3324 279 171 14 0 0
0 0 0 0 1 2798 1242 55 0 0 1 4008 18 20 49 0 0 49 3961 16 23 47 0 0
0 0 0 0 15 2285 1536 260 0 0 16 3652 98 108 221 1 0 52 3569 116 97 250 12 0
0 0 0 0 0 3006 1090 0 0 0 3 4093 0 0 0 0 0 96 4000 0 0 0 0 0
27 302 78 152 315 2760 462 0 141 322 376 2801 372 84 0 0 85 1007 2396 280 298 30 0 0
5 43 62 98 219 3416 243 10 58 113 427 3139 281 72 6 0 97 1468 1951 317 206 54 3 0
0 2907 233 32 48 686 76 114 0 0 89 3780 67 57 102 1 0 204 518 3168 65 66 75 0
0 2179 306 31 37 1305 119 119 0 0 63 3790 71 56 111 5 0 52 1308 2524 64 58 90 0
2757 451 322 94 117 297 37 21 2804 144 126 821 100 53 30 18 2816 216 373 541 82 27 34 7
3026 349 201 102 120 178 90 30 3166 263 171 368 76 22 27 3 3172 287 369 184 44 19 21 0
0 129 440 41 31 1461 1821 173 0 0 7 3751 98 74 144 22 0 42 3104 655 87 81 127 0
0 3 54 20 15 973 2933 98 0 0 3 3906 51 43 81 12 0 1 3817 110 50 41 77 0
0 7 56 127 397 2003 1506 0 0 8 55 2872 388 763 10 0 0 10 2779 205 302 789 11 0
1 11 110 237 1169 712 1856 0 1 8 130 2982 951 23 1 0 0 13 2620 573 865 24 1 0
0 0 0 0 1 551 3429 115 0 0 3 3914 37 37 87 18 0 3 3898 43 35 55 62 0
0 0 0 0 5 1525 2291 275 0 0 18 3633 101 87 199 58 0 77 3537 116 88 134 144 0
0 0 0 0 0 755 3331 10 0 0 0 4078 6 4 5 3 0 0 4075 8 3 4 6 0
0 0 0 0 0 57 4039 0 0 0 0 4096 0 0 0 0 0 0 4096 0 0 0 0 0
0 0 0 0 0 16 4080 0 0 0 0 4096 0 0 0 0 0 0 4096 0 0 0 0 0
0 0 0 0 0 19 4077 0 0 0 0 4085 11 0 0 0 0 2 4092 2 0 0 0 0
0 0 0 0 0 28 4068 0 0 0 0 4096 0 0 0 0 0 0 4096 0 0 0 0 0
0 0 0 0 0 484 3212 400 0 0 6 3510 109 114 343 14 0 17 3434 150 109 296 90 0
0 0 0 0 0 34 4062 0 0 0 0 4096 0 0 0 0 0 3 4093 0 0 0 0 0
0 0 0 0 0 113 3983 0 0 0 0 4096 0 0 0 0 0 1 4095 0 0 0 0 0
0 1 17 51 82 805 3140 0 8 32 80 3916 38 22 0 0 13 189 3813 40 41 0 0 0
0 5 11 37 124 3433 486 0 8 24 383 3679 2 0 0 0 15 1292 2774 15 0 0 0 0
0 3477 260 192 128 19 20 0 0 0 2 3730 213 123 25 3 0 0 47 3659 142 137 109 2
0 3731 216 39 31 35 39 5 0 0 5 3942 47 34 48 20 0 0 51 3911 40 34 50 10
2171 1679 232 8 2 4 0 0 2063 107 111 1806 4 3 2 0 2079 109 138 1763 2 2 3 0
2031 1687 375 3 0 0 0 0 1946 112 104 1911 23 0 0 0 1955 120 117 1903 1 0 0 0
0 3701 395 0 0 0 0 0 0 0 0 4079 17 0 0 0 0 0 0 4096 0 0 0 0
0 3314 687 22 14 11 14 34 0 0 0 4007 36 17 32 4 0 0 5 4021 21 20 29 0
0 1834 714 245 682 484 48 89 0 22 82 2821 633 447 82 9 0 22 239 2702 596 457 78 2
25 799 811 680 937 402 358 84 4 12 330 2268 1239 101 126 16 4 16 1230 1532 1089 106 118 1
0 1943 338 48 89 992 463 223 0 0 120 3511 109 96 225 35 0 141 1356 2192 107 146 154 0
0 1119 577 44 40 1170 1013 133 0 0 37 3795 72 66 119 7 0 50 2063 1743 70 74 96 0
0 282 825 49 34 1189 1583 134 0 0 6 3818 76 68 125 3 0 43 2632 1173 75 74 99 0
0 61 468 59 29 619 2723 137 0 0 6 3815 78 64 120 13 0 8 3231 618 71 68 100 0
0 0 62 21 14 358 3523 118 0 0 1 3865 64 55 111 0 0 29 3757 107 62 57 84 0
0 0 0 0 0 137 3959 0 0 0 0 4095 1 0 0 0 0 0 4094 2 0 0 0 0
0 0 0 0 2 767 2979 348 0 0 12 3560 89 98 330 7 0 56 3476 111 86 289 78 0
0 0 0 0 0 550 3478 68 0 0 2 4000 15 18 60 1 0 31 3953 26 17 52 17 0
0 0 0 0 0 498 3598 0 0 0 0 4096 0 0 0 0 0 25 4071 0 0 0 0 0
0 0 0 0 0 1076 3020 0 0 0 0 4096 0 0 0 0 0 124 3972 0 0 0 0 0
0 0 0 0 0 2260 1836 0 0 0 5 4091 0 0 0 0 0 949 3147 0 0 0 0 0
0 0 0 0 0 4036 60 0 0 0 63 4033 0 0 0 0 0 2987 1109 0 0 0 0 0
