0 4096 0 0 0 0 0 0 123 3973 0 0 0 0 0 0 963 3133 0 0 0 0 0 0
0 4096 0 0 0 0 0 0 95 4001 0 0 0 0 0 0 992 3104 0 0 0 0 0 0
7 4083 6 0 0 0 0 0 65 4031 0 0 0 0 0 0 880 3216 0 0 0 0 0 0
0 3793 303 0 0 0 0 0 14 4081 1 0 0 0 0 0 603 3493 0 0 0 0 0 0
0 1142 2670 107 52 78 47 0 4 2892 982 56 53 94 15 0 5 3674 213 55 56 93 0 0
0 834 2823 192 234 13 0 0 0 2217 1589 282 8 0 0 0 0 3434 419 241 2 0 0 0
0 0 690 176 746 675 1632 177 0 54 760 770 463 471 1480 98 0 293 496 745 495 390 1200 477
0 1530 1389 94 187 403 492 1 0 2252 723 72 216 382 451 0 20 2612 345 61 172 360 520 6
0 259 3837 0 0 0 0 0 0 889 3207 0 0 0 0 0 0 2196 1900 0 0 0 0 0
0 28 4068 0 0 0 0 0 0 118 3978 0 0 0 0 0 0 517 3579 0 0 0 0 0
0 19 4077 0 0 0 0 0 0 28 4068 0 0 0 0 0 0 946 3150 0 0 0 0 0
0 0 4096 0 0 0 0 0 0 6 4090 0 0 0 0 0 0 265 3831 0 0 0 0 0
0 68 4028 0 0 0 0 0 0 497 3599 0 0 0 0 0 0 1359 2737 0 0 0 0 0
0 0 4090 6 0 0 0 0 0 6 4090 0 0 0 0 0 0 49 4047 0 0 0 0 0
0 0 4089 7 0 0 0 0 0 0 4096 0 0 0 0 0 0 0 4096 0 0 0 0 0
0 4096 0 0 0 0 0 0 5 4091 0 0 0 0 0 0 374 3722 0 0 0 0 0 0
31 4065 0 0 0 0 0 0 319 3777 0 0 0 0 0 0 1295 2801 0 0 0 0 0 0
29 4067 0 0 0 0 0 0 180 3916 0 0 0 0 0 0 629 3467 0 0 0 0 0 0
13 4051 32 0 0 0 0 0 87 4008 1 0 0 0 0 0 821 3275 0 0 0 0 0 0
0 1340 2475 105 65 60 51 0 23 3079 803 42 48 66 35 0 1 3724 187 42 54 87 1 0
0 824 2726 219 243 84 0 0 0 2096 1632 261 44 63 0 0 0 3014 716 259 45 62 0 0
3 199 432 268 1392 1260 542 0 2 426 434 1541 711 374 608 0 2 563 419 1571 550 276 681 34
13 2114 702 138 333 638 158 0 17 2345 516 144 316 621 137 0 120 2329 437 123 314 526 247 0
0 54 3231 45 113 597 56 0 0 213 3087 42 135 619 0 0 0 524 2773 42 103 654 0 0
0 0 3060 44 201 705 86 0 0 12 3067 36 223 746 12 0 0 26 3051 37 205 753 24 0
0 0 2844 52 140 1022 38 0 0 37 2821 49 155 1013 21 0 0 273 2584 50 151 1020 18 0
0 14 2649 56 157 1065 155 0 0 15 2665 55 152 1143 66 0 0 116 2567 53 150 1157 53 0
0 146 2487 82 92 1108 181 0 0 221 2428 73 103 1171 100 0 3 331 2311 76 92 1157 126 0
0 183 2426 83 83 1068 253 0 0 226 2397 82 83 1143 165 0 0 454 2168 78 84 1119 193 0
0 259 2352 70 77 946 392 0 0 383 2252 57 82 997 325 0 0 481 2153 59 80 990 333 0
1 3594 464 37 0 0 0 0 36 3847 165 46 2 0 0 0 798 3143 118 37 0 0 0 0
0 2987 1010 66 33 0 0 0 0 3930 91 72 3 0 0 0 29 3932 60 74 1 0 0 0
0 3091 552 305 143 5 0 0 0 3406 311 302 77 0 0 0 14 3464 280 272 66 0 0 0
92 1617 508 314 373 758 434 0 175 1789 328 310 423 761 310 0 231 1776 309 320 438 720 302 0
29 1316 1205 275 234 980 55 2 247 2012 553 116 247 889 32 0 246 2411 156 115 228 901 39 0
1 715 2121 38 76 1145 0 0 8 1595 1239 35 131 1088 0 0 35 2450 360 38 93 1120 0 0
0 674 1500 259 797 866 0 0 3 1235 1187 950 316 405 0 0 23 1797 889 867 108 412 0 0
15 1940 220 283 797 840 1 0 85 2002 364 1028 214 403 0 0 367 1794 507 880 137 411 0 0
5 912 2576 28 94 467 14 0 13 1481 1999 30 110 457 6 0 56 2535 904 32 96 468 5 0
0 635 3058 31 68 294 10 0 6 874 2812 32 57 297 18 0 15 1936 1746 30 68 296 5 0
0 703 3146 84 38 112 13 0 2 1000 2872 62 37 111 12 0 11 1667 2192 69 43 105 9 0
0 746 3333 9 8 0 0 0 7 1199 2875 7 8 0 0 0 11 2108 1964 5 8 0 0 0
2 603 3463 28 0 0 0 0 5 833 3237 21 0 0 0 0 6 1483 2598 9 0 0 0 0
2 403 3691 0 0 0 0 0 4 713 3379 0 0 0 0 0 11 1324 2761 0 0 0 0 0
3 609 3484 0 0 0 0 0 4 790 3302 0 0 0 0 0 11 1201 2884 0 0 0 0 0
317 3052 294 284 143 6 0 0 1087 2299 292 355 63 0 0 0 1467 1959 298 330 42 0 0 0
0 3527 284 211 74 0 0 0 0 3679 192 210 15 0 0 0 24 3678 197 191 6 0 0 0
0 4096 0 0 0 0 0 0 1 4095 0 0 0 0 0 0 129 3967 0 0 0 0 0 0
59 2661 157 93 112 546 468 0 211 2579 114 95 125 737 235 0 465 2329 109 96 127 602 368 0
30 1687 2127 160 16 36 40 0 196 3147 637 30 27 34 25 0 245 3587 159 19 39 30 17 0
161 1561 1627 299 348 100 0 0 224 2465 973 409 25 0 0 0 290 2957 507 342 0 0 0 0
0 1096 1738 238 507 517 0 0 6 2096 941 957 96 0 0 0 65 2584 615 831 1 0 0 0
27 2242 143 205 722 757 0 0 115 2273 364 1312 32 0 0 0 938 1523 522 1113 0 0 0 0
14 1060 3022 0 0 0 0 0 26 1475 2595 0 0 0 0 0 100 2407 1589 0 0 0 0 0
2 512 3582 0 0 0 0 0 3 865 3228 0 0 0 0 0 15 1479 2602 0 0 0 0 0
0 601 3495 0 0 0 0 0 3 804 3289 0 0 0 0 0 13 1167 2916 0 0 0 0 0
0 581 3515 0 0 0 0 0 7 764 3325 0 0 0 0 0 19 1101 2976 0 0 0 0 0
0 596 3500 0 0 0 0 0 4 807 3285 0 0 0 0 0 16 1152 2928 0 0 0 0 0
0 540 3156 176 142 77 5 0 7 879 2987 158 65 0 0 0 22 1638 2229 155 52 0 0 0
0 776 3320 0 0 0 0 0 4 980 3112 0 0 0 0 0 24 1284 2788 0 0 0 0 0
47 3591 190 137 109 22 0 0 562 3067 189 131 117 29 1 0 1652 1983 187 126 120 27 1 0
0 4012 84 0 0 0 0 0 0 4096 0 0 0 0 0 0 29 4067 0 0 0 0 0 0
0 3009 719 45 41 246 36 0 0 3647 104 40 49 254 2 0 0 3697 55 42 48 242 12 0
203 2264 510 54 69 443 553 0 587 2256 139 59 65 688 302 0 821 2088 74 57 65 396 595 0
441 2016 1321 141 34 64 78 1 565 2883 425 57 46 56 64 0 752 2989 157 35 59 64 40 0
1006 591 150 348 571 1266 164 0 1279 645 317 1121 537 133 64 0 1327 617 325 1083 528 40 176 0
0 161 146 376 1710 1657 41 5 727 568 280 1504 981 7 29 0 391 919 482 2160 105 5 24 10
45 3037 342 129 293 250 0 0 240 3013 297 513 33 0 0 0 684 2655 273 484 0 0 0 0
138 1209 2749 0 0 0 0 0 169 1621 2306 0 0 0 0 0 80 3349 667 0 0 0 0 0
385 830 2877 4 0 0 0 0 373 1084 2635 4 0 0 0 0 80 1749 2263 2 2 0 0 0
537 645 2914 0 0 0 0 0 541 789 2766 0 0 0 0 0 30 1809 2257 0 0 0 0 0
692 793 2611 0 0 0 0 0 703 1009 2384 0 0 0 0 0 44 2207 1845 0 0 0 0 0
499 975 1840 199 126 457 0 0 541 1233 1714 87 332 189 0 0 194 1919 1396 94 327 166 0 0
715 1188 524 403 686 575 5 0 741 1249 679 647 746 34 0 0 695 1391 617 670 707 16 0 0
1083 1086 1927 0 0 0 0 0 1063 1232 1801 0 0 0 0 0 88 2301 1707 0 0 0 0 0
1612 1509 491 170 171 95 41 7 1798 1307 495 172 173 95 47 9 1677 1240 614 208 197 93 54 13
2564 1201 176 75 80 0 0 0 2610 1237 107 75 67 0 0 0 2131 1639 119 115 92 0 0 0
2117 573 247 113 182 422 442 0 2157 681 116 133 181 499 329 0 1259 1560 127 103 208 419 420 0
3456 366 64 30 39 129 12 0 3531 311 37 35 38 127 17 0 2030 1801 39 31 39 119 37 0
2970 915 103 76 24 8 0 0 3218 765 68 26 13 6 0 0 2781 1217 57 25 13 3 0 0
1319 202 304 235 180 486 1322 48 1479 294 225 172 191 502 1233 0 1416 279 223 178 155 283 640 922
35 27 57 132 448 288 1159 1950 271 234 91 127 83 222 1800 1268 126 341 122 107 63 112 338 2887
3515 64 29 35 78 364 11 0 3495 85 29 34 108 338 7 0 2660 904 28 32 51 368 53 0
4096 0 0 0 0 0 0 0 4092 4 0 0 0 0 0 0 1599 2497 0 0 0 0 0 0
4096 0 0 0 0 0 0 0 4096 0 0 0 0 0 0 0 1272 2824 0 0 0 0 0 0
4096 0 0 0 0 0 0 0 4096 0 0 0 0 0 0 0 1363 2733 0 0 0 0 0 0
4096 0 0 0 0 0 0 0 4096 0 0 0 0 0 0 0 1372 2724 0 0 0 0 0 0
1411 192 188 343 926 1036 0 0 1455 245 253 814 1142 187 0 0 335 1351 269 875 1050 216 0 0
3126 675 179 33 36 47 0 0 3092 754 166 41 42 1 0 0 2564 1254 194 40 37 7 0 0
2268 188 183 583 609 257 6 2 2305 284 582 692 224 8 1 0 301 2306 684 593 201 10 1 0
201 900 2995 0 0 0 0 0 57 627 3412 0 0 0 0 0 9 481 2403 1203 0 0 0 0
2334 1168 415 179 0 0 0 0 2388 900 808 0 0 0 0 0 2265 565 1266 0 0 0 0 0
1729 528 546 670 46 269 308 0 1991 577 880 35 54 343 216 0 2062 970 413 36 48 260 307 0
3481 42 38 27 47 180 281 0 3470 50 40 26 47 198 265 0 2882 625 39 31 46 155 318 0
3513 525 34 14 10 0 0 0 3726 322 28 15 5 0 0 0 3693 358 25 16 4 0 0 0
495 58 432 295 216 608 1107 885 865 255 136 142 243 632 1092 731 690 366 153 125 165 393 705 1499
0 0 0 0 0 64 1039 2993 0 0 0 0 0 62 1431 2603 0 0 0 0 0 24 325 3747
2870 34 50 30 245 671 179 17 2865 37 51 32 264 682 149 16 2794 98 32 43 99 516 446 68
4096 0 0 0 0 0 0 0 4096 0 0 0 0 0 0 0 2474 1622 0 0 0 0 0 0
4096 0 0 0 0 0 0 0 4096 0 0 0 0 0 0 0 1856 2240 0 0 0 0 0 0
4096 0 0 0 0 0 0 0 4096 0 0 0 0 0 0 0 624 3472 0 0 0 0 0 0
4096 0 0 0 0 0 0 0 4096 0 0 0 0 0 0 0 544 3552 0 0 0 0 0 0
3343 80 84 138 167 284 0 0 3344 86 107 174 369 16 0 0 233 3170 103 172 304 114 0 0
1036 296 258 651 986 869 0 0 1065 322 405 1018 1245 41 0 0 283 1028 450 1008 1178 149 0 0
1778 400 355 631 747 184 1 0 904 1255 556 927 416 21 17 0 352 537 865 1588 659 49 20 26
1070 1267 1759 0 0 0 0 0 286 1544 2266 0 0 0 0 0 16 1572 2203 305 0 0 0 0
2784 1244 68 0 0 0 0 0 2750 714 632 0 0 0 0 0 2625 239 1232 0 0 0 0 0
2365 527 414 415 192 143 40 0 2096 921 498 312 104 154 11 0 2229 940 356 288 122 146 15 0
2853 150 146 68 50 294 535 0 2900 210 69 43 50 534 290 0 2725 405 47 42 44 300 533 0
2923 679 122 56 77 79 160 0 3174 457 106 51 59 84 165 0 2885 738 87 73 47 79 139 48
610 84 23 34 58 456 1774 1057 625 71 24 45 307 322 1998 704 500 183 27 90 251 102 753 2190
0 0 0 201 267 732 751 2145 0 0 49 354 837 258 603 1995 0 0 145 275 944 91 220 2421
2135 80 112 277 599 748 139 6 2157 89 252 674 529 257 137 1 2102 133 268 658 414 272 224 25
3332 66 53 63 218 364 0 0 3368 66 74 408 180 0 0 0 2310 1125 80 388 193 0 0 0
3357 88 91 213 267 80 0 0 3401 116 246 292 41 0 0 0 2030 1459 250 274 83 0 0 0
4096 0 0 0 0 0 0 0 4096 0 0 0 0 0 0 0 1770 2326 0 0 0 0 0 0
4096 0 0 0 0 0 0 0 4096 0 0 0 0 0 0 0 1312 2784 0 0 0 0 0 0
4096 0 0 0 0 0 0 0 4096 0 0 0 0 0 0 0 1503 2593 0 0 0 0 0 0
3793 264 24 15 0 0 0 0 3113 937 31 15 0 0 0 0 1137 2109 281 381 188 0 0 0
2748 409 165 95 88 120 209 262 218 2868 193 122 86 104 124 381 0 21 474 1574 1313 121 115 478
903 1357 1797 39 0 0 0 0 230 1714 2097 55 0 0 0 0 8 1693 2104 289 2 0 0 0
1637 1011 552 180 83 316 317 0 1666 615 1010 137 54 390 224 0 1610 394 1205 196 68 287 336 0
2004 278 254 230 275 754 301 0 2010 388 265 128 300 840 165 0 2028 419 212 127 291 700 319 0
1676 268 301 452 602 603 194 0 1745 404 448 136 743 464 156 0 1789 628 182 115 528 640 214 0
2691 143 95 134 658 278 85 12 2688 143 97 177 709 186 73 23 2381 422 90 179 672 251 60 41
2668 110 58 93 222 734 210 1 2717 86 61 199 917 60 56 0 2628 173 76 468 595 75 79 2
1411 87 149 597 485 822 545 0 1449 84 484 712 1305 62 0 0 1442 114 661 555 1299 25 0 0
1931 188 183 525 940 329 0 0 1949 209 351 690 743 154 0 0 1598 549 404 660 688 196 1 0
1628 134 177 562 1139 456 0 0 1644 174 473 833 780 192 0 0 773 1002 452 740 909 220 0 0
2515 115 217 382 669 197 1 0 2535 151 373 313 538 185 1 0 1331 1326 402 307 530 195 5 0
2896 45 110 114 702 213 16 0 2895 47 110 226 609 197 12 0 833 2103 92 262 568 219 19 0
2874 70 69 174 704 203 2 0 2862 81 70 213 691 177 2 0 591 2333 75 211 693 191 2 0
2834 118 13 151 698 255 27 0 2833 119 17 164 697 248 18 0 807 2132 22 174 674 240 47 0
2727 185 91 145 676 256 16 0 2125 785 73 160 713 232 8 0 430 1736 177 596 862 268 27 0
2439 350 131 105 693 279 95 4 15 2726 101 151 743 268 58 34 0 0 67 925 2632 310 108 54
535 1153 2382 22 4 0 0 0 251 978 2837 26 4 0 0 0 20 963 2580 528 5 0 0 0
2007 1194 679 195 14 7 0 0 2047 1111 916 8 7 7 0 0 1933 924 1068 155 9 5 2 0
1975 293 1072 756 0 0 0 0 2097 1020 979 0 0 0 0 0 2139 1802 155 0 0 0 0 0
3275 362 371 88 0 0 0 0 3339 590 167 0 0 0 0 0 3188 807 101 0 0 0 0 0
4096 0 0 0 0 0 0 0 4096 0 0 0 0 0 0 0 3664 432 0 0 0 0 0 0
4096 0 0 0 0 0 0 0 4096 0 0 0 0 0 0 0 4065 31 0 0 0 0 0 0
3401 80 77 441 97 0 0 0 3418 79 268 331 0 0 0 0 3425 83 431 157 0 0 0 0
3954 29 34 79 0 0 0 0 3964 35 85 12 0 0 0 0 3081 917 98 0 0 0 0 0
4096 0 0 0 0 0 0 0 4096 0 0 0 0 0 0 0 751 3345 0 0 0 0 0 0
4096 0 0 0 0 0 0 0 4096 0 0 0 0 0 0 0 253 3843 0 0 0 0 0 0
4096 0 0 0 0 0 0 0 4096 0 0 0 0 0 0 0 225 3871 0 0 0 0 0 0
4096 0 0 0 0 0 0 0 4096 0 0 0 0 0 0 0 152 3944 0 0 0 0 0 0
4096 0 0 0 0 0 0 0 4096 0 0 0 0 0 0 0 81 4015 0 0 0 0 0 0
4026 70 0 0 0 0 0 0 3133 963 0 0 0 0 0 0 99 3019 153 473 352 0 0 0
4062 34 0 0 0 0 0 0 27 4069 0 0 0 0 0 0 5 17 34 1059 2981 0 0 0
733 1135 2228 0 0 0 0 0 460 807 2822 7 0 0 0 0 62 1027 2384 623 0 0 0 0
3171 719 206 0 0 0 0 0 3153 275 668 0 0 0 0 0 2988 255 848 5 0 0 0 0
675 572 1824 749 276 0 0 0 747 1955 592 774 28 0 0 0 561 2275 368 689 203 0 0 0
2916 264 364 141 411 0 0 0 2948 523 89 373 163 0 0 0 2536 922 79 163 396 0 0 0
4096 0 0 0 0 0 0 0 4096 0 0 0 0 0 0 0 3830 266 0 0 0 0 0 0
1798 117 97 160 1164 760 0 0 1860 109 225 1649 253 0 0 0 1801 161 406 1516 212 0 0 0
1137 56 131 484 2288 0 0 0 1156 90 351 2496 3 0 0 0 1155 135 443 2363 0 0 0 0
2337 67 74 299 1248 68 3 0 2348 83 317 1238 54 56 0 0 2288 154 579 960 41 74 0 0
4096 0 0 0 0 0 0 0 4096 0 0 0 0 0 0 0 1173 2923 0 0 0 0 0 0
4096 0 0 0 0 0 0 0 4096 0 0 0 0 0 0 0 156 3940 0 0 0 0 0 0
4096 0 0 0 0 0 0 0 4096 0 0 0 0 0 0 0 99 3997 0 0 0 0 0 0
4096 0 0 0 0 0 0 0 4096 0 0 0 0 0 0 0 31 4065 0 0 0 0 0 0
4096 0 0 0 0 0 0 0 4096 0 0 0 0 0 0 0 27 4069 0 0 0 0 0 0
4081 15 0 0 0 0 0 0 4055 41 0 0 0 0 0 0 1352 2740 4 0 0 0 0 0
4087 9 0 0 0 0 0 0 3919 177 0 0 0 0 0 0 3834 83 69 99 11 0 0 0
644 1023 2401 28 0 0 0 0 546 561 2931 58 0 0 0 0 293 635 2255 913 0 0 0 0
3235 598 263 0 0 0 0 0 3214 333 549 0 0 0 0 0 1819 1597 667 13 0 0 0 0
1768 471 296 717 835 9 0 0 1768 518 314 1367 129 0 0 0 574 1580 293 631 980 38 0 0
2145 243 198 675 835 0 0 0 2153 275 229 1262 177 0 0 0 921 1399 189 600 987 0 0 0
3763 160 19 22 16 30 70 16 3808 120 14 23 19 31 76 5 1768 2139 31 16 18 27 63 34
392 81 57 137 1799 1303 305 22 428 63 146 2674 410 83 287 5 324 171 267 2835 118 56 268 57
1586 194 241 694 1055 297 29 0 1649 206 657 1146 111 309 18 0 708 1148 798 988 66 287 101 0
902 93 116 181 696 1503 605 0 1053 83 58 523 307 1345 727 0 595 522 48 512 203 758 1425 33
4028 68 0 0 0 0 0 0 4087 9 0 0 0 0 0 0 1966 2130 0 0 0 0 0 0
4062 34 0 0 0 0 0 0 4080 16 0 0 0 0 0 0 1681 2415 0 0 0 0 0 0
4054 42 0 0 0 0 0 0 4070 26 0 0 0 0 0 0 1862 2234 0 0 0 0 0 0
3955 141 0 0 0 0 0 0 4002 94 0 0 0 0 0 0 1759 2337 0 0 0 0 0 0
3888 208 0 0 0 0 0 0 4014 82 0 0 0 0 0 0 1806 2290 0 0 0 0 0 0
3095 199 117 221 408 56 0 0 3154 182 174 433 153 0 0 0 1488 1845 226 388 149 0 0 0
500 149 156 352 782 2157 0 0 546 152 309 659 2430 0 0 0 480 206 332 703 2375 0 0 0
0 1208 2888 0 0 0 0 0 0 15 4074 7 0 0 0 0 0 0 3748 348 0 0 0 0
928 2743 395 30 0 0 0 0 1699 1739 652 6 0 0 0 0 672 2685 725 14 0 0 0 0
170 1935 1093 781 112 5 0 0 247 2189 972 610 78 0 0 0 73 2223 862 770 150 18 0 0
740 1210 685 995 304 43 75 44 1316 1675 513 384 90 38 59 21 331 2539 504 418 185 31 54 34
52 274 219 1697 938 90 504 322 990 2131 39 27 41 82 560 226 71 3014 62 32 36 63 308 510
84 1257 71 130 351 679 1209 315 149 1194 72 166 306 739 1234 236 14 1322 68 145 221 676 924 726
1482 2426 116 38 21 11 1 1 2079 1929 37 33 12 4 2 0 718 3288 46 22 10 10 2 0
130 663 616 1842 101 317 406 21 2353 849 44 50 96 308 361 35 196 2981 65 44 96 277 386 51
1892 1888 70 84 132 30 0 0 2140 1657 70 82 134 13 0 0 391 3389 70 84 139 23 0 0
1406 2690 0 0 0 0 0 0 1610 2486 0 0 0 0 0 0 107 3989 0 0 0 0 0 0
1613 2483 0 0 0 0 0 0 1932 2164 0 0 0 0 0 0 55 4041 0 0 0 0 0 0
1303 2793 0 0 0 0 0 0 1794 2302 0 0 0 0 0 0 66 3885 145 0 0 0 0 0
1845 2251 0 0 0 0 0 0 2019 2077 0 0 0 0 0 0 25 3853 218 0 0 0 0 0
2255 1728 48 58 7 0 0 0 2273 1728 77 18 0 0 0 0 37 3820 238 1 0 0 0 0
178 202 180 444 1115 1316 643 18 197 236 285 1018 1554 149 594 63 25 327 364 964 1547 129 316 424
0 1551 2545 0 0 0 0 0 0 2 4094 0 0 0 0 0 0 0 3797 299 0 0 0 0
1 3524 571 0 0 0 0 0 935 2695 466 0 0 0 0 0 744 2780 572 0 0 0 0 0
22 1455 402 222 290 670 785 250 46 1672 214 211 314 635 799 205 44 1549 330 182 316 494 800 381
143 1098 456 355 283 549 654 558 168 1251 347 357 333 572 504 564 124 1042 530 393 319 557 484 647
226 3257 309 271 18 6 8 1 616 3437 26 6 4 7 0 0 94 3301 682 6 4 7 2 0
423 3648 25 0 0 0 0 0 20 4076 0 0 0 0 0 0 0 2896 1200 0 0 0 0 0
909 3176 11 0 0 0 0 0 83 4011 2 0 0 0 0 0 0 2485 1611 0 0 0 0 0
536 1752 134 111 350 689 403 121 117 2186 120 110 357 666 395 145 25 1153 1207 97 218 729 393 274
65 679 310 345 587 1055 700 355 121 742 258 339 552 1003 691 390 18 726 292 294 507 926 721 612
1846 1531 103 85 75 80 138 238 455 2927 102 82 78 78 142 232 25 1687 1727 87 87 82 135 266
2763 1333 0 0 0 0 0 0 680 3416 0 0 0 0 0 0 0 918 3178 0 0 0 0 0
3374 722 0 0 0 0 0 0 1042 3054 0 0 0 0 0 0 0 1040 3056 0 0 0 0 0
3665 431 0 0 0 0 0 0 969 3127 0 0 0 0 0 0 0 1087 3009 0 0 0 0 0
3640 456 0 0 0 0 0 0 791 3305 0 0 0 0 0 0 0 1200 2896 0 0 0 0 0
224 229 110 98 189 651 2413 182 106 330 105 103 172 509 2336 435 0 49 425 104 109 260 1187 1962
0 1127 2969 0 0 0 0 0 0 0 4096 0 0 0 0 0 0 0 3780 316 0 0 0 0
87 2877 1132 0 0 0 0 0 1238 2445 413 0 0 0 0 0 426 1709 1947 14 0 0 0 0
9 1566 351 338 350 610 779 93 4 1587 273 377 368 588 803 96 3 161 1602 345 383 527 878 197
220 3143 230 206 193 77 19 8 47 3326 207 210 197 66 32 11 13 311 3145 225 211 139 41 11
400 3696 0 0 0 0 0 0 8 4088 0 0 0 0 0 0 0 39 4057 0 0 0 0 0
412 3684 0 0 0 0 0 0 33 4063 0 0 0 0 0 0 0 74 4022 0 0 0 0 0
775 3321 0 0 0 0 0 0 26 4070 0 0 0 0 0 0 0 257 3839 0 0 0 0 0
792 3049 23 32 56 56 87 1 51 3790 19 28 51 55 96 6 0 183 3661 31 46 51 84 40
546 2918 63 95 100 140 173 61 23 3434 62 86 102 120 181 88 4 82 3395 78 95 118 169 155
717 3088 17 24 16 36 140 58 30 3774 18 24 16 35 117 82 0 75 3735 21 20 32 42 171
1722 2374 0 0 0 0 0 0 28 4068 0 0 0 0 0 0 0 64 4032 0 0 0 0 0
2105 1991 0 0 0 0 0 0 60 4036 0 0 0 0 0 0 0 134 3962 0 0 0 0 0
2268 1828 0 0 0 0 0 0 64 4032 0 0 0 0 0 0 0 90 4006 0 0 0 0 0
2421 1675 0 0 0 0 0 0 74 4022 0 0 0 0 0 0 0 66 4030 0 0 0 0 0
636 516 123 163 211 353 1898 196 100 1034 131 163 192 305 1849 322 0 188 991 153 169 216 643 1736
0 2514 1582 0 0 0 0 0 0 6 4089 1 0 0 0 0 0 0 3819 277 0 0 0 0
90 3067 931 8 0 0 0 0 1790 1978 328 0 0 0 0 0 1156 1094 1835 11 0 0 0 0
19 3774 40 45 46 94 78 0 14 3773 46 41 45 77 100 0 8 219 3589 43 44 59 134 0
2 4094 0 0 0 0 0 0 2 4094 0 0 0 0 0 0 0 116 3980 0 0 0 0 0
27 4069 0 0 0 0 0 0 0 4096 0 0 0 0 0 0 0 56 4040 0 0 0 0 0
23 4073 0 0 0 0 0 0 2 4094 0 0 0 0 0 0 0 101 3995 0 0 0 0 0
99 3997 0 0 0 0 0 0 4 4092 0 0 0 0 0 0 0 36 4060 0 0 0 0 0
167 3929 0 0 0 0 0 0 0 4096 0 0 0 0 0 0 0 107 3989 0 0 0 0 0
253 3843 0 0 0 0 0 0 7 4089 0 0 0 0 0 0 0 17 4079 0 0 0 0 0
263 3833 0 0 0 0 0 0 0 4096 0 0 0 0 0 0 0 24 4072 0 0 0 0 0
463 3582 35 16 0 0 0 0 15 4028 48 5 0 0 0 0 0 44 4014 38 0 0 0 0
612 3163 214 107 0 0 0 0 15 3792 219 70 0 0 0 0 0 304 3625 167 0 0 0 0
846 2941 224 85 0 0 0 0 31 3765 253 47 0 0 0 0 0 995 2958 143 0 0 0 0
745 3031 183 137 0 0 0 0 22 3770 202 102 0 0 0 0 0 1780 2141 168 7 0 0 0
141 1001 290 248 353 588 1125 350 44 1083 286 254 371 602 1111 345 0 739 550 221 363 543 1125 555
591 2268 1237 0 0 0 0 0 206 1002 2888 0 0 0 0 0 1 376 3475 244 0 0 0 0
1206 2345 526 19 0 0 0 0 1944 2060 92 0 0 0 0 0 547 2580 969 0 0 0 0 0
0 4096 0 0 0 0 0 0 4 4092 0 0 0 0 0 0 0 1080 3016 0 0 0 0 0
44 4052 0 0 0 0 0 0 1 4095 0 0 0 0 0 0 0 407 3689 0 0 0 0 0
47 3837 92 119 1 0 0 0 1 3910 89 96 0 0 0 0 0 63 3912 121 0 0 0 0
18 3746 261 71 0 0 0 0 2 3808 234 52 0 0 0 0 0 586 3396 114 0 0 0 0
24 3747 231 94 0 0 0 0 0 3814 237 45 0 0 0 0 0 1221 2742 133 0 0 0 0
11 3771 243 71 0 0 0 0 2 3818 224 52 0 0 0 0 0 1891 2076 129 0 0 0 0
31 3594 341 130 0 0 0 0 0 3797 246 53 0 0 0 0 0 2419 1520 157 0 0 0 0
43 3432 533 88 0 0 0 0 0 3779 259 58 0 0 0 0 0 2972 988 136 0 0 0 0
1 3688 305 102 0 0 0 0 0 3837 194 65 0 0 0 0 0 3562 383 151 0 0 0 0
0 3958 138 0 0 0 0 0 0 4091 5 0 0 0 0 0 0 3832 264 0 0 0 0 0
0 4042 54 0 0 0 0 0 0 4091 5 0 0 0 0 0 0 3947 149 0 0 0 0 0
0 4085 11 0 0 0 0 0 0 4096 0 0 0 0 0 0 0 4004 92 0 0 0 0 0
11 950 430 553 706 709 673 64 1 978 358 527 695 689 713 135 0 711 417 405 614 719 771 459
461 3325 151 159 0 0 0 0 2 3806 145 143 0 0 0 0 0 1383 2511 196 6 0 0 0
332 2912 622 199 31 0 0 0 351 3146 412 181 6 0 0 0 0 2022 1762 284 28 0 0 0
0 1098 2695 181 122 0 0 0 0 2740 1127 199 30 0 0 0 0 1551 2112 337 96 0 0 0
0 574 3265 193 64 0 0 0 0 2754 1130 209 3 0 0 0 0 1857 1992 219 28 0 0 0
0 593 3315 185 3 0 0 0 0 2752 1195 149 0 0 0 0 0 1939 1980 176 1 0 0 0
0 1223 2699 174 0 0 0 0 0 3211 741 144 0 0 0 0 0 2623 1333 140 0 0 0 0
0 1617 2324 155 0 0 0 0 0 3552 413 131 0 0 0 0 0 3281 681 134 0 0 0 0
0 2256 1651 186 3 0 0 0 0 3485 458 153 0 0 0 0 0 3214 724 158 0 0 0 0
0 2633 1288 175 0 0 0 0 0 3601 336 159 0 0 0 0 0 3457 472 167 0 0 0 0
0 2590 1336 169 1 0 0 0 0 3473 495 128 0 0 0 0 0 3013 947 136 0 0 0 0
0 2844 1076 159 17 0 0 0 0 3604 339 147 6 0 0 0 0 3277 669 142 8 0 0 0
0 2918 1004 164 10 0 0 0 0 3623 334 139 0 0 0 0 0 3054 895 147 0 0 0 0
0 2927 972 177 20 0 0 0 0 3575 332 189 0 0 0 0 0 3139 763 192 2 0 0 0
0 2668 1233 195 0 0 0 0 0 3314 605 177 0 0 0 0 0 2605 1314 177 0 0 0 0
134 1177 2356 262 117 36 14 0 37 1282 2451 194 79 26 27 0 50 955 2492 402 130 19 23 25
