0 0 2 15 284 658 3007 130 0 0 2 28 638 1469 1845 114 0 0 0 24 532 988 2276 276
0 0 10 73 343 912 1905 853 0 0 13 115 896 643 1880 549 0 0 2 63 882 585 1968 596
0 0 0 2 129 1024 651 2290 0 0 0 13 593 748 732 2010 0 0 0 56 757 504 784 1995
0 0 69 47 198 872 829 2081 0 2 88 47 608 734 2030 587 0 1 77 138 811 459 2073 537
0 0 0 2 197 1296 2094 507 0 0 0 17 1066 1183 1825 5 0 0 1 295 1303 782 1669 46
0 0 0 2 559 2209 907 419 0 0 0 38 1913 1471 674 0 0 0 0 575 2338 547 636 0
0 0 0 0 901 2286 898 11 0 0 0 82 2145 1252 617 0 0 0 0 630 2452 403 611 0
0 0 0 22 1493 1908 673 0 0 0 1 293 2269 999 534 0 0 0 5 1176 2096 231 588 0
0 0 2 391 1593 1454 656 0 0 0 46 1278 1465 1272 35 0 0 5 652 1512 716 1092 119 0
0 0 0 3 126 306 3661 0 0 0 0 21 150 1642 2283 0 0 8 17 8 110 1227 2726 0
0 0 0 0 24 157 1485 2430 0 0 0 7 153 35 2772 1129 0 30 116 24 11 26 2879 1010
0 0 0 0 2 312 45 3737 0 0 0 0 302 23 308 3463 0 10 277 19 15 16 245 3514
0 0 0 0 8 104 314 3670 0 0 0 2 96 234 350 3414 0 3 271 31 16 56 532 3187
0 194 377 181 128 417 796 2003 0 94 267 332 324 594 909 1576 5 477 226 172 340 517 788 1571
1 378 555 295 198 645 635 1389 0 183 719 315 485 709 358 1327 2 785 374 151 548 530 308 1398
0 510 402 218 317 1068 569 1012 0 348 482 276 756 938 322 974 4 727 265 193 864 666 314 1063
0 447 439 206 546 1201 577 680 0 204 483 347 997 976 427 662 7 620 334 247 1036 667 447 738
0 0 2 96 957 1642 1061 338 0 0 10 454 1235 1254 809 334 0 0 138 780 988 913 899 378
0 3 22 134 1034 2874 29 0 0 9 76 733 3197 69 12 0 77 3227 619 58 42 49 24 0
0 0 0 0 2 3895 199 0 0 0 0 0 4024 72 0 0 0 2085 2011 0 0 0 0 0
0 0 0 0 0 2475 1621 0 0 0 0 0 3176 920 0 0 0 804 3291 1 0 0 0 0
0 78 105 238 74 636 2938 27 0 179 248 105 844 2720 0 0 50 767 3264 15 0 0 0 0
0 37 61 55 38 153 3681 71 0 89 58 47 134 3737 10 21 3 182 3469 402 9 6 7 18
0 0 0 0 0 87 3715 294 0 0 0 0 42 3744 26 284 0 0 3582 178 21 16 24 275
0 0 0 0 0 522 2917 657 0 0 0 0 279 3136 32 649 0 0 3356 39 18 19 18 646
0 0 0 0 0 1100 1960 1036 0 0 0 0 472 2562 41 1021 0 0 2670 342 16 17 19 1032
0 0 0 0 22 1968 829 1277 0 0 0 2 1327 1331 168 1268 0 170 2410 54 16 21 51 1374
0 595 689 745 1415 500 125 27 1 610 1493 1182 326 390 93 1 41 2498 632 244 305 199 154 23
0 87 338 260 1894 1206 200 111 0 32 976 1901 798 209 138 42 93 2285 1097 165 115 158 91 92
0 0 0 0 1156 2265 553 122 0 0 80 2182 1485 179 104 66 36 1817 1633 231 115 116 71 77
3 490 198 426 709 1474 642 154 10 826 700 993 1275 102 121 69 102 2356 1134 178 70 80 99 77
0 354 214 364 993 1635 434 102 0 640 737 1506 840 244 66 63 35 2982 778 96 43 34 53 75
0 0 0 0 1361 1514 1195 26 0 0 190 2053 475 1345 11 22 89 2154 1695 106 9 8 10 25
5 660 587 769 737 612 702 24 31 1538 864 329 413 888 17 16 189 2550 1283 14 12 12 15 21
40 1060 978 557 118 1286 57 0 111 2154 358 106 1102 265 0 0 153 2602 1340 1 0 0 0 0
0 18 55 542 1460 2021 0 0 0 87 474 929 2605 1 0 0 66 3069 961 0 0 0 0 0
0 0 0 0 771 2022 1179 124 0 0 59 2020 1388 472 78 79 10 1291 1210 1248 131 51 61 94
0 0 0 0 120 948 2604 424 0 0 7 417 1612 1891 97 72 0 47 682 1353 1522 345 68 79
0 0 0 6 42 721 2554 773 0 0 48 153 2004 1441 208 242 0 10 367 1305 1612 359 171 272
0 0 0 0 0 933 2823 340 0 0 0 94 2947 869 58 128 0 12 431 3204 199 57 58 135
0 0 0 6 117 2442 1322 209 0 15 55 1325 2312 131 97 161 0 534 1257 1853 96 71 86 199
0 0 0 0 428 2991 335 342 0 0 58 2660 778 153 179 268 2 1237 1481 613 134 132 163 334
0 0 0 37 1055 2480 388 136 0 2 343 2327 1046 175 105 98 122 1756 1493 260 101 121 118 125
0 0 46 739 2334 710 173 94 0 335 1306 1833 287 154 113 68 237 2771 509 132 112 129 108 98
0 0 8 2134 1495 201 154 104 0 183 2793 627 147 149 112 85 889 2475 156 114 113 108 121 120
0 0 0 0 2 914 2750 430 0 0 0 84 2071 1600 112 229 0 0 26 2066 1580 106 81 237
0 0 0 0 0 66 1507 2523 0 0 0 7 494 1893 976 726 0 0 0 409 1573 910 498 706
0 0 0 0 0 24 1331 2741 0 0 0 2 623 1854 910 707 0 0 1 636 1523 857 392 687
0 0 0 0 0 351 2883 862 0 0 0 146 2243 1332 94 281 0 0 307 2869 452 91 75 302
0 0 0 0 2 929 2821 344 0 0 13 816 2624 426 53 164 0 53 2470 1192 93 48 58 182
0 0 0 4 190 2810 1091 1 0 0 70 2133 1868 25 0 0 0 376 3624 95 1 0 0 0
0 0 0 44 1270 2571 111 100 0 0 485 2717 741 32 35 86 0 1197 2586 113 33 35 31 101
0 0 6 93 2446 1386 97 68 0 7 501 2941 522 31 35 59 0 1138 2710 83 33 29 29 74
0 7 106 1579 1877 261 124 142 18 143 2035 1298 287 100 92 123 4 1506 1721 342 166 99 76 182
0 0 0 0 906 1791 1097 302 0 0 0 99 2752 1078 130 37 0 1 32 1922 1759 291 47 44
0 0 0 0 159 1190 1730 1017 0 0 0 32 1683 1617 392 372 0 0 13 1213 1846 451 159 414
0 0 0 0 5 183 1419 2489 0 0 0 22 480 1412 810 1372 0 0 0 245 986 711 650 1504
0 0 0 0 30 994 2801 271 0 0 1 493 2418 1024 29 131 0 0 588 2842 462 31 33 140
0 0 0 0 88 2328 1535 145 0 0 3 1530 2244 165 37 117 0 82 2489 1286 36 35 37 131
0 0 0 2 497 2547 798 252 0 0 296 1869 1472 184 59 216 0 667 2645 387 57 48 49 243
0 0 0 2 1495 2286 194 119 0 0 713 2402 807 36 33 105 0 1586 2221 74 34 29 31 121
0 0 0 123 2689 1215 26 43 0 6 1104 2382 530 17 18 39 0 1555 2420 28 15 13 17 48
0 0 16 1524 1883 309 184 180 3 152 1963 722 834 104 173 145 0 803 1420 614 733 156 70 300
