0 18 216 1194 1473 197 99 899 0 25 274 1776 925 99 94 903 6 75 579 1940 403 91 83 919
0 7 108 357 1096 174 191 2163 0 3 86 1118 354 158 186 2191 0 5 259 1038 246 159 182 2207
0 7 117 237 1019 214 209 2293 0 6 122 901 324 220 185 2338 0 1 137 925 275 215 189 2354
0 43 509 658 490 243 220 1933 0 145 613 641 256 269 197 1975 17 318 491 584 218 277 191 2000
0 57 807 935 296 238 205 1558 3 282 1020 522 238 244 172 1615 39 622 857 288 221 255 174 1640
0 57 1188 1338 237 139 150 987 8 568 1666 418 139 145 131 1021 211 1276 978 164 147 144 128 1048
14 93 1518 1787 299 157 57 171 36 935 2156 540 149 61 49 170 330 2127 1083 221 54 51 54 176
0 54 1570 1793 498 130 39 12 10 978 2340 590 121 53 4 0 469 2220 1070 269 57 10 0 1
775 532 215 1210 987 377 0 0 1023 329 556 1059 1112 17 0 0 1298 410 542 1320 526 0 0 0
1072 1168 569 689 292 34 29 243 1532 984 801 410 80 23 24 242 1979 1198 456 147 34 23 27 232
1192 977 470 459 234 88 45 631 1512 935 512 294 104 61 49 629 1996 848 307 143 70 60 46 626
829 657 423 458 897 113 158 561 1184 511 512 769 345 121 154 500 1471 661 350 704 177 148 93 492
835 662 405 273 962 211 193 555 1007 664 331 751 483 211 89 560 1233 574 292 925 307 120 88 557
177 216 342 245 555 640 603 1318 234 386 280 327 692 604 346 1227 376 388 170 475 633 552 266 1236
193 313 324 297 434 982 532 1021 295 442 338 240 724 866 192 999 489 414 240 299 870 639 140 1005
0 0 24 129 310 731 588 2314 2 20 114 104 332 751 563 2210 10 69 89 84 311 821 478 2234
813 523 863 750 306 136 647 58 853 415 851 930 563 484 0 0 1148 361 1690 812 84 1 0 0
736 985 491 453 397 435 458 141 1196 755 500 484 517 583 49 12 1714 567 837 525 337 103 13 0
353 1067 816 458 382 221 390 409 963 1058 593 459 311 582 99 31 1757 766 716 545 185 99 28 0
773 1051 831 456 271 163 235 316 952 961 861 504 274 520 23 1 1436 850 1164 513 97 33 3 0
776 1360 762 408 306 203 206 75 1322 1269 679 398 222 198 8 0 2002 985 612 309 149 38 1 0
1440 773 775 361 207 205 191 144 1854 974 440 207 219 240 87 75 2455 671 268 194 202 176 58 72
1422 344 264 162 189 330 354 1031 1533 407 155 170 368 348 97 1018 1700 269 161 227 396 286 35 1022
97 206 187 181 247 513 387 2278 140 236 181 198 270 461 365 2245 223 206 260 255 173 327 323 2329
1190 472 488 1296 301 126 56 167 1158 649 1338 635 75 60 112 69 1572 1159 1035 75 55 125 74 1
198 700 615 571 474 607 407 524 640 862 546 800 391 425 331 101 1390 653 715 502 448 302 85 1
413 553 696 780 858 392 226 178 343 741 745 1299 456 319 103 90 667 807 1249 631 435 222 78 7
565 653 842 775 699 336 176 50 291 792 712 1325 657 222 62 35 678 700 1057 733 649 213 62 4
273 402 531 551 783 631 456 469 291 723 755 1032 662 333 193 107 660 783 1294 705 419 184 50 1
237 505 781 725 580 536 405 327 236 853 718 786 781 440 131 151 774 833 937 643 498 242 162 7
85 567 638 425 738 747 350 546 899 933 384 681 620 280 207 92 1545 473 694 619 488 207 65 5
119 299 387 380 544 825 714 828 259 441 293 645 1289 611 414 144 650 606 1219 1044 445 96 13 23
2 14 68 3470 362 180 0 0 6 15 3702 373 0 0 0 0 14 2279 1803 0 0 0 0 0
0 2 11 2676 1214 164 28 1 2 25 3541 452 42 31 3 0 8 1991 2006 42 34 15 0 0
0 0 0 1732 2284 80 0 0 0 0 3710 360 26 0 0 0 0 638 3362 96 0 0 0 0
5 26 27 1157 2612 237 32 0 21 41 3329 598 95 12 0 0 47 583 3252 191 21 2 0 0
2 15 21 316 3520 185 37 0 16 29 3354 636 54 7 0 0 37 128 3768 151 12 0 0 0
0 7 6 185 3566 296 36 0 3 7 1278 2604 167 37 0 0 6 13 3592 382 95 8 0 0
27 202 230 742 2520 308 67 0 142 262 1138 2210 220 114 10 0 278 496 2223 867 177 54 1 0
206 170 162 598 2385 543 32 0 123 317 805 1992 839 20 0 0 385 402 820 2061 419 9 0 0
0 0 847 3242 7 0 0 0 0 718 3376 2 0 0 0 0 0 3811 285 0 0 0 0 0
0 0 0 3832 260 4 0 0 0 7 3913 176 0 0 0 0 0 1315 2767 14 0 0 0 0
0 0 0 3620 462 14 0 0 0 3 3903 190 0 0 0 0 0 1314 2761 21 0 0 0 0
0 0 0 3459 615 22 0 0 0 3 3993 100 0 0 0 0 0 532 3557 7 0 0 0 0
0 0 0 3350 746 0 0 0 0 1 4056 39 0 0 0 0 0 734 3362 0 0 0 0 0
0 0 0 1922 2173 1 0 0 0 0 3018 1078 0 0 0 0 0 355 3469 272 0 0 0 0
0 0 0 2500 1581 15 0 0 0 1 3087 999 9 0 0 0 0 729 3068 299 0 0 0 0
0 0 2 2583 1433 66 12 0 0 3 2256 1623 196 17 1 0 0 555 2113 1239 177 12 0 0
