0 0 0 141 868 3050 37 0 0 0 16 780 849 2451 0 0 16 848 1247 1985 0 0 0 0
0 0 0 0 176 2012 1908 0 0 0 0 55 837 2712 492 0 33 751 288 2532 492 0 0 0
0 0 0 0 0 1498 2161 437 0 0 0 0 1221 955 1920 0 0 1043 566 663 1370 454 0 0
0 6 15 15 23 1250 2471 316 3 14 11 19 799 1049 2194 7 27 1049 520 711 1649 140 0 0
0 0 0 0 0 803 2231 1062 0 0 0 0 200 2293 1117 486 0 1533 782 351 841 384 205 0
0 0 0 0 0 1729 2186 181 0 0 0 0 824 2028 1244 0 11 2010 699 267 945 164 0 0
0 0 0 0 1 2448 1422 225 0 0 0 0 1422 1499 1145 30 0 1815 970 226 743 342 0 0
0 0 0 7 18 3002 797 272 0 0 2 16 2622 544 879 33 8 1643 1393 159 564 329 0 0
0 0 0 0 1815 1740 455 86 0 0 0 900 1984 1009 129 74 47 2171 977 573 221 30 28 49
0 0 1 1 290 3767 37 0 0 0 1 13 1534 2548 0 0 2 46 2878 1170 0 0 0 0
0 0 0 0 0 518 3578 0 0 0 0 0 2 4006 88 0 0 0 56 4040 0 0 0 0
0 5 3 5 7 25 4051 0 1 6 1 5 14 551 3518 0 8 5 13 1549 2521 0 0 0
0 0 0 0 0 0 3936 160 0 0 0 0 0 96 4000 0 0 0 0 1788 2308 0 0 0
0 0 0 0 0 0 3097 999 0 0 0 0 0 0 4096 0 0 0 0 905 3191 0 0 0
0 0 0 0 0 0 3944 152 0 0 0 0 0 219 3877 0 0 0 4 1377 2695 20 0 0
0 0 0 0 0 79 3974 43 0 0 0 0 0 387 3709 0 0 207 123 1163 2576 27 0 0
0 0 0 0 0 702 3285 109 0 0 0 0 465 1075 2556 0 0 620 162 1328 1923 63 0 0
0 0 0 0 16 1890 2185 5 0 0 0 7 176 3757 156 0 10 128 923 2781 254 0 0 0
3 83 35 42 613 2964 356 0 34 69 42 360 1471 2120 0 0 281 815 2608 392 0 0 0 0
1 14 4 5 49 1818 2205 0 2 15 2 32 737 3018 290 0 85 677 1842 1487 4 1 0 0
0 37 24 26 39 305 3665 0 8 37 29 28 275 1942 1777 0 81 694 529 2384 406 2 0 0
0 0 0 0 5 208 3873 10 0 0 0 7 172 1259 2658 0 35 365 591 2743 362 0 0 0
250 79 41 71 284 295 2892 184 297 82 197 146 331 686 2357 0 513 586 449 1476 1045 27 0 0
0 0 0 0 0 145 3930 21 0 0 0 0 146 888 3062 0 25 465 424 2447 735 0 0 0
0 0 0 0 0 67 4015 14 0 0 0 0 74 1090 2932 0 3 420 403 2594 676 0 0 0
0 0 0 0 0 195 3901 0 0 0 0 0 271 2557 1268 0 0 565 631 2617 283 0 0 0
0 0 0 0 26 2645 1425 0 0 0 0 0 449 3647 0 0 28 387 3026 655 0 0 0 0
39 67 100 89 135 3156 510 0 70 122 78 62 1026 2716 22 0 215 112 2056 1608 103 2 0 0
119 352 249 243 285 1319 1514 15 292 392 266 245 381 2340 180 0 640 437 1252 1567 158 35 6 1
44 120 77 109 341 553 2821 31 307 219 208 214 199 1382 1567 0 474 377 1370 1721 120 34 0 0
268 198 95 110 125 251 3041 8 250 231 169 115 140 677 2514 0 370 222 319 2936 246 3 0 0
170 91 92 112 533 1523 1491 84 417 297 338 510 674 950 910 0 644 937 518 1416 554 27 0 0
219 143 89 121 214 646 2638 26 229 162 151 268 410 830 2044 2 405 340 400 2742 193 16 0 0
2 25 47 119 116 98 3679 10 22 34 61 79 167 1580 2153 0 68 128 453 3325 113 9 0 0
69 77 67 124 393 730 2636 0 114 77 198 292 476 2873 66 0 280 371 1268 2079 96 2 0 0
66 35 81 213 210 2823 668 0 160 131 125 150 649 2881 0 0 327 212 3184 341 32 0 0 0
45 80 117 123 384 2346 1001 0 89 127 86 363 1899 1531 1 0 278 1752 1889 177 0 0 0 0
94 203 178 158 270 1117 2059 17 175 261 170 231 1050 2158 51 0 443 1274 2132 199 48 0 0 0
52 154 127 202 323 465 2452 321 106 231 278 267 495 2274 435 10 351 771 2137 649 156 31 1 0
122 111 183 237 267 397 2611 168 208 235 285 313 354 2522 179 0 568 851 2261 368 39 9 0 0
185 111 169 187 319 686 2211 228 253 200 248 593 531 2187 84 0 642 1192 2006 218 36 2 0 0
121 131 191 254 279 495 2260 365 172 251 292 426 473 2299 181 2 574 777 2437 227 59 19 3 0
113 71 59 87 336 206 2809 415 99 192 281 121 283 2891 228 1 454 431 2738 454 18 1 0 0
8 10 35 151 619 657 2554 62 18 200 414 306 965 2132 61 0 522 1289 2054 203 26 2 0 0
24 67 88 186 370 2361 1000 0 82 94 219 411 2789 501 0 0 304 2641 1104 45 2 0 0 0
0 0 5 63 48 2290 1690 0 0 1 57 49 2857 1018 114 0 177 3439 322 57 101 0 0 0
0 0 0 0 0 36 3982 78 0 0 0 0 143 3660 293 0 92 1386 2246 124 243 5 0 0
0 0 0 0 0 0 3170 926 0 0 0 0 0 3513 509 74 3 231 3307 154 164 237 0 0
0 0 0 0 0 0 1962 2134 0 0 0 0 0 3252 844 0 0 190 3812 94 0 0 0 0
0 0 0 0 0 0 2014 2082 0 0 0 0 0 3751 345 0 0 298 3795 3 0 0 0 0
0 0 0 0 0 0 2109 1987 0 0 0 0 0 3611 485 0 0 280 3787 29 0 0 0 0
0 0 0 0 0 0 2999 1097 0 0 0 0 0 3883 213 0 8 638 3388 58 4 0 0 0
0 0 0 0 0 18 3899 179 0 0 0 0 601 3295 199 1 23 2126 1662 188 97 0 0 0
0 0 0 0 0 1178 2871 47 0 0 0 22 3300 633 141 0 30 3473 288 290 15 0 0 0
