0 4 1535 275 1066 1172 44 0 0 32 1606 697 1095 666 0 0 0 1361 571 1198 966 0 0 0
1 34 2717 64 303 977 0 0 4 245 2503 64 738 542 0 0 18 2645 150 208 1075 0 0 0
0 0 2752 64 168 1112 0 0 0 95 2657 64 734 546 0 0 0 2054 759 125 1158 0 0 0
0 0 2288 528 80 1200 0 0 0 3 2749 64 487 793 0 0 0 1089 1719 71 1217 0 0 0
0 4 1862 950 64 1216 0 0 0 12 2744 60 516 764 0 0 4 961 1851 64 1216 0 0 0
0 0 1250 1574 74 1198 0 0 0 0 2797 72 455 772 0 0 0 929 1887 64 1216 0 0 0
0 70 874 2088 317 747 0 0 0 209 2458 438 517 474 0 0 4 797 2164 361 768 2 0 0
0 42 1831 902 401 920 0 0 0 210 2428 197 1014 247 0 0 18 1098 1627 264 1087 2 0 0
0 210 1901 650 481 854 0 0 0 525 1945 368 1080 178 0 0 32 1440 1295 388 940 1 0 0
0 12 699 1552 354 1072 393 14 0 63 1020 1234 422 1008 330 19 0 402 1741 328 914 561 150 0
0 4 419 2248 206 1072 147 0 0 20 756 1909 300 943 168 0 0 216 2405 174 946 291 64 0
0 51 594 2156 367 925 3 0 0 118 1209 1585 444 740 0 0 15 390 2394 294 905 98 0 0
0 0 0 103 228 3248 517 0 0 0 0 160 794 3062 80 0 0 0 120 352 3321 303 0 0
0 0 0 952 72 2006 1066 0 0 0 1 962 79 3032 22 0 0 0 896 128 551 2521 0 0
0 10 71 1016 132 1506 1361 0 13 92 96 934 144 2664 153 0 55 93 948 139 716 2145 0 0
0 29 211 1170 292 515 1879 0 65 511 200 946 70 1069 1235 0 352 334 1015 91 177 2127 0 0
76 243 195 1141 91 653 1697 0 49 324 253 1006 147 1900 417 0 392 203 1081 90 629 1701 0 0
4 85 298 1173 134 1428 974 0 31 478 256 895 68 2349 19 0 128 409 1072 111 1759 617 0 0
0 0 12 996 88 2385 615 0 0 34 28 992 90 2487 465 0 4 38 883 203 2414 554 0 0
0 0 53 1176 1335 940 592 0 39 1418 538 874 338 563 326 0 533 1197 1064 294 433 575 0 0
0 1 183 1153 1257 971 531 0 76 1692 942 497 320 566 3 0 492 1694 896 397 140 477 0 0
0 0 74 1057 786 1105 1055 19 48 1164 1022 742 354 716 50 0 249 1374 1150 476 288 559 0 0
0 0 92 979 722 1292 1011 0 20 1153 1328 586 252 704 53 0 186 1675 1123 301 332 479 0 0
0 0 101 1083 877 1369 665 1 51 1120 1394 501 298 715 17 0 229 1723 1028 315 384 417 0 0
0 0 3 126 495 3263 209 0 0 0 24 225 3114 733 0 0 0 0 183 1940 1730 243 0 0
0 0 138 823 127 2919 89 0 0 0 624 374 90 3008 0 0 0 0 960 128 1539 1469 0 0
7 478 535 674 271 1893 238 0 372 506 635 287 253 2043 0 0 716 330 712 247 1090 1001 0 0
0 1563 912 872 386 226 78 59 1811 1592 366 239 86 2 0 0 2717 809 323 198 47 2 0 0
55 727 1005 1551 412 300 31 15 443 2359 625 380 246 27 6 10 2020 1162 504 348 62 0 0 0
0 1843 976 717 284 152 65 59 1413 2025 379 200 72 7 0 0 2528 986 317 195 61 9 0 0
0 0 183 993 40 263 2617 0 32 174 195 807 71 1327 1490 0 79 138 939 62 434 2444 0 0
0 0 0 960 117 425 2594 0 0 0 430 550 108 2164 844 0 0 0 958 118 689 2331 0 0
0 0 0 996 28 239 2833 0 0 0 787 236 41 2908 124 0 0 1 1000 31 836 2228 0 0
0 0 0 960 35 52 3049 0 0 0 628 337 59 1549 1523 0 0 0 960 60 257 2819 0 0
0 0 0 896 64 64 3072 0 0 0 740 214 31 2135 976 0 0 0 929 31 221 2915 0 0
0 0 0 844 68 67 3117 0 0 0 644 239 76 2270 867 0 0 1 871 70 86 3068 0 0
307 972 177 118 873 1629 20 0 536 845 149 182 2023 361 0 0 1165 325 168 2034 404 0 0 0
0 15 430 116 121 3372 42 0 5 20 496 84 281 3210 0 0 16 405 159 170 3345 1 0 0
0 0 244 332 143 3377 0 0 0 0 512 96 268 3220 0 0 0 133 464 159 3340 0 0 0
0 0 91 497 360 3135 13 0 0 2 515 197 480 2902 0 0 0 24 596 445 3031 0 0 0
0 0 5 602 437 2076 976 0 0 0 337 399 655 2705 0 0 0 9 614 450 2414 609 0 0
0 0 5 585 110 1347 2049 0 0 5 247 411 390 3043 0 0 1 14 599 161 1506 1815 0 0
0 19 30 417 54 175 3401 0 0 30 156 318 23 3565 4 0 9 40 429 43 272 3303 0 0
0 0 0 448 52 134 3462 0 0 0 186 262 64 3584 0 0 0 0 448 64 969 2615 0 0
0 0 0 443 13 193 3447 0 0 0 314 134 106 3542 0 0 0 0 448 43 1891 1714 0 0
0 0 3 267 201 172 3453 0 0 0 199 139 176 3582 0 0 0 20 276 212 667 2921 0 0
0 0 2 368 97 317 3312 0 0 0 291 140 129 3536 0 0 0 5 370 113 494 3114 0 0
0 0 0 315 216 555 3002 8 0 0 137 253 306 3355 45 0 0 10 349 237 705 2785 10 0
2055 1399 299 225 85 29 4 0 2330 1251 267 177 63 8 0 0 3165 564 193 134 39 1 0 0
188 396 2444 489 345 177 49 8 156 458 2684 330 319 125 24 0 193 2533 701 338 285 45 1 0
0 30 3453 330 130 153 0 0 0 0 3723 148 94 131 0 0 0 1476 2326 134 160 0 0 0
48 679 1506 873 433 487 70 0 570 658 1897 399 238 309 25 0 968 935 1578 242 284 88 1 0
371 672 1011 1010 572 387 72 1 669 1132 1690 374 47 158 26 0 1174 1436 1228 54 141 57 6 0
461 442 701 1203 528 501 232 28 798 847 1504 639 154 152 2 0 1023 1091 1543 233 183 23 0 0
33 922 392 1047 798 650 232 22 454 1198 1114 784 348 184 14 0 884 1113 1411 393 196 97 2 0
1 33 182 3487 121 210 62 0 0 43 1954 1798 98 203 0 0 0 60 3661 105 152 118 0 0
3 63 57 3354 176 339 104 0 44 142 1552 2053 106 199 0 0 66 232 3423 108 171 96 0 0
0 112 224 2418 721 442 152 27 91 413 1865 1225 283 217 2 0 165 543 2693 384 244 67 0 0
2 113 311 3037 394 239 0 0 4 78 2219 1366 250 179 0 0 9 86 3273 455 237 32 4 0
0 8 60 1729 1223 868 205 3 0 720 928 1560 518 317 53 0 56 890 1673 904 368 202 3 0
2484 235 267 370 446 284 10 0 2492 246 437 648 234 39 0 0 2543 269 549 577 125 33 0 0
309 326 844 1279 506 645 187 0 336 604 1934 476 495 250 1 0 513 2291 445 429 381 37 0 0
120 198 1525 2075 100 35 42 1 133 262 3267 328 46 33 27 0 259 3425 309 36 31 36 0 0
298 188 546 1674 1112 277 1 0 936 423 1455 783 497 2 0 0 1077 1674 643 582 119 1 0 0
0 13 183 1627 1018 830 396 29 1064 1304 1021 373 190 111 33 0 1090 2082 546 129 169 72 8 0
462 286 339 1089 1305 487 116 12 831 668 1119 939 304 195 40 0 1081 1339 987 408 225 54 2 0
5 105 198 1209 1690 648 199 42 820 1113 1122 620 307 103 11 0 852 1982 749 343 136 34 0 0
10 203 387 1372 1392 460 261 11 45 213 1355 1619 388 373 102 1 136 348 2695 368 349 185 15 0
192 342 261 1365 1558 273 105 0 418 536 1324 1638 171 9 0 0 607 854 2420 192 23 0 0 0
6 83 189 1094 1679 655 309 81 21 638 1269 1350 481 237 88 12 110 907 2035 588 303 118 35 0
52 307 374 1315 1376 549 115 8 114 383 1519 1454 409 181 36 0 235 604 2415 538 216 75 13 0
0 43 487 2018 1284 236 26 2 31 1064 1447 1323 183 47 1 0 274 1607 1887 267 49 12 0 0
1742 1526 719 77 32 0 0 0 1718 604 1739 35 0 0 0 0 1733 483 1841 39 0 0 0 0
0 54 173 995 2163 623 88 0 0 15 814 2185 1056 26 0 0 2 1278 1697 960 159 0 0 0
0 0 56 743 3066 230 1 0 0 0 349 3244 489 14 0 0 0 1122 2760 214 0 0 0 0
312 96 110 573 2328 579 98 0 348 128 378 2221 773 242 6 0 428 823 1753 780 218 94 0 0
1125 359 212 654 1474 244 28 0 1537 460 748 1185 128 38 0 0 1699 1053 1238 56 50 0 0 0
361 220 239 463 1889 879 45 0 695 226 405 1718 887 153 12 0 834 627 1765 627 215 28 0 0
283 123 51 454 1954 1056 171 4 396 77 730 1558 959 329 47 0 421 798 1791 605 367 108 6 0
0 0 0 1 3180 915 0 0 0 0 6 3102 978 10 0 0 0 39 3715 326 16 0 0 0
430 178 95 219 2552 606 9 7 523 124 198 2703 528 12 2 6 603 267 3061 140 11 7 2 5
0 7 7 53 2215 1756 51 7 0 9 134 2736 1125 78 9 5 9 419 3238 365 53 5 5 2
0 28 167 444 2028 1426 3 0 1 46 669 1739 1584 57 0 0 34 260 2566 1164 72 0 0 0
0 9 167 691 2353 874 2 0 27 317 1015 2029 701 7 0 0 108 1146 2310 530 2 0 0 0
1 2903 388 291 468 45 0 0 0 1958 1673 428 34 3 0 0 130 1020 2762 180 4 0 0 0
0 146 399 188 1622 1741 0 0 0 8 371 1371 2346 0 0 0 0 193 3214 597 92 0 0 0
0 0 0 22 1047 3027 0 0 0 0 128 762 3206 0 0 0 0 309 3057 730 0 0 0 0
501 69 73 457 1307 1689 0 0 520 84 676 1304 1506 6 0 0 624 1221 1748 444 58 1 0 0
1033 178 513 647 951 756 17 1 1897 339 278 738 801 42 1 0 2109 601 999 300 83 4 0 0
112 96 94 879 2118 782 15 0 141 109 1577 1435 740 85 9 0 316 2479 580 438 225 58 0 0
4 190 223 852 1572 1068 185 2 20 227 1514 1132 722 458 23 0 315 1839 774 876 262 24 6 0
0 0 0 0 384 3705 7 0 0 0 0 432 3649 15 0 0 0 1 1334 2756 5 0 0 0
0 0 7 104 1304 2679 2 0 0 13 481 1218 2376 8 0 0 52 1195 1116 1733 0 0 0 0
0 0 0 0 198 3688 210 0 0 0 0 466 3341 283 6 0 0 52 1441 2406 197 0 0 0
0 0 0 0 124 3800 172 0 0 0 0 273 3568 249 6 0 0 0 1065 2881 150 0 0 0
0 0 0 0 794 3300 2 0 0 0 114 2244 1738 0 0 0 1 918 2442 735 0 0 0 0
0 2450 514 142 906 84 0 0 0 683 2292 1071 50 0 0 0 0 325 3549 222 0 0 0 0
0 111 495 404 1429 1657 0 0 0 22 235 1727 2112 0 0 0 0 31 3018 712 335 0 0 0
0 0 0 51 2428 1617 0 0 0 0 449 2055 1592 0 0 0 18 1257 2821 0 0 0 0 0
0 102 165 790 2607 379 53 0 21 194 2015 1771 59 35 1 0 891 2953 164 19 56 13 0 0
0 29 168 366 2907 606 20 0 4 136 1284 2052 353 263 4 0 243 2870 471 120 211 181 0 0
0 22 129 317 2709 919 0 0 1 124 745 3024 202 0 0 0 128 3205 734 27 2 0 0 0
0 0 0 11 1441 2627 17 0 0 0 67 3037 937 55 0 0 0 2307 1624 144 21 0 0 0
0 0 0 0 119 3627 350 0 0 0 0 145 3524 383 44 0 0 0 2897 916 283 0 0 0
0 0 0 0 483 3490 123 0 0 0 20 1561 2406 109 0 0 0 1100 2648 337 11 0 0 0
0 0 0 0 10 3937 149 0 0 0 0 450 3478 168 0 0 0 123 2220 1704 49 0 0 0
0 0 0 0 46 3773 277 0 0 0 0 202 3562 331 1 0 0 2 2008 1922 164 0 0 0
0 0 0 0 51 3373 636 36 0 0 0 271 3026 670 122 7 0 45 1902 1559 513 73 4 0
