0 353 160 3583 0 0 0 0 277 127 171 3521 0 0 0 0 362 139 3595 0 0 0 0 0
0 311 138 3646 1 0 0 0 259 122 119 3596 0 0 0 0 334 144 3618 0 0 0 0 0
0 68 87 3934 7 0 0 0 63 53 834 3146 0 0 0 0 87 189 3820 0 0 0 0 0
0 336 203 3557 0 0 0 0 255 140 225 3476 0 0 0 0 321 218 3557 0 0 0 0 0
0 411 327 3349 9 0 0 0 152 281 370 3293 0 0 0 0 226 496 3372 2 0 0 0 0
1 186 195 3667 47 0 0 0 151 98 634 3213 0 0 0 0 192 326 3576 2 0 0 0 0
0 209 174 3678 35 0 0 0 156 135 400 3402 3 0 0 0 218 210 3664 4 0 0 0 0
0 303 568 2922 303 0 0 0 213 155 575 3122 31 0 0 0 285 371 3398 42 0 0 0 0
0 131 119 3089 757 0 0 0 93 105 395 3336 167 0 0 0 166 177 3643 110 0 0 0 0
0 84 386 3254 372 0 0 0 3 111 513 3351 114 4 0 0 68 276 3674 75 3 0 0 0
0 307 325 3107 357 0 0 0 315 159 302 3224 96 0 0 0 424 279 3348 45 0 0 0 0
0 301 614 1912 1269 0 0 0 246 915 964 1868 102 1 0 0 1487 506 2081 21 1 0 0 0
58 475 300 1258 2005 0 0 0 680 2274 255 787 100 0 0 0 3197 106 793 0 0 0 0 0
71 388 321 1378 1938 0 0 0 640 2517 224 648 67 0 0 0 3344 111 641 0 0 0 0 0
133 425 342 780 2414 2 0 0 712 2089 727 376 192 0 0 0 3505 102 489 0 0 0 0 0
5 123 269 1717 1980 2 0 0 153 291 643 1958 1051 0 0 0 770 241 3084 1 0 0 0 0
0 0 0 2279 1817 0 0 0 0 0 0 3034 1062 0 0 0 0 1 4074 21 0 0 0 0
0 0 0 2620 1476 0 0 0 0 0 0 3514 582 0 0 0 0 2 4091 3 0 0 0 0
0 0 0 3239 857 0 0 0 0 0 0 4002 94 0 0 0 0 0 4096 0 0 0 0 0
0 0 0 3268 828 0 0 0 0 0 0 4070 26 0 0 0 0 3 4092 1 0 0 0 0
0 0 0 3095 1001 0 0 0 0 0 0 4038 58 0 0 0 0 0 4095 1 0 0 0 0
0 0 0 3116 980 0 0 0 0 0 0 4059 37 0 0 0 0 1 4091 4 0 0 0 0
0 0 0 2754 1342 0 0 0 0 0 0 4079 17 0 0 0 0 0 4094 2 0 0 0 0
0 0 0 2019 2077 0 0 0 0 0 0 4079 17 0 0 0 0 1 4084 11 0 0 0 0
0 0 0 2354 1742 0 0 0 0 0 0 4088 8 0 0 0 0 3 4090 3 0 0 0 0
1336 178 407 2175 0 0 0 0 1326 195 444 2131 0 0 0 0 1410 406 2280 0 0 0 0 0
1443 120 319 2202 12 0 0 0 1396 166 367 2167 0 0 0 0 1491 271 2333 1 0 0 0 0
1566 82 251 2186 11 0 0 0 1564 87 724 1721 0 0 0 0 1609 273 2209 5 0 0 0 0
1700 87 203 2097 9 0 0 0 1693 91 276 2036 0 0 0 0 1747 185 2161 3 0 0 0 0
1800 89 139 2042 26 0 0 0 1799 85 170 2042 0 0 0 0 1831 168 2095 2 0 0 0 0
1623 106 225 2123 19 0 0 0 1616 107 434 1938 1 0 0 0 1668 275 2142 11 0 0 0 0
1732 84 159 2103 18 0 0 0 1726 91 218 2061 0 0 0 0 1771 199 2126 0 0 0 0 0
1800 62 138 2051 45 0 0 0 1786 75 226 2008 1 0 0 0 1832 192 2071 1 0 0 0 0
1835 31 141 1988 101 0 0 0 1832 41 378 1842 3 0 0 0 1852 195 2044 5 0 0 0 0
1680 82 195 2114 25 0 0 0 1673 87 249 2086 1 0 0 0 1724 243 2112 17 0 0 0 0
1751 340 457 1533 15 0 0 0 2225 156 216 1499 0 0 0 0 2355 266 1471 4 0 0 0 0
790 527 429 1073 1277 0 0 0 1195 1833 451 613 4 0 0 0 3076 371 642 6 1 0 0 0
215 611 452 804 2014 0 0 0 993 2699 404 0 0 0 0 0 4095 1 0 0 0 0 0 0
443 776 511 986 1380 0 0 0 1367 2360 369 0 0 0 0 0 4090 6 0 0 0 0 0 0
99 296 240 752 2709 0 0 0 487 3337 272 0 0 0 0 0 4089 7 0 0 0 0 0 0
1487 177 115 932 1385 0 0 0 1669 1270 136 961 60 0 0 0 3016 100 980 0 0 0 0 0
2367 93 63 1123 450 0 0 0 2425 164 43 1382 82 0 0 0 2587 45 1462 2 0 0 0 0
2362 91 76 1005 562 0 0 0 2415 319 40 1283 39 0 0 0 2727 44 1325 0 0 0 0 0
2337 99 77 1072 511 0 0 0 2410 421 33 1212 20 0 0 0 2826 33 1237 0 0 0 0 0
2343 100 82 1020 551 0 0 0 2416 503 53 1102 22 0 0 0 2926 49 1121 0 0 0 0 0
2329 89 86 799 793 0 0 0 2391 626 67 994 18 0 0 0 3035 51 1010 0 0 0 0 0
2328 82 78 644 964 0 0 0 2367 730 91 884 24 0 0 0 3138 66 892 0 0 0 0 0
2314 105 73 590 1014 0 0 0 2368 795 141 779 13 0 0 0 3249 58 789 0 0 0 0 0
2310 93 73 367 1253 0 0 0 2360 872 170 689 5 0 0 0 3305 94 697 0 0 0 0 0
2282 113 68 542 1091 0 0 0 2350 1046 103 591 6 0 0 0 3420 79 597 0 0 0 0 0
1249 63 155 2572 57 0 0 0 1300 1228 1309 259 0 0 0 0 2478 409 1207 2 0 0 0 0
1276 159 100 2282 279 0 0 0 1367 2727 2 0 0 0 0 0 4000 94 2 0 0 0 0 0
1258 60 64 1940 774 0 0 0 1345 2708 43 0 0 0 0 0 4040 37 19 0 0 0 0 0
1079 156 122 2055 684 0 0 0 1134 1251 558 1153 0 0 0 0 2230 316 1489 61 0 0 0 0
960 245 247 1423 1221 0 0 0 1083 2994 15 4 0 0 0 0 3982 106 8 0 0 0 0 0
916 310 195 1538 1137 0 0 0 1257 2755 84 0 0 0 0 0 3970 126 0 0 0 0 0 0
866 144 142 2320 624 0 0 0 1012 1268 760 1056 0 0 0 0 2169 355 1565 7 0 0 0 0
740 362 348 1862 784 0 0 0 1231 2828 33 3 1 0 0 0 3995 94 5 1 1 0 0 0
618 249 219 2161 849 0 0 0 940 3026 63 67 0 0 0 0 3929 64 87 16 0 0 0 0
164 171 464 2964 333 0 0 0 436 2005 591 1064 0 0 0 0 2398 216 1468 14 0 0 0 0
356 282 677 2323 458 0 0 0 589 2371 615 521 0 0 0 0 2925 557 604 10 0 0 0 0
107 110 529 2264 1086 0 0 0 152 2329 917 698 0 0 0 0 2453 598 1033 12 0 0 0 0
15 40 119 803 3015 73 31 0 162 2808 679 357 59 31 0 0 3122 568 299 82 25 0 0 0
0 0 148 912 3011 25 0 0 163 2887 572 469 5 0 0 0 3257 435 390 14 0 0 0 0
0 0 102 656 3304 34 0 0 126 2682 641 643 4 0 0 0 2994 535 567 0 0 0 0 0
0 5 202 858 3019 12 0 0 0 3328 568 200 0 0 0 0 3384 474 238 0 0 0 0 0
0 0 0 554 3542 0 0 0 0 4090 6 0 0 0 0 0 4096 0 0 0 0 0 0 0
0 0 0 315 3781 0 0 0 0 4077 19 0 0 0 0 0 4096 0 0 0 0 0 0 0
0 0 0 225 3871 0 0 0 0 4084 12 0 0 0 0 0 4096 0 0 0 0 0 0 0
0 0 0 184 3912 0 0 0 0 4079 17 0 0 0 0 0 4096 0 0 0 0 0 0 0
0 0 0 67 4029 0 0 0 0 4041 55 0 0 0 0 0 4096 0 0 0 0 0 0 0
0 0 0 215 3881 0 0 0 0 3960 136 0 0 0 0 0 4076 20 0 0 0 0 0 0
0 0 0 237 3859 0 0 0 0 3716 300 67 13 0 0 0 3945 74 74 3 0 0 0 0
0 0 0 326 3770 0 0 0 0 3644 248 172 32 0 0 0 3838 64 183 11 0 0 0 0
0 0 109 649 3338 0 0 0 19 3578 233 249 17 0 0 0 3716 113 262 5 0 0 0 0
186 413 546 1384 1565 2 0 0 691 847 378 773 1407 0 0 0 1464 261 610 1379 382 0 0 0
1168 413 542 1636 337 0 0 0 1608 1990 191 307 0 0 0 0 3431 281 376 8 0 0 0 0
520 366 369 1746 1095 0 0 0 878 2153 209 856 0 0 0 0 2880 277 922 17 0 0 0 0
0 39 114 2412 1531 0 0 0 68 1785 506 1729 8 0 0 0 1871 332 1876 17 0 0 0 0
0 28 107 2081 1880 0 0 0 68 1937 137 1951 3 0 0 0 2023 112 1952 9 0 0 0 0
0 1357 283 983 1473 0 0 0 34 3262 174 622 4 0 0 0 3151 301 640 4 0 0 0 0
0 2884 377 477 358 0 0 0 42 3577 155 316 6 0 0 0 3422 279 327 68 0 0 0 0
0 2391 352 542 811 0 0 0 0 3788 129 179 0 0 0 0 3526 342 199 29 0 0 0 0
0 386 53 2263 1394 0 0 0 26 1942 128 1998 2 0 0 0 1956 132 2006 2 0 0 0 0
0 0 2 3283 799 5 7 0 0 1476 74 2528 8 6 4 0 1472 78 2510 20 7 6 3 0
5 194 593 1804 909 111 463 17 42 1076 904 1462 92 63 457 0 1033 914 1460 134 52 83 420 0
22 149 342 2876 429 189 89 0 58 1027 606 2072 81 175 77 0 1031 617 2081 97 52 192 26 0
0 0 3 3434 548 81 30 0 10 1092 127 2701 82 84 0 0 1089 153 2700 74 80 0 0 0
0 0 3 3724 369 0 0 0 4 1001 56 3035 0 0 0 0 1006 63 3027 0 0 0 0 0
0 0 0 2355 1421 320 0 0 0 870 81 2710 435 0 0 0 883 64 2858 291 0 0 0 0
0 0 0 2554 1514 28 0 0 0 755 85 3173 83 0 0 0 759 69 3228 40 0 0 0 0
0 0 0 3231 865 0 0 0 0 620 74 3373 29 0 0 0 636 69 3391 0 0 0 0 0
0 0 0 3106 990 0 0 0 0 514 84 3489 9 0 0 0 531 62 3502 1 0 0 0 0
0 0 0 2970 1126 0 0 0 0 373 75 3622 26 0 0 0 380 80 3635 1 0 0 0 0
0 0 0 2536 1560 0 0 0 0 235 93 3646 122 0 0 0 266 63 3754 13 0 0 0 0
0 0 0 2124 1972 0 0 0 0 98 84 3646 268 0 0 0 135 63 3856 42 0 0 0 0
0 0 0 2718 1378 0 0 0 0 0 53 3965 78 0 0 0 5 53 4029 9 0 0 0 0
0 0 0 2924 1172 0 0 0 0 0 0 3991 105 0 0 0 0 0 4083 13 0 0 0 0
0 0 0 2679 1417 0 0 0 0 0 0 4039 57 0 0 0 0 0 4084 12 0 0 0 0
0 0 536 3090 470 0 0 0 0 0 605 3483 8 0 0 0 0 528 3565 3 0 0 0 0
3 139 607 2047 1295 5 0 0 5 279 648 2048 1116 0 0 0 129 565 1890 1204 308 0 0 0
257 129 163 3531 16 0 0 0 251 131 199 3514 1 0 0 0 309 159 3611 17 0 0 0 0
252 132 140 3505 67 0 0 0 244 144 159 3548 1 0 0 0 296 174 3619 7 0 0 0 0
0 0 45 2456 1595 0 0 0 0 1523 751 1814 8 0 0 0 1771 526 1778 21 0 0 0 0
0 43 49 3154 850 0 0 0 1 380 341 3372 2 0 0 0 462 278 3347 9 0 0 0 0
18 2693 526 851 8 0 0 0 36 2868 407 775 10 0 0 0 2485 639 764 208 0 0 0 0
186 2690 261 929 30 0 0 0 381 2548 225 910 32 0 0 0 2673 348 583 492 0 0 0 0
315 2630 455 640 56 0 0 0 507 2580 370 574 65 0 0 0 2773 542 484 297 0 0 0 0
0 1207 116 2688 85 0 0 0 6 1233 100 2757 0 0 0 0 1126 180 2785 5 0 0 0 0
631 227 176 2175 151 72 657 7 681 256 194 2172 75 102 616 0 844 273 2118 102 65 275 419 0
0 0 24 78 139 727 3003 125 0 1 90 78 154 977 2795 1 0 55 82 73 428 1239 2219 0
0 37 175 501 255 1118 2007 3 5 103 201 437 301 1357 1692 0 79 194 387 173 560 1810 893 0
182 199 321 3208 86 75 25 0 230 335 341 3051 53 77 9 0 418 433 3103 48 77 17 0 0
0 0 0 4085 11 0 0 0 0 0 2 4094 0 0 0 0 0 13 4083 0 0 0 0 0
0 0 0 1704 1266 1120 6 0 0 0 16 2878 1169 33 0 0 0 131 3605 353 7 0 0 0
0 0 0 859 791 1230 1194 22 0 0 40 1421 622 832 1181 0 0 83 1519 437 483 1173 401 0
0 0 1 3769 241 85 0 0 0 0 19 3875 128 73 1 0 0 13 3878 120 76 9 0 0
136 434 365 3104 56 1 0 0 198 605 189 3101 2 1 0 0 721 265 3107 2 1 0 0 0
34 131 375 3467 88 1 0 0 42 312 274 3431 36 1 0 0 280 358 3430 27 1 0 0 0
182 430 494 2754 236 0 0 0 268 562 365 2887 14 0 0 0 744 451 2892 9 0 0 0 0
0 0 0 3612 406 66 12 0 0 0 6 3970 50 70 0 0 0 3 3964 54 71 4 0 0
0 0 0 3220 261 564 51 0 0 0 4 3398 85 604 5 0 0 1 3387 95 592 21 0 0
0 0 0 2686 178 1127 105 0 0 0 0 2787 107 1185 17 0 0 0 2785 90 1137 84 0 0
0 0 48 2224 353 1341 130 0 0 0 69 2366 309 1317 35 0 0 77 2330 272 1311 106 0 0
0 11 535 1848 186 1407 109 0 0 16 616 1795 249 1387 33 0 11 774 1610 190 1342 169 0 0
1011 2069 240 776 0 0 0 0 727 2476 133 760 0 0 0 0 1217 1961 918 0 0 0 0 0
14 183 70 3816 13 0 0 0 0 188 89 3819 0 0 0 0 0 199 3891 6 0 0 0 0
0 0 0 3959 137 0 0 0 0 0 0 4095 1 0 0 0 0 0 4084 12 0 0 0 0
0 0 0 4004 92 0 0 0 0 0 0 4093 3 0 0 0 0 0 4070 26 0 0 0 0
0 0 0 3665 431 0 0 0 0 243 108 3736 9 0 0 0 268 106 3705 17 0 0 0 0
0 112 55 3734 195 0 0 0 0 120 79 3885 12 0 0 0 100 58 3896 42 0 0 0 0
94 995 676 2284 47 0 0 0 149 938 715 2293 1 0 0 0 960 234 2871 31 0 0 0 0
386 1411 1897 401 1 0 0 0 423 1666 1656 350 1 0 0 0 686 1690 1681 39 0 0 0 0
0 96 663 3334 3 0 0 0 0 116 752 3228 0 0 0 0 0 258 3834 4 0 0 0 0
955 636 1049 271 612 573 0 0 1051 571 1173 853 448 0 0 0 1208 1042 1846 0 0 0 0 0
1480 86 101 164 119 589 1466 91 1483 87 192 129 140 786 1277 2 1518 135 179 77 250 923 1014 0
830 224 300 687 471 749 818 17 845 271 763 482 264 723 744 4 971 915 516 103 292 816 480 3
1 398 838 1610 1056 162 31 0 31 762 794 1544 845 110 10 0 391 970 1604 365 752 14 0 0
304 262 363 2687 161 318 1 0 342 368 456 2549 256 125 0 0 578 598 2659 130 131 0 0 0
0 0 67 1033 2133 863 0 0 0 4 683 2342 1067 0 0 0 105 1236 2663 92 0 0 0 0
141 155 280 894 1617 1007 2 0 136 252 608 1246 1370 484 0 0 499 796 1142 908 750 1 0 0
0 4 311 2466 181 1009 125 0 0 4 512 2334 227 992 27 0 5 560 2285 164 1024 58 0 0
737 688 561 845 78 954 233 0 811 734 481 823 92 1138 17 0 1159 777 807 177 1102 74 0 0
464 606 1056 589 156 984 241 0 490 652 1036 547 254 1067 50 0 805 1192 626 299 1073 101 0 0
1169 796 620 153 61 1035 262 0 1247 1097 311 93 96 1206 46 0 2309 291 135 83 1155 123 0 0
34 65 1057 1561 85 1034 260 0 30 69 1297 1328 95 1188 89 0 60 1627 1033 86 1142 148 0 0
23 42 778 2339 73 633 208 0 24 47 906 2225 65 764 65 0 39 1177 1985 65 685 145 0 0
444 81 1000 2236 74 198 63 0 423 98 1063 2200 68 225 19 0 473 1558 1749 65 206 45 0 0
1563 115 1055 1363 0 0 0 0 1541 123 1156 1276 0 0 0 0 1592 1360 1144 0 0 0 0 0
1605 151 1410 930 0 0 0 0 1593 142 1638 723 0 0 0 0 1648 1765 683 0 0 0 0 0
2325 1745 26 0 0 0 0 0 1169 2927 0 0 0 0 0 0 1234 2800 62 0 0 0 0 0
923 487 198 2488 0 0 0 0 587 805 269 2435 0 0 0 0 291 1183 2618 4 0 0 0 0
0 0 0 3868 228 0 0 0 0 0 0 4096 0 0 0 0 0 0 4033 63 0 0 0 0
0 0 0 3613 483 0 0 0 0 0 0 4084 12 0 0 0 0 0 4046 50 0 0 0 0
0 0 0 3584 512 0 0 0 0 0 0 4091 5 0 0 0 0 0 4039 57 0 0 0 0
0 0 0 3888 208 0 0 0 0 0 0 4095 1 0 0 0 0 0 4051 45 0 0 0 0
144 293 977 2674 8 0 0 0 137 297 1475 2187 0 0 0 0 170 443 3459 24 0 0 0 0
2162 1071 824 39 0 0 0 0 2155 1111 788 42 0 0 0 0 2331 1138 601 26 0 0 0 0
839 760 1814 683 0 0 0 0 823 809 1868 596 0 0 0 0 977 1748 1371 0 0 0 0 0
1417 658 914 144 358 549 56 0 1407 679 990 455 436 89 40 0 1549 960 1234 193 84 76 0 0
2627 124 142 215 348 353 287 0 2660 172 180 340 304 234 206 0 2769 199 434 209 157 328 0 0
1807 809 407 249 322 269 162 71 1857 928 365 315 185 247 128 71 2213 606 527 210 235 177 51 77
101 922 820 567 498 1016 172 0 313 1049 783 491 523 933 4 0 1375 806 461 534 880 40 0 0
1028 1217 612 459 413 366 1 0 1121 1263 613 607 328 164 0 0 2287 791 691 245 82 0 0 0
535 619 358 437 1173 974 0 0 606 736 417 1112 1225 0 0 0 1189 811 1646 449 1 0 0 0
2714 202 173 151 602 254 0 0 2739 206 222 558 371 0 0 0 2868 440 788 0 0 0 0 0
105 1621 1987 383 0 0 0 0 99 1498 2167 332 0 0 0 0 582 3052 460 2 0 0 0 0
2215 1036 654 191 0 0 0 0 2275 979 636 206 0 0 0 0 2678 1032 328 58 0 0 0 0
2400 1535 145 13 3 0 0 0 2365 1551 160 17 3 0 0 0 3165 877 40 11 3 0 0 0
3315 758 23 0 0 0 0 0 3312 766 18 0 0 0 0 0 3878 218 0 0 0 0 0 0
583 795 1758 960 0 0 0 0 568 908 1674 946 0 0 0 0 1064 2188 844 0 0 0 0 0
347 644 2173 931 1 0 0 0 360 953 1918 865 0 0 0 0 817 2426 853 0 0 0 0 0
1752 895 1447 2 0 0 0 0 1741 1216 1139 0 0 0 0 0 2200 1890 6 0 0 0 0 0
1956 1472 459 156 53 0 0 0 1837 1508 530 183 38 0 0 0 2970 961 139 25 1 0 0 0
1390 1609 1096 1 0 0 0 0 1378 1924 793 1 0 0 0 0 2210 1879 6 1 0 0 0 0
2596 1445 55 0 0 0 0 0 2601 1495 0 0 0 0 0 0 2999 1097 0 0 0 0 0 0
2523 383 724 457 9 0 0 0 2403 629 700 355 9 0 0 0 2343 1211 512 29 1 0 0 0
0 86 2564 1423 23 0 0 0 0 284 2677 1135 0 0 0 0 6 2890 1199 1 0 0 0 0
617 159 1897 1416 7 0 0 0 621 173 2129 1172 1 0 0 0 696 2354 1043 3 0 0 0 0
1263 180 1394 1203 56 0 0 0 1262 197 1649 988 0 0 0 0 1332 1873 887 4 0 0 0 0
1179 1633 492 792 0 0 0 0 1623 1398 387 688 0 0 0 0 1003 2224 869 0 0 0 0 0
674 2104 978 340 0 0 0 0 1198 1832 937 129 0 0 0 0 737 2787 572 0 0 0 0 0
2056 1530 218 283 9 0 0 0 2021 1552 346 171 6 0 0 0 2681 1207 139 69 0 0 0 0
1426 1210 1045 404 11 0 0 0 1398 1480 1038 172 8 0 0 0 1906 2050 96 38 6 0 0 0
1439 824 539 347 619 240 88 0 1458 996 546 491 425 169 11 0 1836 1147 801 104 100 108 0 0
3923 173 0 0 0 0 0 0 3890 206 0 0 0 0 0 0 4085 11 0 0 0 0 0 0
2949 837 142 50 33 31 26 28 2916 928 101 33 32 31 29 26 3274 568 105 30 23 33 33 30
1417 562 455 614 504 365 179 0 1516 613 572 615 294 457 29 0 1976 730 556 306 457 71 0 0
2769 305 272 303 378 69 0 0 2884 342 339 497 34 0 0 0 3193 436 463 2 2 0 0 0
1039 421 279 841 1051 465 0 0 1177 425 831 960 616 87 0 0 1509 1279 1125 66 52 65 0 0
923 1175 1183 486 329 0 0 0 988 1243 1355 468 42 0 0 0 1814 1953 329 0 0 0 0 0
565 1953 1296 282 0 0 0 0 648 2202 1177 69 0 0 0 0 1896 2175 25 0 0 0 0 0
2150 1562 165 176 43 0 0 0 2208 1556 116 174 42 0 0 0 3063 725 99 193 16 0 0 0
1856 855 719 602 64 0 0 0 2070 1128 792 106 0 0 0 0 2620 1209 265 2 0 0 0 0
864 960 605 914 647 106 0 0 1053 1095 966 778 204 0 0 0 1996 1118 866 116 0 0 0 0
250 800 1703 937 386 20 0 0 287 1437 1792 553 27 0 0 0 1412 2359 324 1 0 0 0 0
306 672 3038 80 0 0 0 0 302 1041 2713 40 0 0 0 0 719 3377 0 0 0 0 0 0
1327 1022 1702 45 0 0 0 0 1310 1233 1548 5 0 0 0 0 1888 2208 0 0 0 0 0 0
1577 1423 1051 45 0 0 0 0 1523 1627 913 33 0 0 0 0 2271 1729 96 0 0 0 0 0
134 1121 2794 29 9 6 3 0 137 1464 2457 22 6 8 2 0 974 3064 38 10 5 5 0 0
548 522 2282 744 0 0 0 0 542 542 2977 35 0 0 0 0 697 3229 170 0 0 0 0 0
653 192 2173 1078 0 0 0 0 609 253 3117 117 0 0 0 0 666 3235 195 0 0 0 0 0
369 168 2232 1327 0 0 0 0 379 204 3316 197 0 0 0 0 459 3459 178 0 0 0 0 0
326 89 1875 1806 0 0 0 0 324 100 3388 284 0 0 0 0 391 3477 228 0 0 0 0 0
191 62 1858 1985 0 0 0 0 195 101 3338 462 0 0 0 0 273 3542 281 0 0 0 0 0
17 54 1601 2424 0 0 0 0 18 100 3491 487 0 0 0 0 83 3543 470 0 0 0 0 0
0 44 1035 3017 0 0 0 0 0 82 2848 1166 0 0 0 0 62 3384 650 0 0 0 0 0
0 66 981 3049 0 0 0 0 0 82 2993 1021 0 0 0 0 77 3231 788 0 0 0 0 0
0 68 1875 2153 0 0 0 0 0 88 3408 600 0 0 0 0 77 3563 456 0 0 0 0 0
922 408 1331 529 841 65 0 0 910 506 1593 711 372 4 0 0 1281 1804 985 18 8 0 0 0
4035 57 4 0 0 0 0 0 3909 184 3 0 0 0 0 0 4072 23 1 0 0 0 0 0
3694 279 66 42 6 8 1 0 3669 311 60 41 6 8 1 0 3811 191 61 18 6 8 1 0
2210 316 436 363 280 373 118 0 2249 439 435 297 244 429 3 0 2410 624 348 235 441 38 0 0
3390 90 72 248 296 0 0 0 3396 83 79 354 184 0 0 0 3421 85 132 448 10 0 0 0
3238 72 76 111 598 1 0 0 3245 79 77 454 241 0 0 0 3279 108 385 241 83 0 0 0
1483 755 1456 325 77 0 0 0 1464 813 1543 245 31 0 0 0 1631 1692 718 55 0 0 0 0
2676 620 650 126 24 0 0 0 2714 659 662 61 0 0 0 0 2893 1045 109 48 1 0 0 0
2411 1685 0 0 0 0 0 0 3167 929 0 0 0 0 0 0 4092 4 0 0 0 0 0 0
547 2163 573 432 361 20 0 0 1771 1451 491 372 11 0 0 0 3169 628 299 0 0 0 0 0
741 1394 1133 482 292 54 0 0 1168 1824 732 305 67 0 0 0 2562 1112 419 3 0 0 0 0
2111 483 678 563 219 41 1 0 2190 979 522 298 82 25 0 0 2774 906 272 88 44 12 0 0
96 458 2370 343 386 443 0 0 97 630 2374 285 253 456 1 0 295 2757 314 130 233 367 0 0
2177 604 1277 38 0 0 0 0 2184 699 1192 21 0 0 0 0 2473 1612 11 0 0 0 0 0
3380 239 477 0 0 0 0 0 3369 247 480 0 0 0 0 0 3519 577 0 0 0 0 0 0
1293 1585 1103 83 32 0 0 0 1264 1689 1005 93 45 0 0 0 1888 1433 686 79 10 0 0 0
122 122 2472 1380 0 0 0 0 125 131 3377 463 0 0 0 0 169 3240 687 0 0 0 0 0
123 135 2558 1280 0 0 0 0 131 142 3530 293 0 0 0 0 189 3562 345 0 0 0 0 0
118 129 2544 1305 0 0 0 0 125 135 3595 241 0 0 0 0 184 3549 363 0 0 0 0 0
121 109 2412 1454 0 0 0 0 124 126 3541 305 0 0 0 0 176 3674 246 0 0 0 0 0
674 624 1521 1046 76 57 98 0 841 576 2205 293 30 61 90 0 1276 2341 278 33 21 66 81 0
179 429 2018 1425 33 6 6 0 271 438 3116 253 7 10 1 0 585 3265 226 5 7 8 0 0
556 321 2155 1064 0 0 0 0 605 349 2859 283 0 0 0 0 816 3048 232 0 0 0 0 0
223 257 2309 1307 0 0 0 0 219 277 3113 487 0 0 0 0 349 3387 360 0 0 0 0 0
212 167 2572 1145 0 0 0 0 231 153 3241 471 0 0 0 0 302 3309 485 0 0 0 0 0
1518 514 938 391 726 9 0 0 1562 583 1053 819 79 0 0 0 1955 1384 757 0 0 0 0 0
3792 276 22 6 0 0 0 0 3824 251 21 0 0 0 0 0 4058 38 0 0 0 0 0 0
4045 51 0 0 0 0 0 0 4025 71 0 0 0 0 0 0 4080 16 0 0 0 0 0 0
2267 239 384 403 196 443 164 0 2297 324 414 294 196 530 41 0 2445 446 311 258 465 171 0 0
3365 404 158 101 68 0 0 0 3376 471 78 123 48 0 0 0 3588 280 86 142 0 0 0 0
3808 33 25 103 127 0 0 0 3807 34 26 131 98 0 0 0 3814 36 52 193 1 0 0 0
3829 253 14 0 0 0 0 0 3742 336 18 0 0 0 0 0 3839 240 17 0 0 0 0 0
2207 343 200 484 700 162 0 0 2271 511 702 595 17 0 0 0 2427 490 718 461 0 0 0 0
1413 938 426 502 685 132 0 0 1916 745 818 616 1 0 0 0 2272 685 729 410 0 0 0 0
1702 2142 237 15 0 0 0 0 2999 1088 9 0 0 0 0 0 4096 0 0 0 0 0 0 0
1433 1387 1036 240 0 0 0 0 2961 1125 10 0 0 0 0 0 3130 945 21 0 0 0 0 0
3684 160 151 86 14 1 0 0 3820 201 67 8 0 0 0 0 3849 214 33 0 0 0 0 0
1373 558 778 385 550 452 0 0 1423 564 776 343 534 455 1 0 1624 1062 209 332 573 296 0 0
1366 632 1547 525 26 0 0 0 1349 723 1762 239 23 0 0 0 1749 2186 137 24 0 0 0 0
1830 362 1591 276 35 2 0 0 1780 422 1678 170 37 9 0 0 1915 1940 155 54 32 0 0 0
1919 377 1707 87 6 0 0 0 1887 478 1683 40 8 0 0 0 2005 2013 45 27 6 0 0 0
643 295 2543 575 40 0 0 0 666 381 2853 163 33 0 0 0 802 2960 247 73 14 0 0 0
708 618 2045 341 206 178 0 0 844 830 1940 110 214 158 0 0 1309 2217 141 81 188 160 0 0
328 147 2646 973 2 0 0 0 327 172 3366 224 7 0 0 0 418 3434 230 13 1 0 0 0
310 1085 2004 687 10 0 0 0 495 1340 2034 225 2 0 0 0 1336 2528 232 0 0 0 0 0
517 1020 987 356 327 584 305 0 680 937 1068 238 347 542 284 0 1282 1179 325 204 345 495 266 0
1031 770 1362 123 121 524 165 0 996 766 1332 179 139 620 64 0 1464 1486 240 131 163 567 45 0
2116 1013 821 146 0 0 0 0 2242 1184 670 0 0 0 0 0 3122 970 4 0 0 0 0 0
1293 1153 1138 241 61 210 0 0 1236 1223 1268 130 239 0 0 0 1598 2006 221 183 88 0 0 0
461 169 1924 1287 139 116 0 0 462 215 2412 823 184 0 0 0 537 2626 691 190 52 0 0 0
759 873 551 502 1076 296 39 0 920 968 446 980 554 228 0 0 1509 762 1016 391 357 61 0 0
2271 592 315 291 254 373 0 0 2374 560 384 171 236 371 0 0 2660 494 192 176 261 312 1 0
3948 84 25 11 15 13 0 0 3935 104 19 10 15 13 0 0 3994 57 10 7 15 13 0 0
3444 294 57 62 68 155 16 0 3454 289 60 64 77 145 7 0 3650 118 67 67 183 11 0 0
3274 246 175 293 108 0 0 0 3282 245 243 295 31 0 0 0 3368 299 336 90 3 0 0 0
3564 124 86 195 127 0 0 0 3593 136 115 252 0 0 0 0 3645 188 262 1 0 0 0 0
2512 134 179 551 655 65 0 0 2495 160 440 561 440 0 0 0 2591 579 461 462 3 0 0 0
2681 408 32 265 615 95 0 0 2543 549 66 333 545 60 0 0 3005 136 253 584 118 0 0 0
2754 406 214 117 201 404 0 0 2727 444 200 107 286 332 0 0 2928 369 131 229 434 5 0 0
1631 2108 207 66 28 55 1 0 2046 1689 212 67 37 45 0 0 3659 284 64 34 55 0 0 0
599 3106 295 96 0 0 0 0 1338 2757 1 0 0 0 0 0 3798 294 4 0 0 0 0 0
3417 588 76 15 0 0 0 0 3601 434 40 21 0 0 0 0 3974 79 38 5 0 0 0 0
2146 319 307 505 601 218 0 0 2177 456 483 477 330 173 0 0 2452 660 404 240 301 39 0 0
939 1475 1437 245 0 0 0 0 1097 1652 1258 89 0 0 0 0 2456 1596 42 2 0 0 0 0
711 704 2105 576 0 0 0 0 686 733 2421 256 0 0 0 0 508 3237 351 0 0 0 0 0
411 1068 2343 274 0 0 0 0 398 1027 2555 116 0 0 0 0 626 3239 231 0 0 0 0 0
1798 627 842 660 138 31 0 0 1874 601 846 609 134 31 1 0 2200 847 596 368 77 8 0 0
529 1263 654 540 879 231 0 0 987 1007 474 562 872 194 0 0 1639 526 381 670 668 212 0 0
925 543 1284 382 587 375 0 0 985 664 1161 308 610 368 0 0 1422 1310 231 215 579 339 0 0
2358 981 558 197 2 0 0 0 2420 990 543 143 0 0 0 0 3283 694 118 1 0 0 0 0
2465 550 424 376 164 117 0 0 2542 568 426 313 144 103 0 0 2786 519 412 166 156 57 0 0
3851 77 51 33 55 29 0 0 3842 81 57 41 63 12 0 0 3874 70 53 47 49 3 0 0
1682 983 990 441 0 0 0 0 2243 1170 659 24 0 0 0 0 3146 925 25 0 0 0 0 0
2629 734 450 159 94 30 0 0 3258 395 269 146 28 0 0 0 3520 383 75 118 0 0 0 0
1088 484 1142 1369 13 0 0 0 1179 657 1547 713 0 0 0 0 1492 1668 934 2 0 0 0 0
639 374 1181 1096 681 124 1 0 709 580 1473 1094 146 94 0 0 1148 1713 980 133 122 0 0 0
760 495 489 834 756 749 13 0 630 689 529 810 659 776 3 0 690 1024 726 250 698 708 0 0
3938 75 33 14 26 10 0 0 3916 97 31 13 28 11 0 0 3942 71 32 13 28 10 0 0
1385 310 916 1335 150 0 0 0 1398 352 1993 353 0 0 0 0 1094 2761 241 0 0 0 0 0
1734 116 100 1923 223 0 0 0 1781 123 1830 362 0 0 0 0 1873 1755 468 0 0 0 0 0
4096 0 0 0 0 0 0 0 4096 0 0 0 0 0 0 0 4096 0 0 0 0 0 0 0
2063 762 998 272 1 0 0 0 2069 758 1112 156 1 0 0 0 2278 1665 142 11 0 0 0 0
436 125 2088 1342 72 33 0 0 441 122 2615 841 59 18 0 0 499 2783 741 56 17 0 0 0
429 884 991 1095 136 525 36 0 435 1076 870 1093 122 500 0 0 1081 1336 1051 119 508 1 0 0
365 621 553 1356 203 915 83 0 485 586 537 1406 202 880 0 0 984 700 1328 162 894 28 0 0
204 830 194 648 1088 917 215 0 357 752 555 1199 179 1024 30 0 1011 798 1056 153 939 139 0 0
796 566 551 808 191 906 278 0 967 738 937 173 153 1071 57 0 1552 1092 163 135 922 232 0 0
792 299 247 1073 450 780 455 0 843 405 948 556 172 934 238 0 1284 1145 319 120 750 478 0 0
622 1181 692 121 122 793 565 0 809 1361 382 107 124 1037 276 0 2067 465 111 130 677 646 0 0
577 385 980 287 322 985 560 0 586 435 1100 394 208 1162 211 0 797 1354 335 228 766 616 0 0
384 268 1097 771 167 1064 345 0 382 316 1320 548 173 1299 58 0 523 1429 549 196 873 526 0 0
843 1004 1411 696 135 5 2 0 804 1222 1534 432 99 5 0 0 929 2012 893 251 8 3 0 0
127 558 1121 1433 854 3 0 0 372 515 1228 1226 755 0 0 0 588 943 1215 1314 36 0 0 0
3405 287 143 94 137 30 0 0 3512 285 38 102 138 21 0 0 3686 121 57 98 115 19 0 0
3262 384 418 28 4 0 0 0 3937 111 37 11 0 0 0 0 3976 84 32 4 0 0 0 0
2492 183 175 343 659 244 0 0 2527 185 333 701 125 225 0 0 2577 631 496 57 159 176 0 0
2596 147 101 103 303 846 0 0 2572 167 101 97 286 873 0 0 2550 203 100 119 837 287 0 0
2115 460 371 422 503 180 45 0 2452 345 333 650 82 119 115 0 2514 869 352 60 71 201 29 0
1984 992 258 388 474 0 0 0 2804 317 304 641 28 2 0 0 3045 844 182 11 14 0 0 0
2079 670 666 604 77 0 0 0 2074 881 735 334 68 4 0 0 2403 1124 449 84 36 0 0 0
983 856 752 822 676 7 0 0 993 1054 1030 950 69 0 0 0 1447 1516 1039 55 39 0 0 0
1304 1329 740 679 44 0 0 0 1151 1516 1170 246 13 0 0 0 1641 2048 380 18 9 0 0 0
4020 53 21 2 0 0 0 0 4020 56 20 0 0 0 0 0 4065 31 0 0 0 0 0 0
1108 316 1287 1169 216 0 0 0 1160 299 1666 971 0 0 0 0 1269 2214 613 0 0 0 0 0
967 144 587 2257 141 0 0 0 1011 512 2365 208 0 0 0 0 1553 2456 87 0 0 0 0 0
216 87 1078 2715 0 0 0 0 253 662 3181 0 0 0 0 0 686 3410 0 0 0 0 0 0
465 444 2084 889 211 3 0 0 453 821 2258 449 111 4 0 0 1054 2411 451 114 66 0 0 0
528 97 1918 1446 107 0 0 0 532 109 2185 1263 7 0 0 0 590 2403 1103 0 0 0 0 0
510 100 1854 1441 191 0 0 0 511 105 1998 1476 6 0 0 0 575 2260 1261 0 0 0 0 0
415 85 1626 1496 242 232 0 0 415 94 1963 1259 152 213 0 0 470 2127 1108 119 218 54 0 0
12 433 1017 1566 816 252 0 0 30 1084 1238 975 545 224 0 0 901 1621 573 508 433 60 0 0
423 2941 360 363 9 0 0 0 506 3215 374 1 0 0 0 0 3733 363 0 0 0 0 0 0
159 250 876 2678 133 0 0 0 251 715 3050 80 0 0 0 0 973 3044 79 0 0 0 0 0
1827 340 445 1124 358 2 0 0 1943 373 841 602 335 2 0 0 2141 790 286 615 264 0 0 0
2367 260 304 320 573 246 26 0 2400 487 638 338 194 39 0 0 2721 760 339 197 79 0 0 0
335 172 1064 2523 2 0 0 0 334 169 2341 1252 0 0 0 0 410 2929 710 47 0 0 0 0
2662 1049 279 104 2 0 0 0 2244 1321 432 97 2 0 0 0 2048 1520 481 47 0 0 0 0
2430 1308 333 25 0 0 0 0 1928 1611 523 34 0 0 0 0 1728 1950 418 0 0 0 0 0
2667 1270 140 19 0 0 0 0 2467 1465 164 0 0 0 0 0 2584 1377 135 0 0 0 0 0
1677 1006 471 445 497 0 0 0 1998 1013 410 675 0 0 0 0 2657 1055 384 0 0 0 0 0
2323 282 406 628 368 89 0 0 2334 393 679 537 65 88 0 0 2388 1050 476 30 114 38 0 0
1972 166 130 129 902 796 1 0 1956 179 130 128 938 765 0 0 1936 198 146 166 1362 288 0 0
3361 137 238 351 9 0 0 0 3373 227 333 163 0 0 0 0 3484 441 171 0 0 0 0 0
1965 271 130 984 746 0 0 0 1997 300 778 1021 0 0 0 0 2196 1293 607 0 0 0 0 0
2855 1051 110 79 1 0 0 0 2701 1284 105 6 0 0 0 0 3173 912 11 0 0 0 0 0
1865 1529 229 81 392 0 0 0 1793 1730 134 439 0 0 0 0 2457 1209 430 0 0 0 0 0
1326 1146 922 501 201 0 0 0 767 1775 1129 425 0 0 0 0 699 3159 235 3 0 0 0 0
3817 93 132 54 0 0 0 0 3830 86 161 19 0 0 0 0 3909 181 6 0 0 0 0 0
1286 253 358 1950 249 0 0 0 1316 272 996 1512 0 0 0 0 1496 1935 665 0 0 0 0 0
1969 243 338 1502 44 0 0 0 2021 365 1581 129 0 0 0 0 2296 1724 76 0 0 0 0 0
740 84 232 2820 220 0 0 0 769 124 2892 311 0 0 0 0 811 3066 219 0 0 0 0 0
601 468 487 2467 73 0 0 0 607 543 1311 1635 0 0 0 0 1255 2140 701 0 0 0 0 0
531 798 76 2674 17 0 0 0 561 779 951 1805 0 0 0 0 1316 1912 868 0 0 0 0 0
559 1047 89 2387 14 0 0 0 610 1008 1412 1066 0 0 0 0 1599 2072 425 0 0 0 0 0
2280 577 142 1097 0 0 0 0 2327 549 625 595 0 0 0 0 2807 1033 223 33 0 0 0 0
772 1733 199 1374 18 0 0 0 823 1746 615 911 1 0 0 0 2476 1238 314 68 0 0 0 0
742 2781 262 106 205 0 0 0 794 2933 86 110 173 0 0 0 3652 153 94 197 0 0 0 0
320 429 680 1384 1264 19 0 0 339 787 1414 507 1044 5 0 0 879 1544 371 1165 137 0 0 0
1095 170 553 912 1044 322 0 0 1124 548 900 264 991 269 0 0 1327 969 424 255 949 172 0 0
3471 45 32 39 317 192 0 0 3465 47 34 35 324 191 0 0 3417 89 30 45 380 135 0 0
2674 843 480 99 0 0 0 0 2879 855 362 0 0 0 0 0 3708 388 0 0 0 0 0 0
2387 1341 368 0 0 0 0 0 1930 2111 55 0 0 0 0 0 1853 2243 0 0 0 0 0 0
1798 1171 1127 0 0 0 0 0 1658 2270 168 0 0 0 0 0 1687 2409 0 0 0 0 0 0
2932 1164 0 0 0 0 0 0 2024 2072 0 0 0 0 0 0 2235 1853 8 0 0 0 0 0
1106 1824 447 667 52 0 0 0 1118 2121 518 339 0 0 0 0 2040 1758 295 3 0 0 0 0
3463 394 181 58 0 0 0 0 3545 385 160 6 0 0 0 0 3731 351 14 0 0 0 0 0
4096 0 0 0 0 0 0 0 4096 0 0 0 0 0 0 0 4096 0 0 0 0 0 0 0
2890 523 363 285 35 0 0 0 2901 612 441 109 33 0 0 0 3292 606 158 40 0 0 0 0
1051 998 734 1223 90 0 0 0 1079 1432 1084 501 0 0 0 0 2215 1419 462 0 0 0 0 0
2552 1276 221 27 20 0 0 0 2472 1453 118 38 15 0 0 0 3508 488 67 33 0 0 0 0
1810 867 722 267 360 70 0 0 1732 1291 471 355 201 46 0 0 2606 821 368 182 119 0 0 0
1206 547 582 630 838 293 0 0 1182 763 672 873 356 250 0 0 1818 874 746 265 379 14 0 0
3889 136 71 0 0 0 0 0 3903 171 22 0 0 0 0 0 4092 4 0 0 0 0 0 0
1950 789 739 338 239 41 0 0 2008 955 602 427 63 41 0 0 3200 465 300 70 61 0 0 0
1662 778 1107 477 53 19 0 0 1727 1221 1020 56 52 20 0 0 3400 514 103 41 38 0 0 0
4039 40 15 2 0 0 0 0 4040 37 17 2 0 0 0 0 4051 30 15 0 0 0 0 0
480 1171 1727 676 42 0 0 0 534 1615 1581 341 25 0 0 0 3292 610 147 47 0 0 0 0
334 917 1999 787 59 0 0 0 355 1350 2050 341 0 0 0 0 3403 693 0 0 0 0 0 0
648 750 1540 539 439 173 7 0 763 1444 1205 270 275 138 1 0 2945 439 246 293 163 10 0 0
975 299 1768 1043 11 0 0 0 1021 1254 1644 177 0 0 0 0 3050 956 90 0 0 0 0 0
180 253 2501 1153 9 0 0 0 190 1416 2094 396 0 0 0 0 2769 1327 0 0 0 0 0 0
23 706 3110 257 0 0 0 0 197 2078 1821 0 0 0 0 0 4092 4 0 0 0 0 0 0
784 424 1997 660 231 0 0 0 939 1523 1376 246 12 0 0 0 2955 836 283 22 0 0 0 0
873 480 1868 718 157 0 0 0 1014 1590 1283 166 43 0 0 0 3083 709 245 39 20 0 0 0
3610 52 45 190 199 0 0 0 3605 54 39 221 177 0 0 0 3604 60 42 282 108 0 0 0
2327 234 575 960 0 0 0 0 2345 492 967 292 0 0 0 0 3178 918 0 0 0 0 0 0
873 579 1264 817 365 198 0 0 900 841 1246 650 262 193 4 0 1690 1212 608 302 234 50 0 0
774 592 1411 915 261 143 0 0 831 1037 1246 637 208 137 0 0 2218 983 446 214 214 21 0 0
347 988 2018 513 224 6 0 0 378 1604 1555 355 196 8 0 0 1946 1497 367 214 72 0 0 0
1029 1335 1471 206 54 1 0 0 1118 2120 660 158 40 0 0 0 3367 456 188 79 6 0 0 0
4078 16 2 0 0 0 0 0 4078 17 1 0 0 0 0 0 4090 6 0 0 0 0 0 0
4096 0 0 0 0 0 0 0 4096 0 0 0 0 0 0 0 4096 0 0 0 0 0 0 0
2013 622 1282 167 12 0 0 0 2082 1489 464 61 0 0 0 0 3633 389 74 0 0 0 0 0
239 305 3070 482 0 0 0 0 330 2265 1501 0 0 0 0 0 3023 1073 0 0 0 0 0 0
276 501 3216 102 1 0 0 0 367 1796 1906 27 0 0 0 0 3200 876 20 0 0 0 0 0
838 663 2193 220 158 24 0 0 908 1075 1816 177 112 8 0 0 2405 1406 175 55 55 0 0 0
983 998 1473 277 273 92 0 0 992 1328 1244 255 192 85 0 0 2376 1229 259 137 68 27 0 0
3624 208 236 28 0 0 0 0 3623 273 197 3 0 0 0 0 3877 219 0 0 0 0 0 0
2466 705 561 364 0 0 0 0 2471 805 789 31 0 0 0 0 3073 1023 0 0 0 0 0 0
955 399 631 1913 121 77 0 0 947 473 1261 1236 102 77 0 0 1343 2288 210 121 80 54 0 0
3611 179 135 140 17 14 0 0 3602 184 176 109 12 13 0 0 3737 260 63 13 12 11 0 0
0 301 776 2537 410 72 0 0 1 441 1482 1959 135 78 0 0 877 2687 236 135 131 30 0 0
0 13 480 2967 636 0 0 0 0 131 598 3367 0 0 0 0 140 3956 0 0 0 0 0 0
0 15 259 2536 1286 0 0 0 19 159 287 3575 56 0 0 0 232 3817 42 5 0 0 0 0
0 0 4 2498 1594 0 0 0 1 36 108 3910 41 0 0 0 83 4010 3 0 0 0 0 0
0 0 33 3253 810 0 0 0 0 0 1267 2815 14 0 0 0 1305 2791 0 0 0 0 0 0
13 106 974 2952 51 0 0 0 132 236 3563 147 18 0 0 0 3765 264 44 23 0 0 0 0
939 303 1184 1475 161 34 0 0 1124 560 2119 219 57 17 0 0 3188 593 190 93 30 2 0 0
694 92 237 1557 1506 10 0 0 729 122 1507 1340 398 0 0 0 898 1267 1512 419 0 0 0 0
656 75 84 1634 1646 1 0 0 670 81 1054 1929 362 0 0 0 719 967 1473 937 0 0 0 0
114 36 46 3860 40 0 0 0 121 39 1154 2782 0 0 0 0 568 3528 0 0 0 0 0 0
246 365 2831 654 0 0 0 0 318 895 2883 0 0 0 0 0 3656 440 0 0 0 0 0 0
108 433 2588 967 0 0 0 0 133 752 3211 0 0 0 0 0 3681 415 0 0 0 0 0 0
377 306 2108 1305 0 0 0 0 462 432 2882 320 0 0 0 0 2770 1326 0 0 0 0 0 0
1020 390 1970 716 0 0 0 0 1169 394 2354 179 0 0 0 0 3797 299 0 0 0 0 0 0
4023 50 20 3 0 0 0 0 4038 49 9 0 0 0 0 0 4087 9 0 0 0 0 0 0
4028 68 0 0 0 0 0 0 4058 38 0 0 0 0 0 0 4096 0 0 0 0 0 0 0
2050 191 1197 658 0 0 0 0 2103 890 1103 0 0 0 0 0 3199 894 3 0 0 0 0 0
0 58 2374 1664 0 0 0 0 0 481 3615 0 0 0 0 0 3593 484 19 0 0 0 0 0
0 428 2519 1137 12 0 0 0 0 864 3210 22 0 0 0 0 2614 1482 0 0 0 0 0 0
0 524 2585 969 18 0 0 0 0 652 3369 72 3 0 0 0 1101 2965 30 0 0 0 0 0
132 764 1550 1619 31 0 0 0 113 803 2956 224 0 0 0 0 1295 2766 35 0 0 0 0 0
1832 236 692 1336 0 0 0 0 1842 319 1935 0 0 0 0 0 3716 380 0 0 0 0 0 0
1845 656 509 992 94 0 0 0 1847 720 1263 266 0 0 0 0 3391 696 9 0 0 0 0 0
134 646 1064 1618 483 91 60 0 120 782 1844 993 201 92 64 0 1030 2267 236 237 183 109 34 0
1549 960 675 564 189 146 13 0 1442 1063 771 496 159 143 22 0 1617 1218 671 297 139 153 1 0
0 0 1010 2875 211 0 0 0 0 66 3147 876 7 0 0 0 2686 1302 105 3 0 0 0 0
0 0 0 3462 634 0 0 0 0 0 677 3419 0 0 0 0 437 3659 0 0 0 0 0 0
0 0 103 3312 681 0 0 0 0 1 1804 2291 0 0 0 0 1603 2493 0 0 0 0 0 0
0 0 170 3376 550 0 0 0 0 4 2163 1929 0 0 0 0 2108 1988 0 0 0 0 0 0
0 0 37 3940 119 0 0 0 0 0 3592 504 0 0 0 0 3627 469 0 0 0 0 0 0
0 0 155 3540 342 59 0 0 0 72 3508 357 123 36 0 0 3363 432 121 124 56 0 0 0
79 15 156 2957 852 31 6 0 81 78 1684 2134 84 35 0 0 1816 2095 69 63 49 4 0 0
2908 120 126 249 688 5 0 0 2936 153 178 764 65 0 0 0 3062 360 557 117 0 0 0 0
1298 104 135 1843 702 14 0 0 1328 105 976 1526 161 0 0 0 1572 1367 866 291 0 0 0 0
6 11 61 4017 1 0 0 0 8 13 1704 2371 0 0 0 0 1420 2676 0 0 0 0 0 0
0 0 795 3300 1 0 0 0 0 129 3880 87 0 0 0 0 2918 1178 0 0 0 0 0 0
0 0 519 3473 104 0 0 0 0 20 3572 504 0 0 0 0 2076 2019 1 0 0 0 0 0
0 0 726 3213 157 0 0 0 0 149 3569 375 3 0 0 0 2503 1548 45 0 0 0 0 0
0 0 471 3483 142 0 0 0 0 96 3448 552 0 0 0 0 3479 617 0 0 0 0 0 0
91 57 2432 1516 0 0 0 0 106 2008 1982 0 0 0 0 0 1881 2215 0 0 0 0 0 0
192 191 1873 1840 0 0 0 0 277 1548 2271 0 0 0 0 0 2833 1263 0 0 0 0 0 0
0 84 1745 2234 33 0 0 0 21 1220 2855 0 0 0 0 0 1972 2124 0 0 0 0 0 0
0 92 1202 2634 168 0 0 0 144 1985 1967 0 0 0 0 0 4085 11 0 0 0 0 0 0
0 13 641 3024 418 0 0 0 34 1200 2843 19 0 0 0 0 3860 236 0 0 0 0 0 0
0 3 208 2229 1656 0 0 0 0 151 2910 1016 19 0 0 0 2354 1687 55 0 0 0 0 0
0 0 94 2875 1090 37 0 0 0 24 2082 1833 157 0 0 0 1813 1737 502 44 0 0 0 0
0 0 242 3604 249 1 0 0 0 38 3644 291 123 0 0 0 3539 294 243 20 0 0 0 0
8 13 72 3766 237 0 0 0 8 16 3060 1012 0 0 0 0 3110 986 0 0 0 0 0 0
306 218 223 2519 830 0 0 0 326 263 1808 1633 66 0 0 0 2237 1771 88 0 0 0 0 0
108 945 635 1841 567 0 0 0 109 1156 994 1700 137 0 0 0 1378 2145 248 254 71 0 0 0
0 130 461 2772 733 0 0 0 0 160 2546 1271 119 0 0 0 2241 1595 137 123 0 0 0 0
0 0 1344 2682 70 0 0 0 0 1 3819 276 0 0 0 0 3809 287 0 0 0 0 0 0
0 0 584 2731 781 0 0 0 0 1 3046 1049 0 0 0 0 2292 1804 0 0 0 0 0 0
0 0 591 3490 15 0 0 0 0 0 4002 94 0 0 0 0 3938 158 0 0 0 0 0 0
0 0 637 3454 5 0 0 0 0 0 4092 4 0 0 0 0 4081 15 0 0 0 0 0 0
0 0 288 3122 686 0 0 0 0 18 3023 1055 0 0 0 0 2584 1512 0 0 0 0 0 0
22 48 49 3170 807 0 0 0 35 51 1018 2992 0 0 0 0 1629 2450 9 8 0 0 0 0
2463 181 233 1176 43 0 0 0 2489 201 905 465 33 3 0 0 3450 530 51 47 18 0 0 0
2473 116 205 1302 0 0 0 0 2501 120 1448 27 0 0 0 0 3990 64 42 0 0 0 0 0
2326 124 196 1277 173 0 0 0 2354 128 931 683 0 0 0 0 3314 781 1 0 0 0 0 0
