0 0 0 14 263 3030 789 0 0 0 0 204 2815 1077 0 0 0 0 141 2915 1040 0 0 0
0 0 0 0 0 0 4034 62 0 0 0 0 0 3346 750 0 0 0 0 0 3653 443 0 0
0 0 0 461 613 1577 1445 0 0 0 301 697 1501 1400 197 0 0 14 964 1632 1415 71 0 0
0 0 173 3293 607 23 0 0 0 0 2133 1826 137 0 0 0 0 380 3473 243 0 0 0 0
0 0 60 892 964 1345 835 0 0 0 69 813 918 1118 1165 13 0 0 685 945 1103 1130 233 0
0 0 0 0 0 17 2613 1466 0 0 0 0 0 0 1834 2262 0 0 0 0 0 925 2571 600
0 0 0 0 0 0 2243 1853 0 0 0 0 0 0 1321 2775 0 0 0 0 0 373 2810 913
0 0 0 0 0 1693 2394 9 0 0 0 0 0 699 2766 631 0 0 0 0 583 2219 1294 0
109 40 133 698 1976 1140 0 0 311 253 127 400 1380 1521 104 0 365 267 152 1355 1716 241 0 0
56 33 113 689 1344 1201 660 0 238 161 129 1133 1411 1024 0 0 313 109 807 1759 1108 0 0 0
0 0 0 3 335 126 3317 315 0 0 44 285 94 2721 952 0 0 2 251 163 2665 1015 0 0
0 0 0 12 407 192 2294 1191 0 0 93 310 166 1264 2263 0 0 22 307 237 1352 2178 0 0
0 0 0 3 498 958 2541 96 0 0 52 404 539 2417 684 0 0 4 395 562 2713 422 0 0
0 0 0 370 2484 1242 0 0 0 0 133 1508 2440 15 0 0 0 18 1058 2964 56 0 0 0
0 0 733 1952 1411 0 0 0 0 0 797 2181 1026 92 0 0 0 51 2069 1467 509 0 0 0
0 0 1 433 2309 1353 0 0 0 10 232 279 625 2346 604 0 0 96 346 236 1527 1891 0 0
0 3 6 122 921 2970 74 0 2 2 17 345 3398 332 0 0 3 10 165 3232 686 0 0 0
0 0 0 52 534 2462 1048 0 0 0 4 231 1566 2295 0 0 0 3 88 1244 2761 0 0 0
0 0 0 19 906 3032 139 0 0 0 9 405 3209 473 0 0 0 7 233 3262 594 0 0 0
0 0 1 124 2228 1743 0 0 0 0 27 931 3022 116 0 0 0 4 565 3329 198 0 0 0
0 0 1 43 1808 2241 3 0 0 0 8 293 2210 1552 33 0 0 1 130 2031 1871 63 0 0
0 0 0 10 362 2195 1529 0 0 0 4 171 307 2211 1403 0 0 0 90 332 2100 1574 0 0
0 0 0 4 232 903 2957 0 0 0 1 128 276 1253 2438 0 0 0 38 293 919 2836 10 0
0 0 0 16 586 2954 540 0 0 0 0 172 713 2762 449 0 0 0 85 641 2735 635 0 0
2 29 19 76 1973 1997 0 0 12 25 37 372 3238 412 0 0 35 25 216 2607 1213 0 0 0
329 377 212 147 720 2274 37 0 456 415 146 365 1499 1215 0 0 841 144 329 1153 1629 0 0 0
0 0 0 20 417 3422 237 0 0 0 8 171 2564 1353 0 0 0 7 72 1978 2039 0 0 0
0 0 0 21 319 3293 463 0 0 0 11 150 2540 1395 0 0 0 7 60 1714 2315 0 0 0
0 0 3 25 786 3282 0 0 0 0 18 384 3528 166 0 0 0 14 196 3454 432 0 0 0
0 0 14 302 3553 227 0 0 0 2 28 732 3334 0 0 0 0 18 436 3642 0 0 0 0
0 0 19 365 3704 8 0 0 0 0 18 342 3635 101 0 0 0 4 80 2136 1876 0 0 0
0 1 31 758 3306 0 0 0 0 0 19 442 3570 65 0 0 0 5 110 2127 1854 0 0 0
208 1244 136 144 733 1631 0 0 932 571 126 263 1943 261 0 0 1436 139 171 1472 878 0 0 0
127 1327 120 147 594 1780 1 0 1069 437 146 329 1718 397 0 0 1453 148 251 1565 679 0 0 0
37 1599 93 188 1114 1065 0 0 1417 280 169 497 1731 2 0 0 1680 138 428 1829 21 0 0 0
22 1336 615 534 813 776 0 0 1210 854 415 433 1184 0 0 0 1949 457 402 1282 6 0 0 0
151 1667 247 178 800 1052 1 0 1639 382 144 233 1504 192 2 0 1972 168 193 1466 293 1 3 0
615 1602 77 97 238 1374 93 0 2119 120 92 88 385 1275 10 7 2209 100 99 374 1294 2 11 7
838 1624 12 33 138 972 479 0 2396 70 14 52 279 1281 4 0 2458 16 46 253 1274 49 0 0
348 2237 41 40 159 1199 72 0 2346 273 24 41 279 1133 0 0 2610 33 38 230 1185 0 0 0
234 1659 357 198 330 947 206 165 1308 779 216 190 789 440 244 130 1899 282 214 696 558 126 305 16
1474 1537 259 200 210 207 209 0 2378 729 234 196 245 171 143 0 2913 303 226 229 150 229 46 0
422 867 647 767 572 821 0 0 1060 1274 571 384 802 5 0 0 1962 912 388 810 21 3 0 0
1508 845 607 358 228 550 0 0 1938 1127 242 145 644 0 0 0 2500 786 115 692 3 0 0 0
2417 561 475 76 375 192 0 0 2513 903 53 190 437 0 0 0 2734 719 142 501 0 0 0 0
2512 993 99 113 376 3 0 0 2558 1010 47 140 341 0 0 0 2911 678 120 381 6 0 0 0
2545 1166 40 125 220 0 0 0 2576 1137 37 128 218 0 0 0 3199 534 72 274 17 0 0 0
2614 1061 164 166 91 0 0 0 2634 1117 112 134 99 0 0 0 3133 687 103 163 10 0 0 0
396 1493 2005 165 33 4 0 0 1035 1139 1762 126 30 4 0 0 1592 2138 305 52 9 0 0 0
151 1596 2212 100 28 8 1 0 940 1591 1453 74 26 10 2 0 1454 2422 170 32 16 2 0 0
61 1637 2298 85 12 2 1 0 867 2372 784 55 14 3 0 1 1615 2323 126 24 7 0 1 0
124 802 1709 546 412 503 0 0 993 1662 699 620 122 0 0 0 3056 952 83 5 0 0 0 0
566 788 1936 254 415 125 12 0 1280 1498 986 183 51 43 49 6 2359 1478 72 51 46 42 41 7
386 428 2893 79 185 101 24 0 574 1734 1386 31 54 118 176 23 897 2778 28 26 47 131 167 22
77 351 3480 155 32 1 0 0 201 1615 2127 108 39 6 0 0 611 3334 103 40 8 0 0 0
19 173 2553 432 216 238 465 0 21 758 2438 308 566 5 0 0 183 2949 408 552 4 0 0 0
75 136 146 261 188 498 1007 1785 108 238 258 328 455 289 1086 1334 144 373 518 298 190 421 2143 9
58 345 117 93 107 235 1536 1605 56 371 125 95 172 434 1952 891 73 375 127 115 221 670 2478 37
105 156 540 555 1016 1248 475 1 436 631 696 949 822 357 205 0 777 743 1047 567 571 270 121 0
113 269 658 617 1436 890 112 1 196 1069 1108 1117 426 180 0 0 2742 765 162 238 189 0 0 0
1 765 1292 541 470 518 189 320 2 1814 665 423 474 290 38 390 586 2032 250 313 444 47 40 384
1 507 1472 910 352 500 187 167 1 980 664 481 1080 431 125 334 57 1410 239 565 1048 319 124 334
11 997 1579 376 607 504 22 0 52 1890 1091 483 435 145 0 0 699 2360 348 460 217 12 0 0
119 1154 837 730 856 389 11 0 424 1840 853 493 405 81 0 0 2155 1173 259 373 136 0 0 0
1135 992 915 455 322 274 3 0 1053 945 765 524 549 186 72 2 1281 1042 654 642 298 123 54 2
1908 547 900 236 143 351 11 0 1860 584 886 312 329 124 1 0 1860 1153 514 390 170 9 0 0
1485 513 1060 364 235 371 68 0 1634 720 1034 218 313 172 4 1 1859 1345 333 346 203 6 4 0
759 143 372 322 1545 877 76 2 776 373 1839 621 294 186 2 5 2794 629 168 264 230 4 3 4
1037 507 358 439 1079 511 161 4 876 675 1093 490 496 347 84 35 1971 583 367 562 367 157 63 26
961 736 913 582 307 426 168 3 958 769 937 374 555 354 81 68 1191 1266 436 511 421 142 78 51
1595 638 722 476 183 367 115 0 1455 989 798 250 379 215 9 1 2046 988 365 395 274 23 5 0
372 706 1042 653 1153 150 20 0 787 2159 888 101 126 34 1 0 1770 2006 138 140 39 1 2 0
1018 128 134 92 76 274 683 1691 1019 153 162 85 197 298 1449 733 854 346 157 172 216 350 1948 53
488 67 45 87 209 403 1234 1563 539 81 160 151 192 513 1436 1024 516 196 111 143 233 670 2042 185
117 51 167 776 2083 638 264 0 231 1092 1610 764 376 23 0 0 809 1784 1110 349 38 6 0 0
781 89 58 335 1863 966 4 0 875 876 1507 729 106 3 0 0 3638 247 130 76 5 0 0 0
268 803 1951 923 134 17 0 0 242 323 636 1742 1042 109 2 0 318 297 316 1062 1882 220 1 0
231 542 1557 1483 272 11 0 0 267 541 600 857 1213 618 0 0 325 683 396 334 1439 915 4 0
382 287 737 1689 884 115 2 0 974 1631 1054 315 79 43 0 0 2902 706 313 86 56 33 0 0
1055 741 739 1169 389 3 0 0 1482 1975 489 92 48 8 2 0 2969 835 198 41 41 10 2 0
2606 731 403 262 79 14 1 0 2039 823 489 311 291 108 30 5 2155 832 489 286 211 90 32 1
3134 505 243 148 58 8 0 0 2059 840 608 293 183 91 22 0 1711 1016 642 393 204 107 23 0
3004 674 266 85 46 17 4 0 2554 890 395 184 53 15 5 0 2434 948 422 201 73 16 2 0
2093 653 986 230 62 68 2 2 2620 1097 319 45 3 5 4 3 3384 624 71 3 2 5 4 3
2419 551 999 80 35 11 1 0 2593 1020 340 69 54 17 3 0 3141 650 183 50 53 17 2 0
2615 855 401 106 75 39 5 0 1558 1150 906 297 91 49 42 3 1539 1083 826 511 64 46 26 1
1600 1374 765 151 73 78 53 2 1852 1126 546 344 95 60 65 8 1453 926 935 559 101 52 62 8
177 1305 649 810 535 198 383 39 901 1976 432 166 90 144 381 6 951 1168 1215 138 125 236 263 0
3466 186 248 106 67 14 9 0 3517 201 246 91 22 19 0 0 3477 185 204 186 39 5 0 0
3986 35 18 17 4 10 26 0 4001 39 14 6 4 14 18 0 3999 41 11 8 3 21 13 0
604 132 555 1005 1587 210 3 0 673 739 1736 841 94 13 0 0 840 1940 656 214 355 90 1 0
57 73 775 2368 723 81 19 0 263 2172 1051 430 164 16 0 0 1918 1308 323 226 239 82 0 0
453 740 2012 585 247 57 2 0 339 388 999 1942 343 71 13 1 336 575 532 945 1240 450 18 0
245 768 2720 268 88 7 0 0 120 373 841 2398 280 73 11 0 140 323 524 1133 1437 524 15 0
131 598 2522 794 50 1 0 0 1003 888 609 1515 73 8 0 0 1409 517 240 707 1011 212 0 0
1061 503 1347 1156 29 0 0 0 1354 1280 901 468 68 25 0 0 1943 1098 387 321 295 41 11 0
2368 1480 161 75 8 4 0 0 1578 731 1413 282 77 13 2 0 1718 622 332 1354 62 8 0 0
1946 1836 226 60 20 8 0 0 1017 568 1700 744 36 17 11 3 1068 555 342 1865 241 15 10 0
600 2128 932 59 254 123 0 0 310 148 1457 1992 141 41 7 0 334 363 816 1683 858 40 2 0
13 1280 1368 302 618 514 1 0 634 495 1221 1608 111 24 3 0 843 496 1156 1001 577 21 2 0
47 968 908 392 606 1175 0 0 469 475 856 2094 155 47 0 0 765 258 1618 781 630 44 0 0
88 829 314 33 228 2596 8 0 8 86 371 3386 164 63 18 0 0 81 2315 811 809 68 12 0
687 1161 400 52 113 1666 17 0 1120 648 133 2068 118 9 0 0 369 737 2115 542 307 26 0 0
1960 1784 126 82 94 50 0 0 2488 1486 48 68 6 0 0 0 942 1497 1562 75 17 3 0 0
596 135 234 1576 826 719 10 0 2625 491 213 725 37 5 0 0 3024 130 665 175 98 4 0 0
566 232 443 1981 322 509 43 0 2270 907 222 614 70 13 0 0 2943 316 427 276 118 16 0 0
0 1 291 814 1832 815 342 1 76 1274 1073 1152 437 67 16 1 858 1295 678 846 285 128 6 0
6 11 126 857 843 1712 529 12 222 650 826 2026 306 39 17 10 589 687 1615 1040 110 37 14 4
88 29 360 872 219 2021 505 2 202 655 335 2212 624 59 9 0 664 378 738 1835 322 159 0 0
0 37 321 42 38 3342 316 0 0 0 5 3374 590 127 0 0 0 0 661 2816 364 255 0 0
115 242 395 159 310 2772 103 0 321 193 738 2549 203 71 20 1 336 208 2627 480 390 39 16 0
928 252 838 343 555 1166 14 0 1759 338 1004 780 146 59 9 1 1847 318 1528 202 155 40 6 0
146 1069 21 44 2597 219 0 0 0 5 3745 189 104 53 0 0 0 918 1795 1262 81 40 0 0
8 369 34 29 2219 1437 0 0 0 0 2665 1239 110 73 9 0 0 242 3158 463 161 67 5 0
2 4 5 13 1376 2693 3 0 10 4 2555 1447 74 4 2 0 9 471 3498 83 30 5 0 0
9 29 75 237 1555 2190 1 0 41 366 2406 1166 82 28 7 0 91 1886 1912 152 37 18 0 0
20 35 94 218 766 2963 0 0 76 146 2404 1303 148 19 0 0 142 1564 2113 231 45 1 0 0
0 0 0 0 90 3962 44 0 0 0 1154 2659 278 5 0 0 0 237 3395 441 23 0 0 0
1954 65 55 134 702 1179 7 0 2153 420 396 958 169 0 0 0 2415 540 1044 97 0 0 0 0
3255 79 49 169 65 475 4 0 3370 194 477 55 0 0 0 0 3499 348 249 0 0 0 0 0
465 49 89 1501 977 897 118 0 1826 558 451 709 305 238 9 0 2105 479 742 296 313 151 10 0
532 269 488 675 920 1136 76 0 917 654 1300 856 260 80 29 0 1130 970 1438 360 152 46 0 0
0 0 0 952 767 1880 486 11 367 714 992 950 468 266 335 4 904 582 1425 453 176 253 300 3
126 43 41 38 448 3370 30 0 144 67 2933 737 180 29 6 0 158 1849 1784 239 48 17 1 0
124 37 41 78 328 3393 95 0 136 90 914 2779 142 33 2 0 150 568 2365 926 84 3 0 0
0 0 0 0 92 3951 53 0 0 0 352 3626 84 34 0 0 0 0 3035 1005 50 6 0 0
14 27 16 30 1052 2954 3 0 47 692 3039 301 15 2 0 0 55 2562 1442 32 5 0 0 0
10 59 140 243 1934 1705 5 0 55 966 2448 404 116 91 16 0 115 2368 1266 184 100 56 7 0
0 0 0 0 1221 2872 3 0 0 8 3686 301 101 0 0 0 0 2493 1480 123 0 0 0 0
0 0 0 0 243 3781 72 0 0 0 2010 1972 113 1 0 0 0 704 3264 103 25 0 0 0
0 0 0 0 131 3700 265 0 0 0 3090 878 118 10 0 0 0 1118 2850 91 37 0 0 0
0 0 0 0 47 3850 199 0 0 106 3793 110 52 35 0 0 0 3413 556 79 48 0 0 0
0 0 0 0 11 3763 322 0 0 88 3816 128 19 45 0 0 0 3734 247 51 64 0 0 0
0 0 0 142 452 1630 1716 156 64 129 1442 610 187 279 1192 193 135 903 1170 150 155 319 1154 110
0 0 0 96 853 1562 1566 19 327 494 2904 267 58 46 0 0 690 2413 866 81 38 8 0 0
28 10 7 272 206 1944 1628 1 43 292 3367 301 41 52 0 0 89 2307 1599 44 57 0 0 0
60 17 22 364 1977 1312 337 7 78 588 2716 684 21 9 0 0 311 2595 1124 49 17 0 0 0
0 8 24 11 30 3645 378 0 41 380 3395 158 73 49 0 0 84 3260 615 73 60 4 0 0
0 0 0 193 887 1714 1291 11 5 670 1526 1755 103 35 2 0 494 1017 2439 102 27 17 0 0
315 65 45 47 603 2943 78 0 363 265 2531 738 199 0 0 0 421 2597 849 204 25 0 0 0
0 0 0 0 1 3061 1034 0 0 0 1272 2709 39 76 0 0 0 940 2873 187 96 0 0 0
0 0 0 0 8 3868 220 0 0 0 983 2976 69 68 0 0 0 148 3758 110 76 4 0 0
0 0 0 0 83 3958 55 0 0 1123 2825 63 63 22 0 0 1 3607 363 72 53 0 0 0
0 0 0 0 667 3394 35 0 0 2303 1659 41 93 0 0 0 22 3885 85 81 23 0 0 0
0 0 0 0 0 3571 525 0 0 1 3448 647 0 0 0 0 0 2805 1291 0 0 0 0 0
0 0 0 0 0 943 3153 0 0 0 553 3543 0 0 0 0 0 256 3840 0 0 0 0 0
0 0 0 0 0 319 3777 0 0 0 1276 2820 0 0 0 0 0 799 3297 0 0 0 0 0
0 0 0 0 0 826 3270 0 0 234 3846 16 0 0 0 0 6 3822 268 0 0 0 0 0
209 206 114 72 123 1194 2173 5 504 766 2298 69 88 180 186 5 776 2796 103 119 167 128 7 0
40 181 194 218 646 1014 1524 279 380 548 1827 133 159 233 441 375 685 1944 296 166 188 210 409 198
0 0 0 24 836 1468 1768 0 0 135 3918 43 0 0 0 0 3 3967 126 0 0 0 0 0
784 73 55 49 627 1055 1451 2 883 321 2717 21 31 66 57 0 913 2896 122 16 42 78 29 0
1298 123 74 86 145 1599 771 0 1464 487 2062 50 33 0 0 0 1571 2430 62 28 5 0 0 0
0 0 0 0 0 2193 1903 0 0 834 3262 0 0 0 0 0 2 4090 4 0 0 0 0 0
0 0 0 0 8 860 3228 0 0 264 3060 772 0 0 0 0 6 2943 1147 0 0 0 0 0
1661 325 235 176 202 836 652 9 1803 427 1405 182 117 68 67 27 1867 1547 260 174 102 58 61 27
3 14 38 63 53 860 3059 6 2 12 458 3399 158 45 22 0 0 382 3424 185 65 30 10 0
0 0 0 0 1 3026 1069 0 0 1 2872 1223 0 0 0 0 0 1773 2322 1 0 0 0 0
0 0 0 0 0 3912 184 0 0 1940 2156 0 0 0 0 0 186 3876 34 0 0 0 0 0
0 0 0 0 24 4070 2 0 0 3320 776 0 0 0 0 0 933 3163 0 0 0 0 0 0
0 0 0 0 0 2396 1700 0 0 201 3876 19 0 0 0 0 0 3883 213 0 0 0 0 0
0 0 0 0 0 122 3974 0 0 0 2702 1394 0 0 0 0 0 2335 1761 0 0 0 0 0
0 0 0 0 0 19 4077 0 0 0 3062 1034 0 0 0 0 0 2550 1546 0 0 0 0 0
0 0 0 0 0 4 4092 0 0 337 3759 0 0 0 0 0 15 4057 24 0 0 0 0 0
0 0 0 0 0 9 4087 0 0 330 3751 15 0 0 0 0 23 4068 5 0 0 0 0 0
0 0 0 0 0 25 4071 0 0 8 3094 994 0 0 0 0 0 2328 1768 0 0 0 0 0
0 0 0 0 0 516 3580 0 0 16 4080 0 0 0 0 0 1 4095 0 0 0 0 0 0
192 236 164 150 172 1018 2164 0 376 1018 2417 99 72 79 35 0 576 3107 154 79 75 80 25 0
31 191 191 155 333 1023 2172 0 227 1356 2421 60 30 2 0 0 398 3450 175 48 24 1 0 0
0 0 0 14 152 1717 2213 0 0 1255 2841 0 0 0 0 0 76 4017 3 0 0 0 0 0
0 0 0 0 27 1616 2453 0 0 799 3245 52 0 0 0 0 49 3941 106 0 0 0 0 0
17 85 271 497 447 741 2038 0 399 1167 2203 79 75 63 102 8 967 2738 78 84 69 46 88 26
243 338 195 174 161 550 2435 0 679 897 1461 782 73 61 130 13 960 1642 1162 60 80 69 107 16
0 0 0 0 0 586 3510 0 0 0 3729 367 0 0 0 0 0 2895 1201 0 0 0 0 0
0 0 0 0 0 1615 2481 0 0 1759 2337 0 0 0 0 0 176 3917 3 0 0 0 0 0
0 0 0 0 38 3721 337 0 0 3762 334 0 0 0 0 0 798 3298 0 0 0 0 0 0
0 0 0 0 0 1122 2974 0 0 1371 2691 34 0 0 0 0 0 4009 87 0 0 0 0 0
0 0 0 0 69 312 3715 0 0 1 3933 162 0 0 0 0 0 3559 537 0 0 0 0 0
0 0 0 0 0 315 3781 0 0 0 3883 213 0 0 0 0 0 3318 778 0 0 0 0 0
0 0 0 0 0 3 4093 0 0 14 4082 0 0 0 0 0 0 4064 32 0 0 0 0 0
0 0 0 0 0 0 4096 0 0 119 3977 0 0 0 0 0 5 4091 0 0 0 0 0 0
0 0 0 0 0 0 4096 0 0 0 4096 0 0 0 0 0 0 3951 145 0 0 0 0 0
0 0 0 0 0 0 4096 0 0 20 4076 0 0 0 0 0 0 4093 3 0 0 0 0 0
0 0 0 0 0 0 4096 0 0 22 4074 0 0 0 0 0 0 4045 51 0 0 0 0 0
0 0 0 0 0 0 4093 3 0 61 4035 0 0 0 0 0 0 4071 25 0 0 0 0 0
0 0 0 0 0 0 4090 6 0 4 4092 0 0 0 0 0 0 4015 81 0 0 0 0 0
0 0 0 0 0 0 4096 0 0 0 4096 0 0 0 0 0 0 4043 53 0 0 0 0 0
0 0 0 0 0 0 4096 0 0 11 4085 0 0 0 0 0 0 4043 53 0 0 0 0 0
0 0 0 0 0 8 4088 0 0 0 3881 215 0 0 0 0 0 2750 1346 0 0 0 0 0
0 0 0 0 0 24 4072 0 0 40 4036 20 0 0 0 0 0 3767 329 0 0 0 0 0
0 0 0 0 0 227 3868 1 0 2011 2085 0 0 0 0 0 23 4072 1 0 0 0 0 0
0 0 0 0 0 2920 1176 0 0 3964 132 0 0 0 0 0 662 3434 0 0 0 0 0 0
