71 307 823 919 1798 162 16 0 57 978 2627 324 99 11 0 0 1248 1910 517 327 88 6 0 0
20 78 61 257 411 2659 607 3 89 283 799 2895 23 7 0 0 1452 2367 252 17 7 1 0 0
0 0 0 261 1818 2017 0 0 0 0 2204 1892 0 0 0 0 21 3869 206 0 0 0 0 0
0 0 0 176 1500 1908 512 0 0 226 1593 2271 6 0 0 0 885 3084 127 0 0 0 0 0
93 169 118 128 96 888 1882 722 224 182 179 2023 353 994 140 1 900 1580 238 382 890 102 4 0
9 48 16 12 110 1854 2045 2 22 53 146 3815 58 2 0 0 1084 2939 69 2 2 0 0 0
22 184 114 155 591 1828 768 434 147 194 461 2380 274 225 258 157 692 1844 670 161 207 219 201 102
104 260 182 156 354 2332 282 426 279 265 240 2394 293 191 194 240 467 551 2095 272 187 186 145 193
0 0 0 0 0 1862 2234 0 0 0 0 4091 5 0 0 0 183 2278 1635 0 0 0 0 0
100 433 243 188 338 675 2093 26 172 473 524 2027 852 33 7 8 857 2444 456 253 56 12 8 10
22 308 565 539 814 1401 421 26 323 720 1010 1774 237 29 3 0 1092 1956 632 344 67 5 0 0
253 608 451 432 425 1086 729 112 741 857 501 1608 222 95 68 4 1617 1654 448 157 120 60 40 0
0 0 0 3 967 3049 34 43 0 0 1322 2692 39 37 6 0 15 3452 545 41 29 14 0 0
17 51 60 140 1343 2022 383 80 72 184 1426 2267 60 53 34 0 710 2918 338 43 38 49 0 0
289 657 363 269 177 418 1214 709 707 663 282 444 421 1296 257 26 1410 481 286 523 1166 209 21 0
792 1021 288 172 450 1171 140 62 1132 955 406 1343 148 38 46 28 2212 1385 274 84 44 33 44 20
230 875 626 416 798 675 258 218 588 974 863 992 305 162 89 123 1018 1259 960 412 147 114 81 105
608 991 431 306 553 692 228 287 973 976 596 869 247 153 122 160 1401 1045 660 423 210 80 98 179
120 292 298 505 978 1159 545 199 282 441 920 1737 270 248 136 62 776 1953 809 201 142 123 72 20
392 748 380 260 567 745 802 202 737 737 445 773 498 384 389 133 1789 1236 514 270 130 80 60 17
137 21 27 250 725 1810 998 128 164 210 757 1538 816 562 49 0 569 1627 379 380 786 317 38 0
48 44 34 117 329 1960 1207 357 102 78 420 2194 585 445 217 55 351 1879 696 319 242 403 174 32
0 0 8 122 375 3500 74 17 0 48 669 3282 79 18 0 0 232 3551 290 21 2 0 0 0
140 470 225 214 625 2306 88 28 544 358 681 2340 124 44 5 0 1100 2592 350 46 8 0 0 0
102 205 146 266 659 809 1006 903 257 225 455 726 952 932 432 117 466 492 793 891 563 571 255 65
289 619 305 411 490 582 637 763 853 465 499 719 758 432 275 95 1662 830 500 350 296 220 196 42
169 988 616 473 577 800 327 146 927 1031 662 969 330 115 36 26 1637 1272 683 298 144 30 26 6
195 440 279 360 630 612 650 930 429 518 585 615 588 550 557 254 686 764 626 523 430 630 314 123
53 268 408 256 426 1255 652 778 204 433 380 1145 824 351 475 284 696 1154 978 323 186 345 344 70
254 325 270 232 808 984 889 334 342 367 346 516 879 892 519 235 1450 732 926 562 228 160 38 0
700 273 184 481 1308 1069 54 27 869 338 818 1758 265 26 22 0 1434 1361 797 337 104 37 16 10
161 306 148 373 1433 1491 141 43 357 192 843 2360 283 33 15 13 953 1792 1120 164 30 17 11 9
36 152 137 453 1248 2066 4 0 2 115 465 3270 244 0 0 0 308 2557 1210 21 0 0 0 0
305 721 332 618 995 1107 18 0 824 411 506 2157 176 22 0 0 1230 1823 976 47 18 2 0 0
854 1180 465 344 433 451 238 131 1425 936 469 594 392 163 88 29 1688 1081 625 351 185 110 37 19
477 915 704 658 518 480 234 110 1099 714 887 829 298 151 92 26 1579 1245 655 316 165 86 37 13
218 635 785 543 571 800 382 162 485 774 943 1219 396 153 84 42 965 1564 942 313 147 106 53 6
914 802 283 349 272 741 517 218 1351 569 533 742 575 211 75 40 1740 901 746 388 175 91 53 2
81 292 549 616 631 739 800 388 128 554 765 1284 773 254 179 159 874 1267 953 429 194 146 199 34
0 113 440 904 965 699 508 467 8 286 1086 1324 625 385 280 102 460 1308 1144 437 315 266 135 31
0 0 11 77 859 2165 722 262 7 76 1805 1507 450 190 61 0 937 1992 574 265 186 131 11 0
0 0 2 30 430 2526 959 149 0 59 1546 2153 211 64 37 26 1802 1860 247 69 35 38 38 7
0 0 0 0 363 2669 1025 39 0 0 1099 2673 246 68 10 0 1325 2482 186 86 17 0 0 0
5 19 5 5 71 2186 1761 44 14 17 518 3237 256 54 0 0 1287 2554 188 67 0 0 0 0
1913 861 189 103 185 516 310 19 2679 314 351 654 83 15 0 0 3116 760 156 48 16 0 0 0
0 30 62 36 428 2547 940 53 87 140 1625 2026 184 34 0 0 1886 1786 352 55 16 1 0 0
0 0 0 0 423 1862 1529 282 0 16 1033 2186 508 275 76 2 1381 1782 241 261 330 93 8 0
0 0 0 7 143 1083 1989 874 0 26 470 1536 1411 349 169 135 386 1468 1133 615 139 123 199 33
0 0 0 0 21 1128 2362 585 0 0 180 2618 964 329 5 0 1035 1970 663 416 12 0 0 0
0 0 0 4 100 873 2432 687 0 10 167 2039 1493 384 3 0 405 2344 940 372 35 0 0 0
0 0 0 0 407 2532 1107 50 0 98 2225 1711 14 34 14 0 2180 1844 14 17 37 4 0 0
0 0 0 89 394 2327 1282 4 0 215 1976 1878 27 0 0 0 2423 1603 70 0 0 0 0 0
0 0 0 0 115 1883 2093 5 0 69 1578 2434 15 0 0 0 2820 1258 18 0 0 0 0 0
0 0 0 0 0 1869 2227 0 0 0 1453 2629 14 0 0 0 2786 1310 0 0 0 0 0 0
0 9 15 87 831 1220 1604 330 24 77 1023 2052 605 151 104 60 591 1572 1029 504 183 84 86 47
0 0 0 0 199 1688 1926 283 0 41 1395 2200 288 99 73 0 2042 1534 345 35 103 37 0 0
0 0 12 65 141 1245 1968 665 0 67 850 2062 740 189 174 14 1418 1401 753 143 215 143 23 0
0 0 0 28 69 590 2421 988 0 15 298 1882 1363 375 106 57 534 1820 972 402 144 110 95 19
0 0 0 0 24 902 2789 381 0 0 412 2711 835 127 6 5 1848 1767 317 145 10 6 3 0
0 0 0 0 36 644 3241 175 0 0 190 2074 1773 59 0 0 2238 1853 5 0 0 0 0 0
0 0 0 8 180 1881 1802 225 0 61 1868 1843 167 80 77 0 1774 1825 316 66 104 11 0 0
0 0 0 17 86 1655 1777 561 1 39 1561 1770 251 214 259 1 1688 1346 555 121 326 60 0 0
0 0 0 0 109 2463 1488 36 0 100 2522 1470 4 0 0 0 3542 554 0 0 0 0 0 0
0 0 3 43 221 2199 1459 171 0 87 2321 1468 161 57 2 0 3021 866 56 95 56 2 0 0
219 131 158 406 438 1086 1121 537 335 222 783 1059 942 421 212 122 856 633 543 1082 548 225 106 103
0 0 0 17 182 1301 2499 97 0 54 1395 2528 119 0 0 0 3284 752 60 0 0 0 0 0
0 0 0 4 63 1066 2868 95 0 19 1125 2827 66 26 28 5 2656 1323 54 21 20 22 0 0
0 0 0 0 25 778 2930 363 0 3 713 2861 367 28 110 14 2157 1579 188 34 80 58 0 0
0 0 0 0 11 1144 2881 60 0 0 1070 2948 53 4 20 1 3251 804 18 4 19 0 0 0
0 0 0 0 0 1368 2653 75 0 0 749 3141 206 0 0 0 3284 808 4 0 0 0 0 0
