1089 1807 275 208 703 14 0 0 1452 1499 258 158 716 13 0 0 1516 1533 216 182 647 2 0 0
582 1062 185 157 1032 1078 0 0 698 999 162 82 435 1720 0 0 654 1060 140 88 1297 857 0 0
0 0 0 0 0 2936 1160 0 0 0 0 0 0 2518 1578 0 0 0 0 0 0 3555 541 0
0 0 0 0 0 1 4095 0 0 0 0 0 0 0 4096 0 0 0 0 0 0 90 4006 0
0 0 0 1 305 41 3748 1 0 0 0 0 207 113 3767 9 0 0 0 0 281 39 3776 0
0 0 0 568 2487 1041 0 0 0 0 65 1706 611 1714 0 0 0 80 1603 140 1193 1080 0 0
0 0 0 1679 2417 0 0 0 0 0 354 3742 0 0 0 0 0 514 3574 8 0 0 0 0
0 0 1 2279 1816 0 0 0 0 0 548 3548 0 0 0 0 0 799 3297 0 0 0 0 0
0 0 400 3038 658 0 0 0 0 25 2375 1696 0 0 0 0 0 2089 2007 0 0 0 0 0
0 75 744 2656 621 0 0 0 0 439 2171 1486 0 0 0 0 21 2121 1953 1 0 0 0 0
0 230 2044 1822 0 0 0 0 12 1064 3010 10 0 0 0 0 121 3709 266 0 0 0 0 0
0 75 2647 1374 0 0 0 0 0 908 3133 55 0 0 0 0 37 3960 99 0 0 0 0 0
2 41 632 2737 236 119 120 209 24 142 2621 850 132 108 75 144 36 2473 1109 136 95 87 40 120
549 1146 641 1193 511 56 0 0 1354 670 1290 611 169 2 0 0 1596 1524 784 191 1 0 0 0
467 1230 629 705 1049 16 0 0 933 1307 637 1137 82 0 0 0 1176 1584 1236 100 0 0 0 0
1 515 636 1489 1211 243 1 0 24 898 1268 1363 542 1 0 0 181 1882 1586 444 3 0 0 0
49 400 892 1356 1331 68 0 0 212 675 1361 1549 299 0 0 0 387 1734 1841 134 0 0 0 0
472 1616 992 761 255 0 0 0 1232 1548 674 631 11 0 0 0 1826 1513 757 0 0 0 0 0
666 1292 1255 830 53 0 0 0 1393 1251 954 498 0 0 0 0 1784 1700 612 0 0 0 0 0
167 951 1606 1355 17 0 0 0 772 848 2108 368 0 0 0 0 1005 2316 775 0 0 0 0 0
30 733 1372 1597 327 30 5 2 195 1058 2213 527 76 21 4 2 373 1971 1401 275 51 19 6 0
0 132 2930 620 314 100 0 0 8 1266 2178 426 181 37 0 0 55 3155 461 257 111 46 11 0
2167 1710 145 67 7 0 0 0 2562 1324 114 87 9 0 0 0 2445 1460 134 49 8 0 0 0
2127 1221 243 132 69 304 0 0 2559 895 171 95 91 284 1 0 2485 990 161 99 97 264 0 0
0 0 13 10 13 2099 1961 0 0 14 2 18 6 1770 2286 0 0 12 11 11 17 2415 1630 0
0 0 0 0 0 53 4043 0 0 0 0 0 10 49 4037 0 0 0 0 0 21 64 4011 0
0 0 0 4 403 198 3354 137 0 0 0 0 164 428 2753 751 0 0 0 11 335 266 3456 28
0 0 0 335 2064 1697 0 0 0 0 116 1347 442 2126 65 0 0 90 1260 387 627 1730 2 0
0 0 0 512 3576 8 0 0 0 0 95 3680 321 0 0 0 0 122 3663 311 0 0 0 0
0 0 0 286 3806 4 0 0 0 0 65 3677 354 0 0 0 0 61 3725 310 0 0 0 0
0 0 64 2249 1783 0 0 0 0 0 1269 2745 82 0 0 0 0 898 3165 33 0 0 0 0
0 216 889 1762 1210 19 0 0 0 696 1472 1697 231 0 0 0 66 1975 1973 82 0 0 0 0
0 191 1084 1399 1322 100 0 0 6 593 1302 1768 427 0 0 0 192 1621 2151 132 0 0 0 0
0 312 1846 499 1098 341 0 0 3 1288 1167 953 683 2 0 0 180 2254 1224 438 0 0 0 0
0 64 1299 466 803 660 358 446 0 380 1348 477 919 432 185 355 40 1580 632 944 334 159 90 317
0 0 110 600 1729 1373 284 0 0 11 287 1627 1568 603 0 0 0 354 1638 1712 385 7 0 0
0 0 132 2458 947 559 0 0 0 0 1220 2024 818 34 0 0 0 866 2483 746 1 0 0 0
0 0 0 2906 1047 143 0 0 0 0 794 3067 235 0 0 0 0 539 3356 201 0 0 0 0
0 0 2 3265 829 0 0 0 0 0 1067 3023 6 0 0 0 0 705 3385 6 0 0 0 0
56 576 1190 1580 694 0 0 0 352 677 1731 1336 0 0 0 0 492 2017 1585 2 0 0 0 0
287 688 2198 919 4 0 0 0 656 985 2431 24 0 0 0 0 803 3027 266 0 0 0 0 0
4 422 1705 1962 3 0 0 0 96 890 2859 251 0 0 0 0 262 2584 1250 0 0 0 0 0
23 251 1280 2542 0 0 0 0 120 500 3231 245 0 0 0 0 151 2161 1784 0 0 0 0 0
0 131 1345 2620 0 0 0 0 2 589 3275 230 0 0 0 0 34 2269 1793 0 0 0 0 0
559 1821 235 784 389 305 3 0 965 1533 183 820 272 318 4 1 1016 1512 193 847 331 193 4 0
916 447 186 1756 307 483 1 0 1177 245 180 1691 191 611 1 0 1098 322 262 1643 233 538 0 0
0 0 0 1190 1077 1115 714 0 0 0 6 824 1601 831 834 0 0 0 119 1145 1367 828 637 0
0 0 0 798 2008 756 534 0 0 1 141 833 2131 474 515 1 0 48 254 1005 2002 291 496 0
0 0 0 308 2045 590 1153 0 0 0 2 584 1571 1898 40 1 0 0 142 694 2699 550 11 0
0 0 0 0 678 671 2747 0 0 0 0 66 497 3530 3 0 0 0 0 295 1680 2121 0 0
0 0 0 0 470 964 2662 0 0 0 0 223 864 3009 0 0 0 0 257 783 1825 1231 0 0
0 0 0 194 1492 1695 715 0 0 0 30 1178 1668 1220 0 0 0 102 1303 1464 1208 19 0 0
0 0 42 1858 1636 560 0 0 0 1 650 2401 1038 6 0 0 0 610 2726 760 0 0 0 0
0 145 600 1083 1647 621 0 0 0 546 601 1929 1020 0 0 0 71 978 2330 717 0 0 0 0
0 23 371 1637 827 1238 0 0 0 122 1234 1363 1207 170 0 0 31 1236 1561 1261 7 0 0 0
0 65 990 556 2083 402 0 0 0 437 883 1790 934 52 0 0 8 1255 2001 832 0 0 0 0
0 15 348 522 1709 1500 2 0 0 126 515 1043 2204 208 0 0 0 609 1316 2138 33 0 0 0
0 0 38 267 1441 1507 811 32 0 1 113 1165 1190 1512 115 0 0 123 1510 1440 983 40 0 0
0 0 41 290 1479 1050 603 633 0 19 117 929 1361 808 614 248 1 95 1027 1637 626 531 179 0
0 0 0 56 1641 1029 651 719 0 0 0 1035 1428 638 753 242 0 0 1001 1637 576 689 193 0
0 0 46 327 1769 1398 556 0 0 7 73 1322 1652 1004 38 0 0 43 1579 1650 813 11 0 0
1 76 215 2042 1117 633 12 0 41 99 1096 1810 905 145 0 0 62 756 2276 943 59 0 0 0
28 886 928 2237 17 0 0 0 482 801 1904 909 0 0 0 0 744 1703 1649 0 0 0 0 0
0 170 403 2790 733 0 0 0 53 294 1495 2245 9 0 0 0 96 722 2990 288 0 0 0 0
0 0 0 2114 1982 0 0 0 0 0 296 3551 249 0 0 0 0 11 2763 1322 0 0 0 0
0 0 0 1947 2149 0 0 0 0 0 268 3433 395 0 0 0 0 9 2353 1734 0 0 0 0
0 0 1 1078 123 39 265 2590 0 0 2 1209 32 43 2810 0 0 0 314 921 44 1518 1299 0
0 0 0 356 94 55 1841 1750 0 0 1 447 49 377 3222 0 0 0 227 256 170 3064 379 0
0 0 0 0 24 407 3587 78 0 0 0 3 148 1725 2220 0 0 0 0 63 953 3078 2 0
0 0 0 31 737 2212 1115 1 0 0 0 311 1263 2368 154 0 0 0 130 885 2128 942 11 0
0 0 0 36 1123 681 2256 0 0 0 0 603 1120 2357 16 0 0 0 400 1230 1672 794 0 0
0 0 0 94 534 441 3027 0 0 0 1 602 210 3282 1 0 0 6 557 142 2403 988 0 0
0 0 0 32 561 561 2942 0 0 0 1 571 251 3271 2 0 0 6 540 196 2808 546 0 0
0 0 0 74 508 743 2771 0 0 0 1 526 297 3272 0 0 0 9 507 271 3191 118 0 0
0 0 10 294 1476 1761 555 0 0 0 152 1239 1535 1170 0 0 0 128 1188 1763 1017 0 0 0
0 68 893 544 1348 808 348 87 0 696 536 1051 1224 404 185 0 98 1096 1271 1162 359 110 0 0
0 36 225 933 1043 869 854 136 0 185 433 1588 535 1085 244 26 42 544 1756 1023 649 67 15 0
0 10 597 535 396 916 945 697 0 129 898 221 851 978 886 133 1 988 346 1246 819 650 46 0
0 0 0 50 304 980 1415 1347 0 0 3 211 694 1361 1376 451 0 0 257 1097 1400 1104 238 0
0 0 0 0 7 93 523 3473 0 0 0 0 62 281 978 2775 0 0 0 67 466 943 2206 414
0 0 0 0 1 361 178 3556 0 0 0 0 262 211 142 3481 0 0 0 290 177 169 1734 1726
0 0 0 0 61 387 140 3508 0 0 1 25 384 120 418 3148 0 0 26 359 131 408 2851 321
0 0 0 0 241 351 1495 2009 0 0 0 81 459 565 2296 695 0 0 144 411 776 2118 647 0
0 0 7 1568 673 429 1286 133 0 0 332 1891 203 1097 572 1 0 170 2053 341 1157 369 6 0
28 928 689 1876 575 0 0 0 587 804 1144 1514 47 0 0 0 881 1121 1936 158 0 0 0 0
0 121 289 325 1320 2040 1 0 36 267 248 655 2586 304 0 0 101 333 404 2318 940 0 0 0
0 0 0 0 1147 2932 17 0 0 0 0 42 3111 943 0 0 0 0 0 1759 2301 36 0 0
0 0 0 0 1060 3005 31 0 0 0 0 22 3006 1068 0 0 0 0 0 1429 2611 56 0 0
0 0 0 0 1 145 1146 2804 0 0 0 0 66 196 3834 0 0 0 0 26 171 3510 389 0
0 0 0 0 38 211 1150 2697 0 0 0 24 128 379 3560 5 0 0 0 79 304 3453 260 0
0 0 0 0 15 155 3145 781 0 0 0 3 84 628 3381 0 0 0 0 45 279 3758 14 0
0 0 0 7 163 1862 2063 1 0 0 1 39 1338 2481 237 0 0 0 22 968 1633 1465 8 0
0 0 0 3 28 1401 2664 0 0 0 0 12 461 2792 831 0 0 0 6 305 2753 1032 0 0
0 0 0 3 108 1481 2504 0 0 0 2 58 425 3610 1 0 0 0 28 277 3489 302 0 0
0 0 0 0 94 1113 2889 0 0 0 0 43 401 3652 0 0 0 0 22 351 3265 458 0 0
0 0 0 0 20 240 3823 13 0 0 0 8 111 2802 1175 0 0 0 5 102 2358 1631 0 0
0 0 0 0 110 1335 1386 1265 0 0 0 27 678 1395 1996 0 0 0 22 641 1651 1779 3 0
0 42 1730 810 167 400 221 726 0 671 1843 176 256 378 222 550 81 2311 276 264 396 276 492 0
0 0 47 266 155 1086 981 1561 0 0 219 199 503 1485 150 1540 4 252 212 1265 661 163 1403 136
0 1 154 208 100 133 236 3264 0 55 245 144 113 144 626 2769 0 263 190 124 157 841 2314 207
0 0 0 28 184 234 322 3328 0 0 6 147 256 165 944 2578 0 6 176 234 244 1285 2143 8
0 0 0 0 17 347 59 3673 0 0 0 0 336 74 57 3629 0 0 9 315 84 62 941 2685
0 0 0 0 0 33 65 3998 0 0 0 0 30 60 18 3988 0 0 0 19 60 22 90 3905
0 0 0 0 0 3 22 4071 0 0 0 0 0 10 20 4066 0 0 0 0 9 21 630 3436
0 0 0 0 0 13 102 3981 0 0 0 0 0 72 281 3743 0 0 0 0 65 477 3312 242
0 0 0 3 1116 554 781 1642 0 168 69 687 755 489 1411 517 133 103 511 914 533 1648 254 0
34 536 183 165 1071 582 1525 0 397 632 219 423 927 1498 0 0 763 417 296 1161 1459 0 0 0
2 34 46 57 284 1325 2348 0 19 341 234 122 271 3104 5 0 169 376 132 260 2840 319 0 0
0 0 0 0 52 531 3513 0 0 0 0 46 40 3995 15 0 0 0 0 64 736 3296 0 0
0 0 0 0 0 598 3498 0 0 0 0 0 0 4096 0 0 0 0 0 0 499 3597 0 0
0 0 0 7 142 190 3366 391 0 0 0 121 135 592 3241 7 0 0 64 164 276 3575 10 7
0 0 0 0 89 192 2909 906 0 0 0 61 136 650 3247 2 0 0 38 137 455 3460 4 2
0 0 0 0 0 0 3837 259 0 0 0 0 0 187 3909 0 0 0 0 0 6 4090 0 0
0 0 0 0 0 460 3636 0 0 0 0 0 54 2668 1374 0 0 0 0 9 1233 2854 0 0
0 0 0 0 0 726 3370 0 0 0 0 0 259 2249 1588 0 0 0 0 139 1886 2071 0 0
0 0 0 0 0 2915 1181 0 0 0 0 0 275 3821 0 0 0 0 0 176 3920 0 0 0
3 108 203 359 665 2187 571 0 33 200 338 559 1013 1953 0 0 93 435 700 828 2040 0 0 0
0 0 0 195 344 909 2189 459 0 0 151 322 794 1629 1200 0 0 125 418 720 1793 1040 0 0
0 0 8 20 261 749 1101 1957 0 8 16 178 602 1057 2185 50 0 16 191 559 1105 2191 34 0
0 0 82 259 219 721 1549 1266 1 43 271 181 384 1790 817 609 4 238 213 489 1736 816 600 0
0 0 1 87 279 1534 825 1370 0 0 59 205 1358 1028 143 1303 0 50 353 1329 910 171 1283 0
0 0 218 787 1215 179 295 1402 0 88 485 1574 204 152 777 816 4 606 1544 217 165 778 781 1
0 0 0 176 334 382 353 2851 0 0 61 385 366 262 2438 584 0 5 445 404 310 2545 387 0
0 0 0 0 1 42 120 3933 0 0 0 0 21 50 1566 2459 0 0 0 18 52 1215 2809 2
0 0 0 0 0 1 2 4093 0 0 0 0 0 1 986 3109 0 0 0 0 1 650 3416 29
0 0 0 0 0 0 0 4096 0 0 0 0 0 0 1117 2979 0 0 0 0 0 615 3379 102
0 0 0 0 0 0 13 4083 0 0 0 0 0 1 2450 1645 0 0 0 0 0 2136 1944 16
0 0 0 37 520 369 1401 1769 0 163 168 334 207 1112 2090 22 98 212 312 162 1192 2113 7 0
0 0 0 348 766 680 2300 2 2 393 548 468 568 2081 36 0 194 672 544 1287 1353 46 0 0
0 0 0 370 735 535 2454 2 1 313 490 477 385 2151 279 0 103 569 592 953 1389 490 0 0
0 0 0 0 17 92 3987 0 0 0 0 8 44 3949 95 0 0 0 1 28 375 3692 0 0
0 1 15 51 111 430 3482 6 0 0 30 71 184 3794 8 9 0 0 41 131 1247 2663 6 8
0 0 0 0 0 45 4051 0 0 0 0 0 6 3829 261 0 0 0 0 0 941 3155 0 0
0 0 0 0 0 48 4047 1 0 0 0 0 19 3221 856 0 0 0 0 7 719 3370 0 0
0 0 0 0 0 0 4096 0 0 0 0 0 0 3248 848 0 0 0 0 0 975 3121 0 0
4 70 34 56 44 108 3780 0 60 49 76 27 13 3769 102 0 82 91 26 22 2213 1662 0 0
0 0 0 17 138 722 3219 0 0 0 4 130 316 2241 1405 0 0 0 28 367 1765 1936 0 0
0 0 0 0 0 1506 2590 0 0 0 0 0 401 3669 26 0 0 0 0 205 3795 96 0 0
0 29 81 252 522 1725 1423 64 3 72 141 553 1189 1930 200 8 17 113 487 1555 1656 265 3 0
0 0 0 0 69 1298 2593 136 0 0 0 49 558 3190 295 4 0 0 65 1131 2585 308 7 0
0 0 1 37 294 981 1934 849 0 0 32 193 642 1629 1600 0 0 22 161 818 1607 1484 4 0
0 23 147 234 526 510 1629 1027 8 98 204 532 448 1404 1344 58 44 277 530 430 1452 1319 44 0
0 21 85 89 997 1060 1006 838 2 74 112 754 1119 1061 968 6 37 149 1084 924 903 995 4 0
0 0 0 34 431 466 2938 227 0 0 19 401 328 2031 1317 0 0 19 449 230 2403 995 0 0
0 1 107 783 634 606 1575 390 1 265 865 433 472 917 1139 4 41 932 522 488 1045 1065 3 0
0 0 0 0 0 281 2958 857 0 0 0 0 98 1836 2162 0 0 0 0 50 1924 2114 8 0
0 0 0 0 0 99 3123 874 0 0 0 0 19 1926 2151 0 0 0 0 20 1814 2262 0 0
0 0 0 0 0 108 3033 955 0 0 0 0 20 1448 2628 0 0 0 0 16 1195 2880 5 0
0 0 0 0 0 81 3247 768 0 0 0 0 16 1369 2711 0 0 0 0 11 1048 3037 0 0
0 0 0 0 116 1646 2186 148 0 0 0 35 1139 1912 1010 0 0 0 11 550 2475 1060 0 0
0 0 0 92 267 2328 1408 1 0 53 52 143 1868 1526 454 0 4 86 76 1119 1857 954 0 0
0 0 0 0 5 740 3350 1 0 0 0 0 65 3342 689 0 0 0 0 46 1829 2221 0 0
0 99 114 216 297 590 2780 0 47 166 250 225 173 3234 1 0 163 310 199 152 2333 939 0 0
0 0 7 278 498 1548 1765 0 0 2 114 554 679 2747 0 0 13 108 151 655 3127 42 0 0
401 1066 124 55 77 835 1538 0 865 658 88 57 238 2190 0 0 241 1251 124 110 2272 98 0 0
221 1637 145 184 123 421 1365 0 1105 955 127 110 177 1622 0 0 167 1882 180 195 1604 68 0 0
227 1788 126 56 98 296 1505 0 1033 1068 104 99 183 1609 0 0 114 1982 138 198 1585 79 0 0
409 1410 211 369 430 840 427 0 1043 1020 264 345 507 917 0 0 559 1636 336 480 1083 2 0 0
252 1271 400 350 234 478 1110 1 534 1441 344 161 327 1030 259 0 365 1716 301 341 831 542 0 0
5 342 72 42 29 1278 2328 0 53 364 44 27 345 3263 0 0 34 393 39 305 3323 2 0 0
0 0 13 239 609 3006 228 1 0 4 130 475 2845 641 1 0 0 32 483 3013 566 2 0 0
2 98 207 526 691 2421 149 2 74 107 319 802 2253 539 2 0 55 310 618 2507 595 11 0 0
29 728 130 227 590 1285 1107 0 433 429 216 381 1212 1341 84 0 297 681 466 1339 1285 28 0 0
166 1778 1148 417 104 211 194 78 738 1917 870 109 115 178 165 4 643 2804 174 119 217 138 1 0
30 1005 758 413 584 1093 213 0 338 1296 567 491 900 504 0 0 345 1804 749 926 272 0 0 0
63 879 468 74 44 1516 1023 29 261 1087 122 38 664 1815 109 0 60 1308 114 526 2027 61 0 0
0 39 55 471 1467 1184 880 0 25 122 448 1202 988 1311 0 0 30 371 670 1541 1469 15 0 0
0 0 16 636 423 876 2130 15 0 73 518 472 396 2587 50 0 13 234 702 557 2525 55 10 0
22 159 149 259 148 617 2742 0 140 270 235 86 231 3108 26 0 182 405 135 275 3065 34 0 0
0 0 0 0 1 368 3727 0 0 0 0 0 88 3798 210 0 0 0 0 81 3676 339 0 0
0 0 0 0 11 794 3288 3 0 0 0 3 251 3507 335 0 0 0 2 218 3279 597 0 0
132 2028 296 402 676 328 234 0 703 1705 446 600 224 411 7 0 212 2446 515 467 451 5 0 0
128 1625 303 652 1050 337 1 0 624 1527 458 887 549 51 0 0 328 2030 469 980 289 0 0 0
86 2925 243 82 88 538 134 0 452 2700 146 71 82 645 0 0 24 3055 223 77 663 54 0 0
235 3169 205 84 63 299 41 0 1038 2538 120 55 83 262 0 0 63 3492 157 104 280 0 0 0
383 1641 284 158 266 1320 44 0 481 1684 230 197 897 607 0 0 10 2117 374 669 926 0 0 0
1868 1518 42 52 98 518 0 0 3047 338 49 52 607 3 0 0 1076 2304 56 449 211 0 0 0
2670 1426 0 0 0 0 0 0 3858 238 0 0 0 0 0 0 1520 2576 0 0 0 0 0 0
2192 1904 0 0 0 0 0 0 3726 370 0 0 0 0 0 0 1476 2620 0 0 0 0 0 0
1479 1361 202 107 287 329 324 7 2513 525 188 210 99 499 62 0 1649 1537 226 68 78 517 21 0
328 1028 853 991 680 134 82 0 722 1191 1257 677 119 117 13 0 223 2329 1196 182 73 91 2 0
59 746 79 64 64 453 2631 0 387 512 64 43 280 2810 0 0 171 746 72 289 2811 7 0 0
0 0 0 193 621 2758 503 21 0 0 101 582 2530 823 55 5 0 23 641 2491 886 49 6 0
581 183 256 603 546 1768 154 5 734 158 228 903 1722 342 9 0 789 243 510 1740 802 12 0 0
389 1299 669 483 652 549 55 0 785 761 1140 655 630 123 2 0 821 729 880 1411 242 13 0 0
677 1591 586 347 297 360 231 7 2112 934 336 287 172 173 82 0 2072 1284 290 87 181 182 0 0
69 409 192 651 1015 892 821 47 410 326 524 1251 605 313 667 0 353 1120 1065 495 283 239 541 0
98 867 324 627 241 1555 360 24 443 812 682 198 1229 576 156 0 309 1620 302 1022 535 298 10 0
1930 402 185 123 163 897 368 28 2251 239 146 152 586 571 151 0 2265 344 231 607 379 253 17 0
680 294 213 576 280 1356 693 4 949 361 575 158 942 977 134 0 1060 700 326 1109 583 311 7 0
803 704 313 487 405 443 908 33 1342 564 499 285 367 836 203 0 1482 840 381 405 666 295 27 0
0 0 41 273 294 322 3165 1 0 11 287 307 258 3010 223 0 0 233 439 733 2260 430 1 0
0 0 138 217 304 1308 2126 3 0 75 243 366 744 2505 163 0 0 282 446 946 2028 390 4 0
218 1178 259 913 724 503 301 0 782 877 833 733 448 395 28 0 395 1926 530 745 242 258 0 0
537 197 189 1617 1049 151 356 0 700 174 1184 1443 211 305 79 0 711 793 1199 953 95 345 0 0
324 2496 163 719 17 179 198 0 1292 1657 738 30 22 346 11 0 434 3136 130 20 178 198 0 0
794 2642 83 556 6 14 1 0 2178 1334 559 8 7 10 0 0 679 3376 19 10 12 0 0 0
1048 1453 207 312 279 788 9 0 1130 1548 331 186 633 268 0 0 188 2696 276 538 398 0 0 0
2588 605 52 196 308 286 61 0 3082 116 249 161 263 209 16 0 2362 1019 141 276 129 169 0 0
3405 691 0 0 0 0 0 0 4065 31 0 0 0 0 0 0 3303 793 0 0 0 0 0 0
2909 921 177 89 0 0 0 0 3758 260 78 0 0 0 0 0 3353 743 0 0 0 0 0 0
371 741 204 295 263 2039 183 0 632 423 483 135 695 1728 0 0 449 569 109 504 1283 1182 0 0
508 2580 197 227 258 80 246 0 1 966 2678 98 38 230 85 0 12 318 174 2034 1243 302 13 0
52 1115 316 278 452 1231 652 0 37 352 1299 510 1166 732 0 0 44 506 459 1560 1527 0 0 0
0 9 200 370 1217 1939 356 5 2 155 263 1274 1938 451 13 0 21 348 1469 2011 238 9 0 0
0 64 245 498 1197 1777 315 0 29 290 405 1146 1804 419 3 0 112 533 1425 1942 71 13 0 0
911 1296 444 503 496 439 7 0 971 1449 790 453 429 4 0 0 1116 859 1703 415 3 0 0 0
0 220 232 735 2186 693 14 16 30 436 1051 2304 240 16 7 12 70 1999 1859 123 23 4 9 9
0 6 89 602 452 880 2063 4 3 72 769 530 532 532 1658 0 2 759 809 261 205 1267 793 0
0 83 94 159 760 1943 1057 0 5 145 187 1025 1750 984 0 0 1 500 1330 2231 34 0 0 0
52 177 366 490 472 1128 1411 0 202 468 441 392 1267 1325 1 0 288 776 435 2374 210 13 0 0
4 24 173 299 479 2228 887 2 27 269 237 372 2322 863 4 2 165 323 770 2735 94 7 1 1
471 203 208 272 254 727 1960 1 654 330 192 234 678 2004 3 1 827 328 308 2548 80 3 2 0
0 8 18 10 48 721 3291 0 2 21 15 33 667 3350 8 0 13 29 44 3409 600 1 0 0
0 0 0 0 235 1317 2544 0 0 0 0 113 1283 2700 0 0 0 0 30 3557 509 0 0 0
0 191 113 387 2373 1006 26 0 1 292 372 2566 845 20 0 0 7 1071 2411 606 1 0 0 0
254 217 233 1124 1678 553 37 0 320 455 1097 1768 407 49 0 0 434 1766 1597 215 78 6 0 0
1 368 140 928 2647 12 0 0 3 464 909 2716 4 0 0 0 0 1966 2125 5 0 0 0 0
0 375 133 1594 1942 52 0 0 4 482 1220 2301 89 0 0 0 0 2001 1913 181 1 0 0 0
935 578 133 769 905 776 0 0 689 951 560 1082 814 0 0 0 36 2018 1271 771 0 0 0 0
698 586 365 1875 533 39 0 0 972 592 2062 463 7 0 0 0 790 2764 535 7 0 0 0 0
601 747 543 1996 209 0 0 0 796 909 2162 229 0 0 0 0 485 3314 288 9 0 0 0 0
394 596 330 1874 902 0 0 0 563 606 2025 902 0 0 0 0 220 3517 357 2 0 0 0 0
1871 606 310 515 387 404 3 0 1800 958 531 336 259 212 0 0 803 2167 490 184 400 52 0 0
1610 2402 83 1 0 0 0 0 0 3291 805 0 0 0 0 0 3 55 188 3602 248 0 0 0
455 1285 123 440 1789 4 0 0 0 909 1442 1678 67 0 0 0 0 414 1578 1461 643 0 0 0
0 0 156 2758 1147 35 0 0 0 0 640 3398 58 0 0 0 0 50 3853 193 0 0 0 0
0 561 1319 1835 381 0 0 0 0 883 1563 1650 0 0 0 0 3 1073 3000 20 0 0 0 0
644 271 811 1309 996 65 0 0 746 854 931 1556 9 0 0 0 1072 1059 1736 229 0 0 0 0
0 787 1920 878 474 37 0 0 8 1909 1321 850 8 0 0 0 9 2558 1479 50 0 0 0 0
1 452 1219 1248 996 180 0 0 7 1390 1499 1098 102 0 0 0 16 2803 1221 49 7 0 0 0
0 0 0 696 2559 432 409 0 0 0 11 2986 748 351 0 0 0 0 1803 2293 0 0 0 0
0 0 0 0 3004 158 934 0 0 0 0 479 2706 911 0 0 0 0 9 4055 32 0 0 0
0 0 410 650 1011 1348 677 0 0 4 895 557 2082 558 0 0 0 65 1864 2064 103 0 0 0
0 0 46 200 418 2094 1338 0 0 0 179 708 1845 1364 0 0 0 53 1853 1986 204 0 0 0
0 0 0 0 0 335 3761 0 0 0 0 0 158 3938 0 0 0 0 0 2240 1856 0 0 0
0 0 0 0 123 713 3260 0 0 0 0 93 506 3497 0 0 0 0 25 2979 1092 0 0 0
0 3 61 152 1331 2337 212 0 1 46 93 1716 1974 266 0 0 4 138 2385 1568 1 0 0 0
0 2 33 368 2783 910 0 0 0 19 390 3230 457 0 0 0 0 1082 2765 248 1 0 0 0
0 0 0 0 1961 2131 4 0 0 0 4 2013 2078 1 0 0 0 24 2241 1708 123 0 0 0
0 0 0 194 2636 1266 0 0 0 0 127 2835 1134 0 0 0 0 307 2790 961 38 0 0 0
631 775 97 71 952 1570 0 0 467 1044 84 1034 1467 0 0 0 0 1478 1371 1247 0 0 0 0
2 186 111 832 2622 342 1 0 47 181 1329 2161 281 97 0 0 8 2495 1163 149 273 8 0 0
0 1 5 195 3895 0 0 0 1 7 312 3776 0 0 0 0 2 2714 1359 21 0 0 0 0
0 0 0 17 4039 40 0 0 0 0 19 4059 18 0 0 0 0 1225 2794 77 0 0 0 0
500 187 66 394 2513 436 0 0 586 156 561 2463 330 0 0 0 250 1383 2381 82 0 0 0 0
649 2095 158 113 902 179 0 0 8 2182 759 455 567 125 0 0 10 162 511 2902 510 1 0 0
129 1137 96 402 712 1313 289 18 0 499 1505 411 972 668 26 15 0 528 667 1803 619 456 11 12
0 0 0 5 35 3997 59 0 0 0 0 74 4000 22 0 0 0 0 898 3151 47 0 0 0
0 18 137 304 545 2637 455 0 13 55 278 709 2780 261 0 0 17 193 1321 2406 159 0 0 0
0 45 113 430 525 2212 771 0 16 106 231 1049 1954 740 0 0 30 199 1876 1901 90 0 0 0
0 76 321 448 473 1484 1294 0 0 313 260 781 1399 1343 0 0 0 433 1115 2302 246 0 0 0
0 113 381 329 1013 1793 445 22 0 385 329 1241 1697 404 21 19 0 833 1564 1494 131 47 8 19
0 0 0 1109 794 465 1728 0 0 0 19 1828 790 1459 0 0 0 0 1320 2749 27 0 0 0
0 0 0 20 859 629 2588 0 0 0 7 541 1275 2273 0 0 0 6 206 3686 198 0 0 0
0 0 0 0 6 289 3801 0 0 0 0 5 395 3694 2 0 0 0 6 1426 2664 0 0 0
0 0 0 0 90 1572 2434 0 0 0 0 97 1754 2245 0 0 0 0 531 2435 1130 0 0 0
0 0 0 0 0 317 3779 0 0 0 0 0 260 3800 36 0 0 0 0 292 3804 0 0 0
0 0 0 0 106 283 3707 0 0 0 0 48 298 3750 0 0 0 0 7 1205 2884 0 0 0
0 0 0 0 0 1836 2260 0 0 0 0 2 1882 2212 0 0 0 0 489 3484 123 0 0 0
0 0 0 0 153 3943 0 0 0 0 0 281 3733 82 0 0 0 0 2701 1275 87 33 0 0
0 0 0 0 1 3780 315 0 0 0 0 0 3614 482 0 0 0 0 2 3602 453 39 0 0
0 0 0 0 24 4056 16 0 0 0 0 49 4045 2 0 0 0 0 284 3812 0 0 0 0
238 450 53 377 548 2429 1 0 213 529 357 909 2088 0 0 0 0 975 1192 1929 0 0 0 0
0 0 10 196 3262 628 0 0 0 22 159 3179 736 0 0 0 0 380 3568 114 34 0 0 0
0 0 0 108 2561 1427 0 0 0 0 89 2758 1249 0 0 0 0 77 3843 176 0 0 0 0
0 0 0 79 1270 2747 0 0 0 0 38 1615 2443 0 0 0 0 15 3721 360 0 0 0 0
0 20 142 477 2055 1352 50 0 5 103 483 2117 1158 229 1 0 29 470 2737 521 204 135 0 0
0 0 23 355 2658 1041 19 0 0 28 428 1466 1970 204 0 0 1 519 1713 734 1084 45 0 0
0 0 1 335 607 2430 723 0 0 15 497 494 1346 1717 27 0 8 393 922 976 710 1087 0 0
0 0 0 73 113 3865 45 0 0 0 88 252 3742 14 0 0 0 121 1558 2417 0 0 0 0
0 0 0 48 112 3371 565 0 0 0 53 195 3691 157 0 0 0 62 596 3438 0 0 0 0
0 0 8 72 106 3300 610 0 0 23 76 259 3437 301 0 0 0 174 2191 1729 2 0 0 0
0 0 0 24 114 1412 2546 0 0 0 34 105 1986 1971 0 0 0 1 239 3819 37 0 0 0
0 0 0 53 96 2295 1652 0 0 0 69 92 2856 1079 0 0 0 49 914 2894 233 6 0 0
0 0 0 0 83 840 3173 0 0 0 0 89 715 3292 0 0 0 0 84 3514 490 8 0 0
0 0 0 43 141 2493 1419 0 0 0 64 130 2735 1167 0 0 0 30 1100 2852 114 0 0 0
0 0 0 0 5 179 3877 35 0 0 0 3 132 3606 355 0 0 0 2 500 3496 98 0 0
0 0 0 0 0 3 4031 62 0 0 0 0 3 2840 1253 0 0 0 0 79 3840 177 0 0
0 0 0 0 0 0 4058 38 0 0 0 0 0 2503 1593 0 0 0 0 2 3882 212 0 0
0 0 0 0 0 1 4095 0 0 0 0 0 0 4096 0 0 0 0 0 816 3182 98 0 0
0 0 0 0 3 2160 1933 0 0 0 0 0 2109 1987 0 0 0 0 361 3353 339 43 0 0
0 0 0 0 66 4005 25 0 0 0 0 0 3849 247 0 0 0 0 1478 2016 522 80 0 0
0 0 0 0 0 3968 128 0 0 0 0 0 4051 45 0 0 0 0 74 4022 0 0 0 0
0 0 0 0 0 4072 24 0 0 0 0 236 3848 12 0 0 0 56 230 3810 0 0 0 0
0 0 0 0 1556 2533 7 0 0 0 0 1945 2151 0 0 0 0 39 2123 1934 0 0 0 0
0 0 0 154 2055 1887 0 0 0 0 19 2137 1940 0 0 0 0 70 3438 588 0 0 0 0
0 0 0 3 152 3941 0 0 0 0 0 114 3982 0 0 0 0 0 1672 2424 0 0 0 0
0 0 0 0 3 4093 0 0 0 0 0 13 4083 0 0 0 0 0 430 3666 0 0 0 0
0 0 0 0 536 3523 37 0 0 0 0 606 3431 59 0 0 0 5 2679 1354 57 1 0 0
16 132 94 528 1938 1331 57 0 52 156 690 2095 950 153 0 0 44 1018 2584 272 178 0 0 0
77 211 60 333 1068 2192 155 0 222 117 453 1001 2108 176 19 0 86 700 1891 1225 159 35 0 0
0 0 0 0 0 4066 30 0 0 0 0 0 4072 21 3 0 0 0 403 3676 14 3 0 0
0 0 0 0 0 3706 390 0 0 0 0 0 4020 76 0 0 0 0 128 3968 0 0 0 0
0 0 0 0 0 3933 163 0 0 0 0 10 4060 26 0 0 0 6 1784 2306 0 0 0 0
0 0 0 0 0 3512 584 0 0 0 0 91 3875 130 0 0 0 86 893 3117 0 0 0 0
0 0 0 0 0 3655 438 3 0 0 0 140 3859 94 3 0 10 139 1372 2568 6 1 0 0
0 0 0 0 0 1054 3000 42 0 0 0 0 1906 2073 117 0 0 0 55 3782 130 129 0 0
0 0 0 0 0 2112 1977 7 0 0 0 92 2935 1053 16 0 0 54 319 3653 55 15 0 0
0 0 0 0 4 42 3997 53 0 0 0 13 50 3899 134 0 0 5 24 2411 1512 144 0 0
0 0 0 0 0 17 4055 24 0 0 0 0 91 3888 117 0 0 0 53 1079 2887 77 0 0
0 0 0 0 0 45 4051 0 0 0 0 18 269 3782 27 0 0 25 183 1448 2412 28 0 0
0 0 0 0 0 366 3730 0 0 0 0 7 339 3750 0 0 0 11 44 3663 371 7 0 0
0 0 0 0 15 3211 870 0 0 0 0 0 2677 1419 0 0 0 0 437 2834 439 386 0 0
0 0 0 0 0 4095 1 0 0 0 0 0 4096 0 0 0 0 0 2096 2000 0 0 0 0
0 0 0 0 0 4095 1 0 0 0 0 0 4096 0 0 0 0 0 285 3811 0 0 0 0
0 0 0 0 0 4092 4 0 0 0 0 579 3517 0 0 0 0 195 551 3350 0 0 0 0
0 0 0 0 1605 2491 0 0 0 0 0 1676 2420 0 0 0 0 1 1963 2132 0 0 0 0
0 0 0 109 1539 2448 0 0 0 0 9 1710 2362 15 0 0 0 11 2983 1084 18 0 0 0
0 0 0 0 6 4011 79 0 0 0 0 0 3857 239 0 0 0 0 877 2964 255 0 0 0
0 0 0 0 0 3906 190 0 0 0 0 0 3791 305 0 0 0 0 267 3530 290 9 0 0
0 0 0 0 710 3212 174 0 0 0 0 1128 2729 239 0 0 0 0 2573 1291 212 20 0 0
5 139 118 147 2073 1473 136 5 12 199 130 2619 855 191 86 4 7 347 3154 224 155 183 21 5
35 136 60 169 973 2331 387 5 78 133 136 832 2303 326 283 5 18 284 1636 1390 258 352 156 2
0 0 2 50 133 3611 281 19 0 0 39 103 3478 290 184 2 0 7 432 3101 209 245 102 0
0 0 0 0 0 4092 4 0 0 0 0 0 4096 0 0 0 0 0 329 3767 0 0 0 0
0 0 0 0 0 4095 1 0 0 0 0 0 4096 0 0 0 0 0 1453 2643 0 0 0 0
0 0 0 0 0 4078 18 0 0 0 0 0 4095 1 0 0 0 0 1029 3067 0 0 0 0
0 0 0 0 0 3990 106 0 0 0 0 0 4054 42 0 0 0 0 309 3787 0 0 0 0
0 0 0 0 0 3961 135 0 0 0 0 0 4087 9 0 0 0 0 337 3759 0 0 0 0
0 0 0 0 0 3553 543 0 0 0 0 0 3886 210 0 0 0 0 132 3964 0 0 0 0
0 0 0 0 0 899 3197 0 0 0 0 0 830 3266 0 0 0 0 0 4093 3 0 0 0
0 0 0 0 0 1205 2891 0 0 0 0 0 1110 2804 182 0 0 0 5 3788 88 215 0 0
0 0 0 0 0 1810 2275 11 0 0 0 0 1729 1843 524 0 0 0 2 3183 348 563 0 0
0 0 0 0 5 3735 356 0 0 0 0 56 3029 1011 0 0 0 44 177 2998 309 568 0 0
0 0 0 0 0 4054 42 0 0 0 2 191 3891 12 0 0 1 158 1613 2313 11 0 0 0
0 0 0 0 0 4096 0 0 0 0 0 126 3970 0 0 0 0 92 2978 1026 0 0 0 0
0 0 0 0 0 4093 3 0 0 0 0 268 3828 0 0 0 0 172 1601 2323 0 0 0 0
0 0 0 0 1 4094 1 0 0 0 1 709 3386 0 0 0 1 464 1059 2572 0 0 0 0
0 0 0 0 2043 2053 0 0 0 0 31 2045 2020 0 0 0 0 47 2919 1130 0 0 0 0
0 3 926 135 2182 850 0 0 0 304 782 2151 816 43 0 0 0 597 2915 478 106 0 0 0
0 0 23 28 837 3208 0 0 0 3 54 532 3507 0 0 0 0 27 3008 1061 0 0 0 0
0 0 0 0 88 4008 0 0 0 0 0 18 4078 0 0 0 0 0 1658 2438 0 0 0 0
0 0 0 0 272 3824 0 0 0 0 0 326 3770 0 0 0 0 0 2060 2036 0 0 0 0
0 0 0 0 3478 618 0 0 0 0 0 3571 525 0 0 0 0 301 3724 71 0 0 0 0
0 0 0 0 3732 364 0 0 0 0 0 3749 347 0 0 0 0 12 4084 0 0 0 0 0
0 0 0 0 1036 3060 0 0 0 0 0 1042 3054 0 0 0 0 0 2293 1803 0 0 0 0
0 0 0 0 0 4095 1 0 0 0 0 0 4096 0 0 0 0 0 235 3861 0 0 0 0
0 0 0 0 0 4095 1 0 0 0 0 0 4096 0 0 0 0 0 868 3228 0 0 0 0
0 0 0 0 0 4092 4 0 0 0 0 0 4096 0 0 0 0 0 602 3494 0 0 0 0
0 0 0 0 0 4077 19 0 0 0 0 0 4095 1 0 0 0 0 73 4023 0 0 0 0
0 0 0 0 0 4093 3 0 0 0 0 0 4096 0 0 0 0 0 472 3624 0 0 0 0
0 0 0 0 0 2864 1169 63 0 0 0 0 2901 1063 132 0 0 0 60 3518 472 46 0 0
0 0 0 0 0 2065 2026 5 0 0 0 0 1916 1834 346 0 0 0 0 3339 383 374 0 0
0 0 0 0 0 3334 758 4 0 0 0 0 3278 341 477 0 0 0 77 3212 222 585 0 0
0 0 0 0 109 3985 2 0 0 0 0 0 3235 861 0 0 0 0 201 2912 283 700 0 0
0 0 0 0 10 4086 0 0 0 0 0 0 4025 71 0 0 0 0 1245 2759 29 63 0 0
0 0 0 0 2 4094 0 0 0 0 0 0 4096 0 0 0 0 0 2970 1126 0 0 0 0
0 0 0 0 13 4083 0 0 0 0 0 8 4088 0 0 0 0 0 3548 548 0 0 0 0
0 0 0 0 14 4082 0 0 0 0 0 2 4094 0 0 0 0 0 2135 1961 0 0 0 0
0 0 0 0 330 3766 0 0 0 0 0 186 3910 0 0 0 0 0 2288 1808 0 0 0 0
0 0 0 0 2704 1392 0 0 0 0 0 2456 1640 0 0 0 0 0 3114 982 0 0 0 0
