0 0 0 0 0 1837 2259 0 0 0 0 0 3840 256 0 0 0 17 4004 75 0 0 0 0
0 0 0 0 0 260 3836 0 0 0 0 0 2799 1297 0 0 0 4 3599 493 0 0 0 0
0 0 0 0 0 281 2682 1133 0 0 33 94 1100 1940 95 834 0 22 1335 1601 167 97 78 796
0 0 0 0 109 576 3408 3 0 33 228 273 1413 2149 0 0 69 401 2252 1374 0 0 0 0
0 0 0 0 0 0 3992 104 0 0 0 0 24 4072 0 0 0 0 600 3496 0 0 0 0
0 0 0 0 0 0 3911 185 0 0 0 0 7 4089 0 0 0 0 221 3875 0 0 0 0
0 0 0 0 0 0 4033 63 0 0 0 0 9 4087 0 0 0 0 756 3340 0 0 0 0
0 0 0 0 0 0 4083 13 0 0 0 0 19 4077 0 0 0 0 1262 2834 0 0 0 0
0 0 0 0 0 0 4080 16 0 0 0 0 107 3989 0 0 0 0 1277 2819 0 0 0 0
0 0 0 0 0 0 4052 44 0 0 0 0 13 4083 0 0 0 0 486 3610 0 0 0 0
0 0 0 0 0 0 3723 373 0 0 0 0 1 4095 0 0 0 0 171 3925 0 0 0 0
0 0 0 0 0 0 3607 489 0 0 0 0 0 4095 1 0 0 0 169 3927 0 0 0 0
0 0 0 0 0 0 3990 106 0 0 0 0 3 4093 0 0 0 0 542 3554 0 0 0 0
0 0 0 0 0 12 4079 5 0 0 0 0 369 3727 0 0 0 0 2087 2009 0 0 0 0
0 0 0 0 0 27 4069 0 0 0 0 0 1123 2973 0 0 0 0 3360 736 0 0 0 0
0 0 0 0 0 204 3892 0 0 0 0 0 2784 1312 0 0 0 0 3822 274 0 0 0 0
0 0 0 0 0 1365 2731 0 0 0 0 0 3688 408 0 0 0 0 3977 119 0 0 0 0
0 0 0 0 0 2649 1447 0 0 0 0 0 4043 53 0 0 0 0 4073 23 0 0 0 0
0 0 0 0 2 3780 314 0 0 0 0 6 4077 13 0 0 0 55 4029 12 0 0 0 0
0 0 0 0 23 4022 51 0 0 0 0 72 4022 2 0 0 0 330 3758 8 0 0 0 0
0 0 0 0 0 2345 1751 0 0 0 0 0 4023 73 0 0 0 6 4048 42 0 0 0 0
0 0 0 0 0 499 3597 0 0 0 0 0 3619 477 0 0 0 2 3888 206 0 0 0 0
0 0 0 0 0 338 2785 973 0 4 347 389 2598 736 14 8 1 255 2816 816 134 46 17 11
0 0 0 0 93 669 3333 1 0 67 216 262 1717 1834 0 0 106 374 2391 1225 0 0 0 0
0 0 0 0 0 0 3870 226 0 0 0 0 12 4084 0 0 0 0 362 3734 0 0 0 0
0 0 0 0 0 0 3364 732 0 0 0 0 4 4090 2 0 0 0 211 3885 0 0 0 0
0 0 0 0 0 0 3737 359 0 0 0 0 7 4089 0 0 0 0 302 3794 0 0 0 0
0 0 0 0 0 0 4057 39 0 0 0 0 24 4072 0 0 0 0 609 3487 0 0 0 0
0 0 0 0 0 2 4084 10 0 0 0 0 173 3923 0 0 0 0 1562 2534 0 0 0 0
0 0 0 0 0 0 4081 15 0 0 0 0 22 4074 0 0 0 0 792 3304 0 0 0 0
0 0 0 0 0 0 3685 411 0 0 0 0 5 4088 3 0 0 0 239 3857 0 0 0 0
0 0 0 0 0 0 2868 1228 0 0 0 0 0 4068 28 0 0 0 101 3995 0 0 0 0
0 0 0 0 0 0 3078 1018 0 0 0 0 5 4083 8 0 0 0 177 3919 0 0 0 0
0 0 0 0 0 10 3938 148 0 0 0 0 210 3885 1 0 0 0 1189 2907 0 0 0 0
0 0 0 0 0 20 4076 0 0 0 0 0 1339 2757 0 0 0 0 3027 1069 0 0 0 0
0 0 0 0 0 391 3705 0 0 0 0 0 3274 822 0 0 0 2 3856 238 0 0 0 0
0 0 0 0 0 1015 3081 0 0 0 0 0 3725 371 0 0 0 0 3940 156 0 0 0 0
0 0 0 0 21 1781 2294 0 0 0 0 40 3827 229 0 0 2 41 3822 231 0 0 0 0
0 0 0 0 0 1816 2280 0 0 0 0 0 3779 317 0 0 0 7 3868 221 0 0 0 0
0 0 0 0 1 3671 424 0 0 0 0 13 4050 33 0 0 0 130 3923 43 0 0 0 0
0 0 0 0 0 551 3545 0 0 0 0 0 2583 1513 0 0 0 1 3468 627 0 0 0 0
0 0 0 0 0 50 4042 4 0 0 0 0 1274 2822 0 0 0 0 2313 1783 0 0 0 0
0 0 0 0 0 112 2890 1094 0 5 350 368 1132 2241 0 0 1 192 1866 1910 105 22 0 0
0 0 0 0 65 436 3112 483 1 148 139 199 840 2768 1 0 138 307 1172 2479 0 0 0 0
0 0 0 0 0 0 1106 2990 0 0 0 0 0 4043 53 0 0 0 13 4083 0 0 0 0
0 0 0 0 0 0 316 3780 0 0 0 0 0 3855 241 0 0 0 2 4088 6 0 0 0
0 0 0 0 0 0 668 3428 0 0 0 0 0 3920 176 0 0 0 13 4081 2 0 0 0
0 0 0 0 0 0 2181 1915 0 0 0 0 0 4086 10 0 0 0 21 4075 0 0 0 0
0 0 0 0 0 0 3131 965 0 0 0 0 29 4062 5 0 0 0 439 3656 1 0 0 0
0 0 0 0 0 0 2530 1566 0 0 0 0 1 4065 30 0 0 0 104 3990 2 0 0 0
0 0 0 0 0 0 815 3281 0 0 0 0 0 3892 204 0 0 0 18 4073 5 0 0 0
0 0 0 0 0 0 243 3853 0 0 0 0 0 3530 566 0 0 0 5 4084 7 0 0 0
0 0 0 0 0 0 398 3698 0 0 0 0 0 3822 274 0 0 0 12 4078 6 0 0 0
0 0 0 0 0 0 2626 1470 0 0 0 0 6 4070 20 0 0 0 152 3941 3 0 0 0
0 0 0 0 0 0 4033 63 0 0 0 0 48 4048 0 0 0 0 761 3335 0 0 0 0
0 0 0 0 0 14 4081 1 0 0 0 0 661 3435 0 0 0 0 2006 2090 0 0 0 0
0 0 0 0 0 40 4056 0 0 0 0 0 1436 2660 0 0 0 0 2896 1200 0 0 0 0
0 0 0 0 78 1194 2824 0 0 0 3 201 3069 823 0 0 7 236 3287 566 0 0 0 0
0 0 0 0 0 583 3513 0 0 0 0 0 3331 765 0 0 0 3 3651 442 0 0 0 0
0 0 0 0 0 2697 1399 0 0 0 0 1 4002 93 0 0 0 6 4016 74 0 0 0 0
0 0 0 0 0 28 4068 0 0 0 0 0 1002 3094 0 0 0 0 2928 1168 0 0 0 0
0 0 0 0 0 0 4054 42 0 0 0 0 70 4026 0 0 0 0 601 3495 0 0 0 0
0 0 0 0 0 8 2517 1571 0 0 97 145 106 2948 76 724 0 35 409 2716 135 60 68 673
0 0 0 12 106 167 2910 901 11 122 67 75 488 3318 14 1 132 133 826 2999 4 2 0 0
0 0 0 0 0 0 434 3662 0 0 0 0 0 3872 224 0 0 0 19 4058 19 0 0 0
0 0 0 0 0 0 194 3902 0 0 0 0 0 3714 382 0 0 0 8 4071 17 0 0 0
0 0 0 0 0 0 534 3562 0 0 0 0 10 3876 210 0 0 0 93 3984 19 0 0 0
0 0 0 0 0 0 855 3241 0 0 0 0 0 4044 52 0 0 0 5 4091 0 0 0 0
0 0 0 0 0 16 1973 2107 0 0 0 1 80 3998 17 0 0 4 243 3846 3 0 0 0
0 0 0 0 13 160 2335 1588 0 0 2 87 424 3538 45 0 10 140 717 3216 13 0 0 0
0 0 0 0 0 0 672 3424 0 0 0 0 0 3939 157 0 0 0 10 4086 0 0 0 0
0 0 0 0 0 0 748 3348 0 0 0 0 0 3953 143 0 0 0 14 4076 6 0 0 0
0 0 0 0 147 668 889 2392 0 0 0 122 694 3210 70 0 23 164 538 3362 9 0 0 0
0 0 0 0 38 274 2837 947 0 0 0 110 226 3693 67 0 47 98 368 3284 296 3 0 0
0 0 0 0 0 16 4007 73 0 0 0 14 23 4059 0 0 15 8 402 3671 0 0 0 0
0 0 0 0 0 2 4085 9 0 0 0 0 76 4020 0 0 0 0 863 3233 0 0 0 0
0 0 0 0 0 20 4074 2 0 0 0 0 537 3559 0 0 0 0 2073 2023 0 0 0 0
0 0 0 0 0 145 3951 0 0 0 0 0 2266 1830 0 0 0 0 3295 801 0 0 0 0
0 0 0 0 0 735 3361 0 0 0 0 0 3494 602 0 0 0 2 3772 322 0 0 0 0
0 0 0 0 0 2407 1689 0 0 0 0 0 3975 121 0 0 0 2 4004 90 0 0 0 0
0 0 0 1 33 163 3897 2 0 0 22 98 895 3081 0 0 83 43 2756 1214 0 0 0 0
0 0 0 0 3 24 4020 49 0 2 1 5 217 3869 2 0 3 3 965 3125 0 0 0 0
0 0 0 10 56 254 2093 1683 0 18 39 152 364 2665 165 693 60 193 439 2450 181 56 43 674
0 0 0 0 0 0 2054 2042 0 0 0 0 2 3681 66 347 0 0 77 3626 34 24 33 302
0 0 0 0 0 0 1427 2669 0 0 0 0 2 4033 61 0 0 0 50 4037 9 0 0 0
0 0 0 0 0 0 849 3247 0 0 0 0 0 3979 117 0 0 0 48 4031 17 0 0 0
2 85 60 54 76 133 924 2762 36 118 53 100 160 3509 120 0 55 218 290 3520 13 0 0 0
0 0 0 0 42 154 1554 2346 0 0 0 75 135 3864 22 0 0 63 178 3854 1 0 0 0
0 0 4 51 238 538 1600 1665 0 13 70 331 555 2998 129 0 38 381 656 3016 5 0 0 0
0 0 0 37 272 672 1682 1433 0 1 51 415 621 2988 20 0 39 562 696 2798 1 0 0 0
0 1 8 76 330 663 1749 1269 0 13 84 498 564 2917 20 0 78 551 585 2881 1 0 0 0
0 0 0 0 0 0 2551 1545 0 0 0 0 4 4071 21 0 0 0 128 3964 4 0 0 0
0 0 0 6 330 1776 1398 586 0 0 0 113 1767 1805 146 265 0 9 702 2830 187 208 118 42
5 81 101 103 202 495 2528 581 21 177 187 322 435 1710 1214 30 302 396 873 1047 884 594 0 0
1 44 66 64 128 424 3270 99 27 94 137 199 561 3054 21 3 238 252 1427 2152 27 0 0 0
0 0 0 0 0 6 4088 2 0 0 0 0 286 3810 0 0 0 0 1621 2475 0 0 0 0
0 0 0 3 36 217 3840 0 0 7 32 63 1470 2524 0 0 27 61 3055 953 0 0 0 0
0 0 0 0 4 583 3509 0 0 0 1 31 3069 995 0 0 2 40 3637 417 0 0 0 0
0 0 0 0 0 1267 2829 0 0 0 0 7 3740 349 0 0 0 24 3752 320 0 0 0 0
0 0 0 0 0 3082 1014 0 0 0 0 0 4035 61 0 0 0 19 3993 84 0 0 0 0
1 136 172 221 331 875 2360 0 40 356 337 241 2204 918 0 0 463 493 2721 419 0 0 0 0
0 0 0 0 0 71 4018 7 0 0 0 0 1044 3052 0 0 0 5 2461 1630 0 0 0 0
0 0 0 23 116 709 2457 791 2 32 35 361 1149 2304 102 111 97 491 1270 1962 114 37 24 101
0 0 0 0 0 19 2935 1142 0 5 91 106 116 3068 47 663 0 60 714 2604 25 32 33 628
0 0 0 0 0 2 3530 564 0 0 0 0 42 4034 20 0 0 0 425 3666 5 0 0 0
0 0 0 0 0 0 3181 915 0 0 0 0 24 4044 28 0 0 0 322 3759 15 0 0 0
0 5 42 122 307 242 2739 639 7 53 174 290 327 3234 11 0 96 366 891 2738 5 0 0 0
0 0 3 10 7 456 3137 483 0 1 9 35 722 3319 10 0 0 39 1170 2885 2 0 0 0
0 10 174 162 450 737 2250 313 0 154 228 484 993 1956 281 0 177 649 1404 1166 695 5 0 0
0 0 0 22 221 663 2817 373 0 1 100 242 897 2795 61 0 41 329 952 2282 488 4 0 0
0 0 0 5 55 520 3437 79 0 0 9 79 1086 2902 20 0 5 119 1552 2195 225 0 0 0
0 0 14 73 196 437 2326 1050 10 50 104 201 503 3131 97 0 286 335 619 2838 18 0 0 0
0 12 156 247 411 923 1469 878 15 123 249 339 850 1726 536 258 349 421 750 1635 553 184 85 119
0 4 104 142 116 203 2732 795 0 54 142 138 338 2385 992 47 72 181 1388 1258 443 749 5 0
0 0 0 0 0 27 4069 0 0 0 0 0 629 3467 0 0 0 1 2563 1532 0 0 0 0
0 0 0 0 0 102 3994 0 0 0 0 0 1531 2565 0 0 0 3 3162 931 0 0 0 0
0 10 12 8 11 619 3436 0 13 9 11 15 3149 899 0 0 26 30 3708 332 0 0 0 0
0 0 0 0 0 1489 2607 0 0 0 0 0 3815 281 0 0 0 20 3909 167 0 0 0 0
0 0 0 0 1 2959 1136 0 0 0 0 2 4027 67 0 0 0 25 4033 38 0 0 0 0
0 0 0 3 3 3848 242 0 0 0 1 9 4069 17 0 0 2 86 3991 17 0 0 0 0
0 0 0 0 2 1701 2393 0 0 0 0 3 3761 332 0 0 1 24 3919 152 0 0 0 0
0 0 0 0 4 216 3875 1 0 0 6 10 2577 1503 0 0 9 5 3467 615 0 0 0 0
0 0 0 0 0 42 4043 11 0 0 0 0 1370 2726 0 0 0 3 3147 946 0 0 0 0
0 0 0 0 0 174 2960 962 0 60 474 382 782 2398 0 0 0 351 2386 1357 2 0 0 0
0 0 0 0 0 1 4081 14 0 0 0 0 179 3917 0 0 0 0 1588 2508 0 0 0 0
0 0 0 0 0 25 4047 24 0 0 0 0 440 3656 0 0 0 5 1823 2268 0 0 0 0
12 359 547 646 370 350 1682 130 177 1032 525 367 581 1410 4 0 1344 915 956 881 0 0 0 0
13 151 255 227 537 831 2070 12 121 402 577 478 1021 1495 2 0 1138 512 1688 758 0 0 0 0
0 9 151 218 635 1138 1777 168 2 151 324 692 1802 951 171 3 257 936 2096 557 238 12 0 0
0 1 19 151 439 1328 2122 36 0 31 193 604 2172 1080 16 0 122 805 2486 654 29 0 0 0
0 0 0 22 172 1699 2151 52 0 0 34 310 2730 1015 7 0 27 445 3071 541 12 0 0 0
0 4 115 272 361 913 2124 307 23 183 273 404 1285 1907 21 0 934 885 1345 929 3 0 0 0
42 60 191 242 406 1100 1534 521 103 227 279 464 1460 1396 163 4 611 735 1647 990 105 7 1 0
304 248 135 132 226 762 2125 164 568 196 218 347 1499 1072 185 11 917 450 1923 552 235 18 1 0
0 0 0 0 0 495 3600 1 0 0 0 0 2759 1337 0 0 0 3 3549 544 0 0 0 0
0 0 0 0 28 1583 2485 0 0 0 0 90 3560 446 0 0 0 64 3791 241 0 0 0 0
72 126 246 715 1430 1205 302 0 697 813 696 762 1110 18 0 0 1725 1247 1110 14 0 0 0 0
0 0 4 300 1257 1933 602 0 0 6 464 1594 2010 22 0 0 181 2119 1769 27 0 0 0 0
68 186 130 441 1498 1595 178 0 273 343 793 1450 1228 9 0 0 886 2063 1132 15 0 0 0 0
166 509 213 790 1324 1078 15 1 661 533 767 1295 834 6 0 0 1484 1799 806 7 0 0 0 0
0 35 350 259 333 2997 122 0 38 496 286 352 2918 6 0 0 730 643 2715 8 0 0 0 0
45 168 638 679 683 1221 662 0 198 1102 672 481 1576 67 0 0 1521 1023 1496 56 0 0 0 0
9 114 215 255 462 1263 1778 0 153 265 264 528 2456 430 0 0 380 722 2677 315 2 0 0 0
21 60 149 153 438 818 1580 877 107 433 819 780 1363 594 0 0 405 1277 2180 234 0 0 0 0
5 26 91 225 913 878 1958 0 34 114 342 1114 1471 1021 0 0 255 1442 1837 562 0 0 0 0
0 6 45 236 1448 965 1396 0 14 71 414 1701 1365 531 0 0 344 2016 1480 256 0 0 0 0
81 1439 813 416 466 397 311 173 1491 1006 382 523 314 356 24 0 2732 690 328 331 15 0 0 0
261 529 358 379 752 1147 593 77 499 926 708 906 860 172 25 0 1372 1556 935 206 27 0 0 0
0 6 22 1230 197 2041 600 0 9 28 1272 208 2535 44 0 0 533 1020 2508 35 0 0 0 0
0 12 80 537 766 2099 602 0 21 96 635 1063 2237 44 0 0 503 1417 2128 48 0 0 0 0
0 7 102 507 1137 1994 325 24 25 92 810 1477 1642 32 18 0 598 1909 1547 24 18 0 0 0
0 4 71 607 1708 1238 468 0 0 93 1260 2663 80 0 0 0 622 3176 298 0 0 0 0 0
67 653 413 438 1368 764 393 0 562 735 928 1649 222 0 0 0 1504 2282 310 0 0 0 0 0
971 1556 535 248 261 396 129 0 2289 982 436 167 203 19 0 0 3224 613 234 25 0 0 0 0
0 27 28 648 1118 1520 755 0 21 52 293 1473 2181 76 0 0 297 1573 2135 91 0 0 0 0
0 0 26 1441 812 1681 136 0 0 15 1003 1393 1673 12 0 0 400 2030 1648 18 0 0 0 0
1 196 1715 1435 700 47 2 0 38 1819 1718 496 25 0 0 0 2518 1534 43 1 0 0 0 0
0 190 1824 1308 728 46 0 0 20 1667 1851 558 0 0 0 0 2633 1461 2 0 0 0 0 0
1191 684 704 814 596 104 3 0 1856 709 1115 363 51 2 0 0 3084 942 70 0 0 0 0 0
865 615 674 456 702 432 349 3 1324 870 691 503 562 146 0 0 2668 614 522 292 0 0 0 0
29 1151 1207 600 334 767 8 0 697 2094 468 395 442 0 0 0 2784 918 394 0 0 0 0 0
89 1065 1874 813 183 69 3 0 645 2609 683 120 37 2 0 0 3051 1019 26 0 0 0 0 0
31 517 1939 1114 314 167 14 0 210 2318 1186 258 122 2 0 0 2582 1409 104 1 0 0 0 0
0 6 369 574 200 537 1090 1320 38 598 701 440 1102 236 69 912 2077 760 154 82 52 54 67 850
0 78 1047 1302 565 106 926 72 12 875 1737 541 919 12 0 0 2556 1513 27 0 0 0 0 0
0 182 1558 1552 581 223 0 0 26 1397 2045 624 4 0 0 0 2545 1537 14 0 0 0 0 0
2 471 1298 793 536 327 341 328 219 1650 894 502 237 369 224 1 2260 1003 247 382 202 2 0 0
320 1060 1134 342 913 320 7 0 641 1774 592 944 145 0 0 0 2603 1231 260 2 0 0 0 0
5 81 349 1874 297 1478 12 0 70 187 1863 742 1234 0 0 0 1263 2794 39 0 0 0 0 0
0 0 36 1323 917 1796 24 0 0 15 1059 1497 1525 0 0 0 740 3342 14 0 0 0 0 0
0 0 66 1072 840 2085 33 0 0 21 991 1550 1534 0 0 0 855 3223 18 0 0 0 0 0
0 0 233 956 836 2056 15 0 1 110 1423 2354 208 0 0 0 1880 2213 3 0 0 0 0 0
82 528 276 415 838 1863 94 0 675 745 746 1548 382 0 0 0 2350 1722 24 0 0 0 0 0
899 1837 310 331 436 280 3 0 2428 859 665 117 27 0 0 0 3656 420 19 1 0 0 0 0
0 0 0 127 475 3397 97 0 0 1 237 718 3140 0 0 0 276 3734 86 0 0 0 0 0
0 0 0 74 121 3851 50 0 0 0 57 813 3226 0 0 0 84 3962 50 0 0 0 0 0
0 0 0 0 1161 2924 11 0 0 0 207 2885 1004 0 0 0 1279 2815 2 0 0 0 0 0
0 0 0 0 476 3610 10 0 0 0 2 2311 1783 0 0 0 378 3705 13 0 0 0 0 0
1019 685 99 238 582 1423 28 22 1664 387 366 1062 585 17 15 0 2393 1645 33 16 9 0 0 0
506 463 346 448 1022 1242 43 26 1009 869 540 1306 318 42 12 0 2455 1567 36 30 8 0 0 0
0 62 344 657 1404 1629 0 0 3 429 969 2557 138 0 0 0 1711 2380 5 0 0 0 0 0
0 48 698 119 2066 1165 0 0 20 670 852 2452 102 0 0 0 2610 1486 0 0 0 0 0 0
0 28 355 123 902 2678 10 0 5 368 283 2373 1067 0 0 0 1126 2961 9 0 0 0 0 0
9 71 61 40 137 1495 1242 1041 77 96 424 1201 1229 78 57 934 1961 914 113 68 55 48 66 871
5 119 40 34 183 2794 915 6 113 65 231 1966 1716 5 0 0 1571 2471 54 0 0 0 0 0
0 0 0 0 58 3661 377 0 0 0 1 1067 3028 0 0 0 278 3788 30 0 0 0 0 0
0 20 228 1155 983 764 297 649 14 519 1367 936 426 292 408 134 1596 1475 226 253 382 164 0 0
18 367 359 246 936 2143 23 4 60 655 410 2492 473 6 0 0 1392 2498 202 4 0 0 0 0
0 0 0 0 4 2483 1459 150 0 0 0 269 2971 742 74 40 36 2507 1355 117 54 27 0 0
0 0 0 0 0 2759 1183 154 0 0 0 102 3417 462 72 43 39 3134 750 90 64 19 0 0
0 0 0 0 0 2997 959 140 0 0 0 56 3862 63 94 21 22 3732 207 53 79 3 0 0
0 0 0 0 0 3319 650 127 0 0 0 207 3728 64 93 4 80 3830 67 67 52 0 0 0
316 478 238 35 27 1944 965 93 657 389 28 123 2759 72 63 5 1037 2399 562 51 45 2 0 0
1119 2143 256 102 206 214 48 8 2654 917 179 150 182 7 7 0 3609 461 16 6 4 0 0 0
0 0 0 0 50 3238 559 249 0 0 42 149 3581 137 185 2 97 3546 207 181 65 0 0 0
0 0 0 0 0 3339 634 123 0 0 0 73 3859 78 86 0 34 3844 99 64 55 0 0 0
0 0 0 0 0 3613 379 104 0 0 0 206 3733 80 76 1 27 3857 108 61 43 0 0 0
0 0 0 0 0 3827 173 96 0 0 0 545 3408 68 74 1 40 3871 76 81 28 0 0 0
205 427 84 85 128 3073 61 33 574 189 94 985 2205 27 22 0 894 3084 77 31 10 0 0 0
102 778 364 549 371 1932 0 0 939 862 205 1241 849 0 0 0 2013 2070 13 0 0 0 0 0
0 0 0 0 119 3594 263 120 0 0 0 2738 1069 241 48 0 328 3370 249 135 14 0 0 0
0 0 0 0 43 3871 90 92 0 0 0 2304 1663 66 63 0 235 3676 87 61 37 0 0 0
0 0 0 0 0 3739 248 109 0 0 0 474 3480 60 80 2 30 3847 109 53 57 0 0 0
88 836 278 179 213 1502 332 668 1033 363 585 479 1377 33 37 189 1495 2009 318 34 34 12 15 179
29 453 237 133 187 1911 906 240 682 325 325 399 2274 37 44 10 1003 2759 262 36 35 1 0 0
0 0 0 0 0 877 3022 197 0 0 0 6 3828 100 101 61 33 3282 557 73 109 23 19 0
0 0 1 304 1417 1173 432 769 0 18 702 1768 588 334 362 324 714 2007 411 223 355 278 108 0
0 88 233 255 350 1921 1166 83 66 314 342 561 2702 52 42 17 667 3110 241 33 45 0 0 0
0 0 0 0 0 1049 3039 8 0 0 0 10 3561 518 7 0 3 1989 2068 32 4 0 0 0
0 0 0 0 0 1032 3061 3 0 0 0 1 3646 449 0 0 1 2370 1706 19 0 0 0 0
0 0 0 0 0 2146 1950 0 0 0 0 2 4094 0 0 0 0 3645 451 0 0 0 0 0
0 0 0 0 0 1593 2503 0 0 0 0 7 4088 1 0 0 2 3818 276 0 0 0 0 0
1405 340 69 86 196 1299 701 0 1752 128 206 124 1868 18 0 0 1982 1752 353 8 1 0 0 0
3123 552 49 73 145 143 11 0 3669 81 106 140 99 1 0 0 3812 182 98 4 0 0 0 0
0 31 36 27 144 2622 925 311 20 55 90 338 3169 188 236 0 245 3080 451 298 22 0 0 0
0 0 0 0 0 3189 599 308 0 0 0 79 3653 128 236 0 12 3610 181 279 14 0 0 0
0 0 0 0 0 3919 177 0 0 0 0 346 3750 0 0 0 8 4059 29 0 0 0 0 0
0 0 0 0 2 4038 56 0 0 0 0 960 3136 0 0 0 40 4040 16 0 0 0 0 0
77 323 147 139 346 3056 8 0 385 214 179 2274 1044 0 0 0 975 3099 22 0 0 0 0 0
119 307 312 555 910 1893 0 0 396 798 341 2120 441 0 0 0 1815 2259 20 2 0 0 0 0
0 0 0 1 411 3630 47 7 0 11 331 3007 706 41 0 0 501 3528 56 11 0 0 0 0
0 0 0 0 22 4060 14 0 0 0 0 2125 1971 0 0 0 51 4019 26 0 0 0 0 0
0 0 0 0 0 3895 201 0 0 0 0 449 3647 0 0 0 13 3985 98 0 0 0 0 0
115 623 144 94 107 2526 453 34 827 162 105 297 2705 0 0 0 1029 2890 176 1 0 0 0 0
1 76 160 167 250 2243 539 660 309 472 643 408 2264 0 0 0 501 3169 418 5 3 0 0 0
0 0 0 0 0 1337 2207 552 0 0 0 10 3480 80 136 390 2 2973 484 59 108 109 249 112
0 0 0 78 1375 1535 657 451 0 2 364 1892 1098 354 270 116 339 2399 684 197 236 177 64 0
0 32 332 275 377 1230 1850 0 15 405 393 388 2820 75 0 0 680 2945 460 11 0 0 0 0
0 0 0 0 43 1093 2960 0 0 0 31 20 4043 2 0 0 20 3529 547 0 0 0 0 0
0 0 0 0 23 893 3180 0 0 0 13 16 4056 11 0 0 2 3507 587 0 0 0 0 0
0 0 0 0 0 1922 2174 0 0 0 0 10 4086 0 0 0 1 3960 135 0 0 0 0 0
0 0 0 0 0 1041 3055 0 0 0 0 1 4092 3 0 0 0 3731 365 0 0 0 0 0
0 31 47 83 868 1940 1127 0 42 104 962 946 2040 2 0 0 1044 2755 297 0 0 0 0 0
48 71 40 55 927 2536 419 0 128 97 1273 1060 1511 27 0 0 1356 2325 413 2 0 0 0 0
0 0 2 0 7 3807 280 0 1 1 2 662 3430 0 0 0 104 3931 61 0 0 0 0 0
0 0 0 0 0 3304 606 186 0 0 0 120 3758 78 140 0 8 3769 128 181 10 0 0 0
0 0 0 0 0 3153 427 516 0 0 0 242 3259 141 454 0 13 3352 215 372 144 0 0 0
0 0 0 0 2 4025 69 0 0 0 0 1038 3056 2 0 0 32 4034 30 0 0 0 0 0
0 0 0 0 217 3871 8 0 0 0 1 2849 1246 0 0 0 419 3663 14 0 0 0 0 0
0 0 0 0 631 3463 2 0 0 0 8 3205 883 0 0 0 764 3315 17 0 0 0 0 0
0 0 0 0 768 3325 3 0 0 2 356 3310 428 0 0 0 636 3438 22 0 0 0 0 0
0 0 0 0 48 4034 14 0 0 0 0 2193 1903 0 0 0 75 3988 33 0 0 0 0 0
0 0 0 0 1 3996 99 0 0 0 0 664 3432 0 0 0 7 4017 72 0 0 0 0 0
1 12 60 121 253 3565 84 0 23 111 111 1325 2526 0 0 0 356 3629 111 0 0 0 0 0
0 8 33 121 217 1902 933 882 14 77 240 697 2203 100 57 708 157 2128 882 92 71 49 57 660
0 0 1 107 67 1026 1811 1084 0 32 111 64 2713 113 352 711 102 2231 544 67 230 239 236 447
0 0 29 166 1166 1950 654 131 0 57 305 2030 1392 183 92 37 287 2583 911 153 74 57 31 0
0 34 435 398 540 1373 1316 0 10 572 518 511 2365 120 0 0 857 2671 533 35 0 0 0 0
0 1 33 100 63 1116 2783 0 0 86 73 52 3879 6 0 0 179 3565 352 0 0 0 0 0
0 0 33 128 57 621 3257 0 1 111 84 37 3854 9 0 0 187 3428 481 0 0 0 0 0
0 0 35 158 67 604 3232 0 0 136 98 55 3793 14 0 0 222 3362 512 0 0 0 0 0
0 21 78 169 75 1425 2328 0 22 155 123 150 3633 13 0 0 267 3307 521 1 0 0 0 0
37 186 323 399 470 2571 110 0 193 447 386 1603 1466 1 0 0 924 2867 294 11 0 0 0 0
78 448 365 325 764 2054 56 6 504 500 561 1515 986 24 6 0 1613 2190 250 36 7 0 0 0
5 49 23 37 84 3467 431 0 46 40 51 426 3533 0 0 0 176 3856 64 0 0 0 0 0
0 0 0 0 0 3583 513 0 0 0 0 104 3992 0 0 0 6 4032 58 0 0 0 0 0
0 0 0 0 0 3696 357 43 0 0 0 159 3891 8 38 0 2 3982 68 25 19 0 0 0
0 0 0 0 3 3265 231 597 0 0 0 791 2629 155 521 0 48 3281 159 469 139 0 0 0
0 0 0 0 376 3544 40 136 0 0 2 3078 858 52 106 0 469 3450 40 124 13 0 0 0
0 0 0 0 524 3572 0 0 0 0 0 3514 582 0 0 0 416 3663 17 0 0 0 0 0
11 157 123 176 900 2728 1 0 149 187 231 3087 442 0 0 0 748 3320 28 0 0 0 0 0
0 1 60 135 160 3731 9 0 0 127 100 2271 1598 0 0 0 262 3744 90 0 0 0 0 0
0 0 59 228 151 3595 63 0 0 152 199 911 2834 0 0 0 221 3662 213 0 0 0 0 0
0 0 8 77 64 3862 85 0 0 41 56 1284 2715 0 0 0 121 3862 113 0 0 0 0 0
0 0 0 0 3 1958 1232 903 0 0 0 377 2659 144 81 835 21 1770 1183 135 78 60 75 774
0 0 0 22 83 658 2168 1165 0 0 2 70 2321 534 358 811 0 1304 939 304 399 317 289 544
0 0 0 17 962 2399 714 4 0 0 95 1962 1960 77 2 0 94 2442 1445 100 15 0 0 0
0 3 349 374 780 1281 1303 6 0 484 475 739 2131 267 0 0 668 2625 620 183 0 0 0 0
0 0 0 0 0 1722 2374 0 0 0 0 6 4088 2 0 0 3 3670 423 0 0 0 0 0
0 0 0 0 0 1336 2760 0 0 0 0 3 4085 8 0 0 3 3402 691 0 0 0 0 0
0 0 0 0 0 1007 3089 0 0 0 0 1 4092 3 0 0 0 3549 547 0 0 0 0 0
0 0 0 0 0 2183 1913 0 0 0 0 3 4091 2 0 0 0 3571 525 0 0 0 0 0
0 0 0 0 0 3039 1057 0 0 0 0 342 3752 2 0 0 27 3834 235 0 0 0 0 0
3 153 127 60 63 3465 225 0 168 146 58 523 3201 0 0 0 403 3622 71 0 0 0 0 0
0 17 271 127 105 2226 1109 241 9 473 210 177 3227 0 0 0 496 3262 338 0 0 0 0 0
0 0 0 0 0 3058 709 329 0 237 91 145 3623 0 0 0 82 3804 210 0 0 0 0 0
0 0 0 0 0 3044 365 687 0 434 254 519 2889 0 0 0 191 3742 163 0 0 0 0 0
0 0 0 0 2 3474 205 415 0 282 134 864 2816 0 0 0 114 3890 92 0 0 0 0 0
0 0 0 0 108 3392 125 471 0 0 0 2126 1433 199 338 0 195 3266 125 483 27 0 0 0
0 0 0 0 244 3439 105 308 0 0 0 2573 1152 234 137 0 223 3408 139 320 6 0 0 0
473 962 349 230 893 1189 0 0 1303 540 235 1824 194 0 0 0 2152 1923 21 0 0 0 0 0
0 1 147 140 810 2997 1 0 1 203 123 3131 638 0 0 0 481 3555 60 0 0 0 0 0
0 0 0 0 109 3981 6 0 0 0 0 2271 1825 0 0 0 73 3928 95 0 0 0 0 0
0 0 0 0 3 4058 35 0 0 0 0 1094 3002 0 0 0 16 3892 188 0 0 0 0 0
0 8 116 66 160 2236 293 1217 0 25 156 676 1878 109 90 1162 19 1791 698 195 102 99 54 1138
0 0 4 12 14 351 625 3090 0 1 10 15 710 261 442 2657 0 141 552 109 246 423 178 2447
0 0 0 9 783 1917 723 664 0 0 52 1482 1712 199 83 568 56 1704 1489 213 54 32 39 509
0 0 317 407 928 1286 1144 14 0 481 366 1051 1911 287 0 0 621 2550 720 204 1 0 0 0
0 0 0 0 0 2655 1441 0 0 0 0 8 4086 2 0 0 0 3702 394 0 0 0 0 0
0 0 0 0 0 2314 1782 0 0 0 0 5 4091 0 0 0 0 3742 354 0 0 0 0 0
0 0 0 0 0 918 3178 0 0 0 0 0 4078 18 0 0 0 3130 966 0 0 0 0 0
0 0 0 0 0 806 3290 0 0 0 0 1 4070 25 0 0 0 2972 1124 0 0 0 0 0
0 0 0 0 0 2382 1714 0 0 0 0 59 4032 5 0 0 2 3647 447 0 0 0 0 0
0 0 0 0 0 3995 101 0 0 0 0 440 3656 0 0 0 36 4037 23 0 0 0 0 0
0 1 304 410 218 2425 738 0 0 446 313 338 2999 0 0 0 633 3146 317 0 0 0 0 0
0 0 0 0 0 3518 578 0 0 0 0 68 4028 0 0 0 5 3911 180 0 0 0 0 0
0 0 0 0 6 4071 19 0 0 0 0 952 3144 0 0 0 59 3992 45 0 0 0 0 0
0 0 0 0 104 3985 7 0 0 0 0 2295 1801 0 0 0 193 3865 38 0 0 0 0 0
0 0 0 0 167 3924 5 0 0 0 0 2674 1422 0 0 0 261 3814 21 0 0 0 0 0
0 0 0 0 179 3519 97 301 0 0 0 2173 1559 183 181 0 218 3386 166 314 12 0 0 0
