0 0 0 4096 0 0 0 0 0 0 0 4096 0 0 0 0 0 0 0 4096 0 0 0 0
0 0 56 4040 0 0 0 0 0 0 56 4040 0 0 0 0 0 0 206 3890 0 0 0 0
0 0 444 3652 0 0 0 0 0 0 560 3536 0 0 0 0 0 0 1093 3003 0 0 0 0
0 0 599 3497 0 0 0 0 0 0 1019 3077 0 0 0 0 0 0 1896 2200 0 0 0 0
0 0 434 3662 0 0 0 0 0 0 730 3366 0 0 0 0 0 0 1759 2337 0 0 0 0
0 0 904 3192 0 0 0 0 0 0 1397 2699 0 0 0 0 0 0 3023 1073 0 0 0 0
0 0 1776 2320 0 0 0 0 0 0 2478 1618 0 0 0 0 0 0 3909 187 0 0 0 0
0 0 2889 1207 0 0 0 0 0 0 3361 735 0 0 0 0 0 0 4023 73 0 0 0 0
0 0 3437 659 0 0 0 0 0 0 3822 274 0 0 0 0 0 0 4085 11 0 0 0 0
0 0 2413 1683 0 0 0 0 0 0 3321 775 0 0 0 0 0 0 4074 22 0 0 0 0
0 0 804 3292 0 0 0 0 0 0 2634 1462 0 0 0 0 0 0 4055 41 0 0 0 0
0 0 862 3234 0 0 0 0 0 0 2929 1167 0 0 0 0 0 0 4090 6 0 0 0 0
0 0 876 3220 0 0 0 0 0 0 2959 1137 0 0 0 0 0 0 4075 21 0 0 0 0
0 0 844 3252 0 0 0 0 0 0 3156 940 0 0 0 0 0 0 4082 14 0 0 0 0
0 0 677 3419 0 0 0 0 0 0 3292 804 0 0 0 0 0 0 4082 14 0 0 0 0
0 0 930 3166 0 0 0 0 0 0 3498 598 0 0 0 0 0 0 4096 0 0 0 0 0
0 0 2033 2063 0 0 0 0 0 0 3901 195 0 0 0 0 0 0 4095 1 0 0 0 0
22 511 2256 1299 3 0 2 3 99 450 3376 163 3 1 1 3 379 177 3519 13 3 1 1 3
275 470 711 1147 201 419 275 598 245 509 1342 512 202 414 267 605 196 556 1716 138 238 365 246 641
0 0 1153 2939 2 2 0 0 0 0 2786 1306 2 2 0 0 0 0 3934 158 2 2 0 0
0 0 1061 3035 0 0 0 0 0 0 3438 658 0 0 0 0 0 0 4037 59 0 0 0 0
0 0 903 3193 0 0 0 0 0 0 2905 1191 0 0 0 0 0 0 4032 64 0 0 0 0
0 0 616 3480 0 0 0 0 0 0 2097 1999 0 0 0 0 0 0 4032 64 0 0 0 0
0 0 1255 2841 0 0 0 0 0 0 2652 1444 0 0 0 0 0 0 4032 64 0 0 0 0
0 0 1180 2901 15 0 0 0 0 0 2085 2001 10 0 0 0 0 0 4031 65 0 0 0 0
0 0 0 4096 0 0 0 0 0 0 0 4096 0 0 0 0 0 0 0 4096 0 0 0 0
0 0 0 4096 0 0 0 0 0 0 0 4096 0 0 0 0 0 0 0 4096 0 0 0 0
0 0 0 4096 0 0 0 0 0 0 1 4095 0 0 0 0 0 0 119 3977 0 0 0 0
0 0 0 4096 0 0 0 0 0 0 0 4096 0 0 0 0 0 0 27 4069 0 0 0 0
0 0 0 4096 0 0 0 0 0 0 0 4096 0 0 0 0 0 0 393 3703 0 0 0 0
0 0 95 4001 0 0 0 0 0 0 222 3874 0 0 0 0 0 0 1542 2554 0 0 0 0
0 0 367 3729 0 0 0 0 0 0 772 3324 0 0 0 0 0 0 2631 1465 0 0 0 0
0 0 396 3700 0 0 0 0 0 0 857 3239 0 0 0 0 0 0 3229 867 0 0 0 0
0 0 958 3138 0 0 0 0 0 0 1877 2219 0 0 0 0 0 0 3674 422 0 0 0 0
0 0 1140 2956 0 0 0 0 0 0 1846 2250 0 0 0 0 0 0 3877 219 0 0 0 0
0 0 553 3543 0 0 0 0 0 0 1052 3044 0 0 0 0 0 0 3586 510 0 0 0 0
0 0 694 3402 0 0 0 0 0 0 2196 1900 0 0 0 0 0 0 4029 67 0 0 0 0
0 0 705 3391 0 0 0 0 0 0 2521 1575 0 0 0 0 0 0 4080 16 0 0 0 0
0 0 296 3800 0 0 0 0 0 0 1945 2151 0 0 0 0 0 0 4028 68 0 0 0 0
0 0 103 3531 12 19 23 408 0 0 1513 2124 10 20 22 407 0 0 3424 215 11 19 20 407
0 0 214 2328 49 59 103 1343 0 0 1038 1496 51 56 117 1338 0 0 2304 220 37 50 93 1392
10 88 423 2169 103 172 233 898 28 73 1450 1153 104 171 230 887 26 78 2288 331 85 172 226 890
25 483 775 2710 50 21 12 20 145 373 2439 1052 42 14 11 20 232 294 3321 183 24 10 11 21
24 1919 330 664 171 147 166 675 13 1932 650 350 173 141 149 688 5 1897 856 168 155 149 129 737
0 0 478 3618 0 0 0 0 0 0 2588 1508 0 0 0 0 0 0 4094 2 0 0 0 0
0 0 798 3298 0 0 0 0 0 0 3432 664 0 0 0 0 0 0 4096 0 0 0 0 0
0 0 236 3860 0 0 0 0 0 0 2388 1708 0 0 0 0 0 0 4096 0 0 0 0 0
0 0 402 3694 0 0 0 0 0 0 2739 1357 0 0 0 0 0 0 4096 0 0 0 0 0
0 0 1569 2527 0 0 0 0 0 0 2826 1270 0 0 0 0 0 0 4096 0 0 0 0 0
0 0 2822 1274 0 0 0 0 0 0 2927 1169 0 0 0 0 0 0 4096 0 0 0 0 0
0 0 0 4096 0 0 0 0 0 0 0 4096 0 0 0 0 0 0 0 4096 0 0 0 0
0 0 0 4096 0 0 0 0 0 0 0 4096 0 0 0 0 0 0 0 4096 0 0 0 0
0 0 0 4096 0 0 0 0 0 0 0 4096 0 0 0 0 0 0 0 4096 0 0 0 0
0 0 0 4096 0 0 0 0 0 0 0 4096 0 0 0 0 0 0 143 3953 0 0 0 0
0 0 1 4095 0 0 0 0 0 0 4 4092 0 0 0 0 0 0 226 3870 0 0 0 0
0 0 8 4088 0 0 0 0 0 0 20 4076 0 0 0 0 0 0 275 3821 0 0 0 0
0 0 9 4087 0 0 0 0 0 0 38 4058 0 0 0 0 0 0 1562 2534 0 0 0 0
0 0 176 3920 0 0 0 0 0 0 326 3770 0 0 0 0 0 0 2475 1621 0 0 0 0
0 0 131 3965 0 0 0 0 0 0 355 3741 0 0 0 0 0 0 2820 1276 0 0 0 0
0 0 84 4012 0 0 0 0 0 0 250 3846 0 0 0 0 0 0 2556 1540 0 0 0 0
0 0 43 3876 11 8 11 147 0 0 161 3758 11 8 11 147 0 0 2262 1658 11 8 12 145
0 0 47 2960 17 21 20 1031 0 0 159 2850 17 21 18 1031 0 0 2224 784 20 18 19 1031
0 0 211 2296 44 35 37 1473 0 0 469 2043 41 33 38 1472 0 0 1812 701 39 34 36 1474
0 2 655 1741 40 33 33 1592 0 3 1035 1363 41 30 34 1590 0 11 1984 409 37 30 36 1589
0 17 921 1851 21 18 15 1253 0 20 1270 1501 19 20 15 1251 0 37 2317 437 18 19 16 1252
0 8 842 2865 47 42 46 246 0 8 1399 2306 44 43 48 248 0 10 3290 395 34 43 52 272
0 0 96 2277 54 69 59 1541 0 0 607 1769 54 67 63 1536 0 0 1835 539 56 71 59 1536
0 0 234 2262 36 34 38 1492 0 0 1141 1359 35 34 38 1489 0 0 2173 328 31 36 33 1495
342 2001 176 580 37 50 185 725 322 2014 250 513 35 51 166 745 226 1994 774 99 15 53 100 835
0 0 178 3918 0 0 0 0 0 0 1443 2653 0 0 0 0 0 0 4093 3 0 0 0 0
0 0 189 3907 0 0 0 0 0 0 1217 2879 0 0 0 0 0 0 4074 22 0 0 0 0
0 0 223 3873 0 0 0 0 0 0 1733 2363 0 0 0 0 0 0 4096 0 0 0 0 0
0 0 705 3391 0 0 0 0 0 0 2842 1254 0 0 0 0 0 0 4095 1 0 0 0 0
0 0 2104 1992 0 0 0 0 0 0 2839 1257 0 0 0 0 0 0 4096 0 0 0 0 0
0 0 3059 1037 0 0 0 0 0 0 3065 1031 0 0 0 0 0 0 4096 0 0 0 0 0
0 0 0 4095 1 0 0 0 0 0 0 4095 1 0 0 0 0 0 0 4095 1 0 0 0
0 0 0 4096 0 0 0 0 0 0 0 4096 0 0 0 0 0 0 0 4096 0 0 0 0
0 0 0 4096 0 0 0 0 0 0 0 4096 0 0 0 0 0 0 0 4096 0 0 0 0
0 0 0 4096 0 0 0 0 0 0 0 4096 0 0 0 0 0 0 0 4096 0 0 0 0
0 0 31 3955 36 32 30 12 0 0 64 3923 35 34 28 12 0 0 457 3532 34 30 31 12
0 0 23 3760 26 24 19 244 0 0 33 3750 26 24 19 244 0 0 146 3633 26 25 21 245
0 0 7 3263 28 20 31 747 0 0 24 3247 27 21 30 747 0 0 577 2692 29 20 26 752
0 0 157 2804 45 31 51 1008 0 0 226 2736 44 31 53 1006 0 0 1214 1746 45 30 49 1012
0 0 340 2520 45 33 38 1120 0 0 446 2414 46 32 37 1121 0 0 1513 1347 44 34 35 1123
0 6 489 2313 42 37 44 1165 0 6 568 2237 40 37 43 1165 0 11 1317 1483 39 37 44 1165
0 11 615 2235 28 23 28 1156 0 12 727 2122 29 22 28 1156 0 16 1623 1221 27 23 28 1158
0 11 984 2677 19 13 17 375 0 12 1202 2458 19 11 19 375 0 18 2601 1053 18 14 16 376
0 12 827 3257 0 0 0 0 0 14 1065 3017 0 0 0 0 0 20 3188 888 0 0 0 0
0 14 1183 2899 0 0 0 0 0 15 1629 2452 0 0 0 0 0 43 3493 560 0 0 0 0
0 11 1507 2578 0 0 0 0 0 15 2051 2030 0 0 0 0 0 62 3709 325 0 0 0 0
0 10 1121 2965 0 0 0 0 0 10 1979 2107 0 0 0 0 0 24 3755 317 0 0 0 0
0 0 450 2733 22 58 33 800 0 0 1435 1747 23 58 33 800 0 0 2978 205 33 49 35 796
0 0 413 3683 0 0 0 0 0 0 2092 2004 0 0 0 0 0 0 4027 69 0 0 0 0
1285 2109 155 539 8 0 0 0 1247 2142 323 376 8 0 0 0 1084 2022 912 67 11 0 0 0
0 0 145 3951 0 0 0 0 0 0 1609 2487 0 0 0 0 0 0 4077 19 0 0 0 0
0 0 529 3567 0 0 0 0 0 0 2824 1272 0 0 0 0 0 0 4096 0 0 0 0 0
0 0 197 3899 0 0 0 0 0 0 1780 2316 0 0 0 0 0 0 4096 0 0 0 0 0
0 0 618 3478 0 0 0 0 0 0 3052 1044 0 0 0 0 0 0 4095 1 0 0 0 0
0 0 2774 1322 0 0 0 0 0 0 3645 451 0 0 0 0 0 0 4093 3 0 0 0 0
0 0 3640 456 0 0 0 0 0 0 3640 456 0 0 0 0 0 0 4096 0 0 0 0 0
0 0 0 4093 3 0 0 0 0 0 0 4093 3 0 0 0 0 0 0 4095 1 0 0 0
0 0 0 4096 0 0 0 0 0 0 0 4096 0 0 0 0 0 0 0 4096 0 0 0 0
0 0 0 4096 0 0 0 0 0 0 0 4096 0 0 0 0 0 0 0 4096 0 0 0 0
114 33 82 3767 4 27 15 54 114 33 79 3770 4 27 7 62 114 33 79 3770 3 24 9 64
319 34 982 1482 153 119 190 817 319 34 1054 1411 151 113 176 838 319 36 1272 1188 139 108 138 896
0 0 1551 1911 29 15 22 568 0 0 1574 1887 29 16 22 568 0 6 1904 1552 25 16 22 571
0 0 1140 2758 22 12 22 142 0 0 1234 2664 22 12 23 141 0 2 1650 2244 24 10 20 146
0 0 1108 2988 0 0 0 0 0 0 1214 2882 0 0 0 0 0 2 1826 2268 0 0 0 0
0 3 954 3139 0 0 0 0 0 7 1070 3019 0 0 0 0 0 13 1894 2189 0 0 0 0
0 5 1068 3023 0 0 0 0 0 8 1232 2856 0 0 0 0 0 13 2648 1435 0 0 0 0
0 6 1061 3029 0 0 0 0 0 7 1262 2827 0 0 0 0 0 23 2734 1339 0 0 0 0
0 10 1122 2964 0 0 0 0 0 11 1370 2715 0 0 0 0 0 22 3169 905 0 0 0 0
0 17 1178 2901 0 0 0 0 0 19 1525 2552 0 0 0 0 0 27 3321 748 0 0 0 0
0 14 1394 2688 0 0 0 0 0 16 1781 2299 0 0 0 0 0 42 3410 644 0 0 0 0
0 17 1599 2480 0 0 0 0 0 27 2074 1995 0 0 0 0 0 71 3582 443 0 0 0 0
0 32 1183 2881 0 0 0 0 0 47 2037 2012 0 0 0 0 0 106 3649 341 0 0 0 0
0 0 474 2614 40 44 29 895 0 0 1768 1322 43 43 26 894 0 0 2929 167 46 38 31 885
0 0 865 3231 0 0 0 0 0 0 2431 1665 0 0 0 0 0 0 4030 66 0 0 0 0
973 2132 235 580 37 26 26 87 985 2078 431 428 36 25 27 86 873 1472 1361 209 36 26 28 91
0 0 286 3571 26 27 64 122 0 0 1568 2290 27 25 65 121 0 0 3527 332 27 24 64 122
0 0 874 3222 0 0 0 0 0 0 2833 1263 0 0 0 0 0 0 4096 0 0 0 0 0
0 0 969 3127 0 0 0 0 0 0 2910 1186 0 0 0 0 0 0 4093 3 0 0 0 0
0 0 2113 1983 0 0 0 0 0 0 3815 281 0 0 0 0 0 0 4096 0 0 0 0 0
0 0 3493 603 0 0 0 0 0 0 3870 226 0 0 0 0 0 0 4096 0 0 0 0 0
0 0 3924 172 0 0 0 0 0 0 3943 153 0 0 0 0 0 0 4096 0 0 0 0 0
0 0 0 4088 8 0 0 0 0 0 0 4088 8 0 0 0 0 0 0 4092 4 0 0 0
0 0 0 4092 4 0 0 0 0 0 0 4092 4 0 0 0 0 0 0 4096 0 0 0 0
0 0 0 4096 0 0 0 0 0 0 0 4096 0 0 0 0 0 0 0 4096 0 0 0 0
208 64 82 3548 78 63 18 35 209 64 87 3552 81 50 22 31 207 65 132 3519 96 24 21 32
604 74 390 2480 49 73 33 393 605 73 398 2471 51 74 31 393 596 82 599 2270 49 74 33 393
0 0 1015 3081 0 0 0 0 0 0 1038 3058 0 0 0 0 0 0 1536 2560 0 0 0 0
0 0 1375 2721 0 0 0 0 0 1 1513 2582 0 0 0 0 0 2 2269 1825 0 0 0 0
0 0 1118 2978 0 0 0 0 0 0 1215 2881 0 0 0 0 0 0 1971 2125 0 0 0 0
0 2 986 3108 0 0 0 0 0 3 1097 2996 0 0 0 0 0 13 1926 2157 0 0 0 0
0 5 1164 2927 0 0 0 0 0 6 1396 2694 0 0 0 0 0 20 2774 1302 0 0 0 0
0 8 1056 3032 0 0 0 0 0 10 1269 2817 0 0 0 0 0 25 2648 1423 0 0 0 0
0 22 961 3113 0 0 0 0 0 24 1161 2911 0 0 0 0 0 47 2865 1184 0 0 0 0
0 14 1032 3048 2 0 0 0 0 16 1567 2512 1 0 0 0 0 42 3353 701 0 0 0 0
0 23 1067 3006 0 0 0 0 0 28 1368 2700 0 0 0 0 0 78 3331 687 0 0 0 0
0 46 862 3188 0 0 0 0 0 52 1252 2792 0 0 0 0 0 103 3486 507 0 0 0 0
0 39 638 3419 0 0 0 0 0 50 1163 2883 0 0 0 0 0 82 3573 441 0 0 0 0
0 0 44 3060 21 20 55 896 0 0 484 2622 20 20 54 896 0 0 2834 274 22 18 52 896
0 0 79 4017 0 0 0 0 0 0 399 3697 0 0 0 0 0 0 4014 82 0 0 0 0
1269 2074 299 418 10 9 12 5 1261 1923 469 403 14 9 12 5 1220 878 1758 198 15 10 10 7
62 36 88 2755 148 98 185 724 67 31 406 2437 141 102 182 730 64 35 1761 1070 135 109 168 754
0 0 461 3635 0 0 0 0 0 0 2037 2059 0 0 0 0 0 0 4088 8 0 0 0 0
0 0 968 3128 0 0 0 0 0 0 2874 1222 0 0 0 0 0 0 4096 0 0 0 0 0
0 0 1590 2506 0 0 0 0 0 0 3134 962 0 0 0 0 0 0 4095 1 0 0 0 0
0 0 2456 1640 0 0 0 0 0 0 3648 448 0 0 0 0 0 0 4096 0 0 0 0 0
0 0 3878 218 0 0 0 0 0 0 3880 216 0 0 0 0 0 0 4096 0 0 0 0 0
0 0 0 4092 4 0 0 0 0 0 0 4092 4 0 0 0 0 0 0 4093 3 0 0 0
0 0 0 4088 8 0 0 0 0 0 0 4088 8 0 0 0 0 0 1 4095 0 0 0 0
0 0 0 4088 8 0 0 0 0 0 0 4090 6 0 0 0 0 0 0 4094 2 0 0 0
238 62 13 3759 6 3 3 12 238 62 14 3755 9 3 3 12 238 62 47 3727 4 3 1 14
660 60 375 2511 66 53 83 288 660 60 367 2519 67 52 80 291 658 62 657 2227 68 50 76 298
0 0 809 3287 0 0 0 0 0 0 936 3160 0 0 0 0 0 3 1575 2518 0 0 0 0
0 1 1088 3007 0 0 0 0 0 1 1185 2910 0 0 0 0 0 4 1765 2327 0 0 0 0
0 0 996 3100 0 0 0 0 0 0 1118 2978 0 0 0 0 0 2 1702 2392 0 0 0 0
0 1 936 3159 0 0 0 0 0 1 1049 3046 0 0 0 0 0 4 2030 2062 0 0 0 0
0 0 993 3103 0 0 0 0 0 3 1302 2791 0 0 0 0 0 12 2968 1116 0 0 0 0
0 7 828 3261 0 0 0 0 0 8 1098 2990 0 0 0 0 0 15 2738 1343 0 0 0 0
0 7 733 3356 0 0 0 0 0 8 992 3096 0 0 0 0 0 21 2943 1132 0 0 0 0
0 7 751 3338 0 0 0 0 0 11 1252 2833 0 0 0 0 0 53 3426 617 0 0 0 0
0 13 617 3466 0 0 0 0 0 27 796 3273 0 0 0 0 0 64 3043 989 0 0 0 0
0 11 605 3480 0 0 0 0 0 28 934 3134 0 0 0 0 1 53 3179 863 0 0 0 0
0 13 429 3654 0 0 0 0 0 33 634 3429 0 0 0 0 0 96 3065 935 0 0 0 0
0 0 59 2381 71 16 24 1545 0 0 216 2226 70 17 24 1543 0 0 1684 760 68 13 27 1544
0 0 42 3329 18 15 18 674 0 0 284 3087 18 16 18 673 0 0 2662 709 19 16 18 672
1141 1975 276 505 21 11 10 157 1140 1684 591 483 17 14 6 161 1108 617 1984 185 17 17 3 165
0 0 3 3985 28 35 18 27 0 0 75 3919 36 23 18 25 0 0 3836 166 40 14 15 25
0 0 41 4055 0 0 0 0 0 0 433 3663 0 0 0 0 0 0 4084 12 0 0 0 0
0 0 125 3971 0 0 0 0 0 0 623 3473 0 0 0 0 0 0 4096 0 0 0 0 0
0 0 244 3852 0 0 0 0 0 0 1628 2468 0 0 0 0 0 0 4095 1 0 0 0 0
0 0 790 3306 0 0 0 0 0 0 2547 1549 0 0 0 0 0 0 4096 0 0 0 0 0
0 0 3520 576 0 0 0 0 0 0 3748 348 0 0 0 0 0 0 4096 0 0 0 0 0
0 0 0 4087 9 0 0 0 0 0 0 4087 9 0 0 0 0 0 0 4095 1 0 0 0
0 0 0 4092 4 0 0 0 0 0 0 4093 3 0 0 0 0 0 0 4096 0 0 0 0
0 0 0 4092 4 0 0 0 0 0 0 4093 3 0 0 0 0 0 1 4095 0 0 0 0
220 55 6 3765 11 2 7 30 220 55 4 3767 11 2 7 30 218 58 12 3756 13 2 6 31
576 85 144 2232 145 106 173 635 588 74 173 2207 143 100 167 644 574 87 399 1990 142 82 143 679
0 0 710 2736 42 39 38 531 0 0 821 2628 40 38 37 532 0 2 1341 2104 40 38 35 536
0 0 1053 3042 1 0 0 0 0 0 1220 2875 1 0 0 0 0 3 1910 2182 1 0 0 0
0 2 948 3146 0 0 0 0 0 4 1076 3016 0 0 0 0 0 5 1748 2343 0 0 0 0
0 1 1046 3049 0 0 0 0 0 1 1147 2948 0 0 0 0 0 11 1959 2126 0 0 0 0
0 9 890 3197 0 0 0 0 0 12 1243 2841 0 0 0 0 0 31 2869 1196 0 0 0 0
0 7 731 3358 0 0 0 0 0 9 1010 3077 0 0 0 0 0 28 2715 1353 0 0 0 0
0 6 663 3427 0 0 0 0 0 11 916 3169 0 0 0 0 0 47 3366 683 0 0 0 0
0 8 644 3444 0 0 0 0 0 8 1121 2967 0 0 0 0 0 69 3663 364 0 0 0 0
0 10 592 3494 0 0 0 0 0 21 884 3191 0 0 0 0 0 59 3330 707 0 0 0 0
0 34 554 3508 0 0 0 0 0 63 780 3253 0 0 0 0 0 123 3641 332 0 0 0 0
0 16 456 3624 0 0 0 0 0 43 614 3439 0 0 0 0 0 101 3590 405 0 0 0 0
0 0 7 2942 40 22 65 1020 0 0 56 2899 34 31 64 1012 0 0 2374 585 33 35 61 1008
0 0 22 3425 16 17 18 598 0 0 134 3316 13 18 20 595 0 0 3199 251 14 16 18 598
1154 1823 279 485 6 15 28 306 1166 1477 679 419 6 16 17 316 1159 392 2089 99 7 5 26 319
0 0 126 3970 0 0 0 0 0 0 763 3333 0 0 0 0 0 0 4088 8 0 0 0 0
0 0 838 3258 0 0 0 0 0 0 2255 1841 0 0 0 0 0 0 4093 3 0 0 0 0
0 0 1597 2499 0 0 0 0 0 0 3182 914 0 0 0 0 0 0 4096 0 0 0 0 0
0 0 2440 1656 0 0 0 0 0 0 3483 613 0 0 0 0 0 0 4096 0 0 0 0 0
0 0 2998 1098 0 0 0 0 0 0 3840 256 0 0 0 0 0 0 4096 0 0 0 0 0
0 0 3850 246 0 0 0 0 0 0 4092 4 0 0 0 0 0 0 4096 0 0 0 0 0
0 0 0 4094 2 0 0 0 0 0 0 4090 6 0 0 0 0 0 7 4089 0 0 0 0
0 0 0 4096 0 0 0 0 0 0 0 4096 0 0 0 0 0 0 9 4087 0 0 0 0
0 0 0 4096 0 0 0 0 0 0 0 4096 0 0 0 0 0 0 14 4082 0 0 0 0
264 32 56 3717 19 4 4 0 265 31 56 3722 18 2 2 0 267 55 53 3704 13 4 0 0
593 99 48 3299 27 10 14 6 623 76 64 3281 22 10 14 6 641 61 72 3275 19 8 14 6
0 0 2 3783 22 17 19 253 0 0 10 3775 22 17 19 253 0 0 402 3384 22 18 17 253
0 0 172 2887 49 43 52 893 0 0 331 2729 48 46 49 893 0 0 1663 1396 49 43 50 895
0 0 482 2494 54 40 51 975 0 0 561 2418 54 39 49 975 0 0 1185 1795 54 39 46 977
0 0 809 2208 33 28 29 989 0 0 931 2088 33 27 29 988 0 5 1898 1115 34 29 27 988
0 4 1075 2700 22 17 18 260 0 10 1718 2052 21 17 19 259 0 58 3105 617 20 18 18 260
0 3 773 3318 2 0 0 0 0 6 1154 2936 0 0 0 0 0 40 3264 792 0 0 0 0
0 12 813 3271 0 0 0 0 0 18 1186 2892 0 0 0 0 0 93 3422 581 0 0 0 0
0 25 826 3245 0 0 0 0 0 40 1595 2461 0 0 0 0 0 145 3677 274 0 0 0 0
0 17 732 3347 0 0 0 0 0 29 1206 2861 0 0 0 0 0 137 3518 441 0 0 0 0
0 19 831 3246 0 0 0 0 0 28 1478 2590 0 0 0 0 0 110 3832 154 0 0 0 0
0 8 508 3580 0 0 0 0 0 18 888 3190 0 0 0 0 0 72 3805 219 0 0 0 0
0 0 61 3027 33 42 31 902 0 0 261 2832 28 50 23 902 0 0 2836 262 25 49 23 901
0 0 21 4075 0 0 0 0 0 0 136 3960 0 0 0 0 0 0 4060 36 0 0 0 0
1368 1873 266 589 0 0 0 0 1350 1586 610 550 0 0 0 0 1316 593 2073 114 0 0 0 0
0 0 236 3860 0 0 0 0 0 0 818 3278 0 0 0 0 0 0 4077 19 0 0 0 0
0 0 453 3643 0 0 0 0 0 0 1466 2630 0 0 0 0 0 0 4095 1 0 0 0 0
0 0 792 3304 0 0 0 0 0 0 1993 2103 0 0 0 0 0 0 4096 0 0 0 0 0
0 0 889 3207 0 0 0 0 0 0 2480 1616 0 0 0 0 0 0 4094 2 0 0 0 0
0 0 1735 2361 0 0 0 0 0 0 3549 547 0 0 0 0 0 0 4096 0 0 0 0 0
0 0 3479 617 0 0 0 0 0 0 3876 220 0 0 0 0 0 0 4096 0 0 0 0 0
0 0 0 4092 4 0 0 0 0 0 0 4088 8 0 0 0 0 0 2 4093 1 0 0 0
0 0 0 4096 0 0 0 0 0 0 0 4096 0 0 0 0 0 0 7 4089 0 0 0 0
0 0 0 4094 2 0 0 0 0 0 0 4095 1 0 0 0 0 0 2 4094 0 0 0 0
253 3 64 3771 5 0 0 0 256 0 64 3771 5 0 0 0 256 2 73 3765 0 0 0 0
716 52 64 3262 2 0 0 0 761 7 64 3263 1 0 0 0 768 0 73 3255 0 0 0 0
0 42 51 4002 1 0 0 0 3 40 54 3999 0 0 0 0 8 37 290 3761 0 0 0 0
9 237 65 3785 0 0 0 0 25 222 82 3767 0 0 0 0 36 214 692 3154 0 0 0 0
171 272 64 3589 0 0 0 0 195 250 102 3549 0 0 0 0 269 183 1017 2627 0 0 0 0
358 264 74 3262 10 13 11 104 395 236 141 3186 11 13 10 104 354 282 1044 2279 12 12 10 103
518 316 69 2189 29 23 24 928 512 320 147 2119 26 22 24 926 585 255 968 1292 27 20 27 922
742 291 138 1519 48 35 38 1285 745 290 164 1493 47 35 38 1284 758 291 449 1198 45 34 38 1283
677 524 184 1230 35 31 49 1366 688 517 204 1208 38 31 47 1363 702 515 573 828 37 30 48 1363
533 263 250 1502 34 25 35 1454 585 222 367 1375 34 27 35 1451 574 257 1030 688 33 27 34 1453
82 188 328 2098 18 19 27 1336 99 188 399 2011 18 18 29 1334 91 239 1346 1021 15 19 28 1337
590 493 422 1918 6 17 16 634 609 486 526 1802 7 16 17 633 624 517 1421 860 7 13 17 637
1169 617 358 1894 5 5 4 44 1177 657 374 1831 4 5 5 43 1202 711 1471 654 5 4 4 45
1028 395 320 1456 20 18 40 819 1083 451 349 1323 14 19 43 814 1226 492 1132 358 12 20 46 810
1447 372 738 1539 0 0 0 0 1451 644 841 1160 0 0 0 0 1861 560 1614 61 0 0 0 0
1541 2131 213 211 0 0 0 0 1512 2145 283 156 0 0 0 0 1540 1253 1297 6 0 0 0 0
1487 332 1049 1228 0 0 0 0 1550 843 668 1035 0 0 0 0 2312 539 1214 31 0 0 0 0
1555 354 1051 1136 0 0 0 0 1559 988 905 644 0 0 0 0 2570 477 1048 1 0 0 0 0
1628 310 1197 961 0 0 0 0 1736 1007 867 486 0 0 0 0 2902 349 836 9 0 0 0 0
1709 210 1591 586 0 0 0 0 1763 1129 984 220 0 0 0 0 2949 510 637 0 0 0 0 0
1675 220 1605 596 0 0 0 0 1729 1215 1100 52 0 0 0 0 2940 715 441 0 0 0 0 0
1707 214 1745 430 0 0 0 0 1748 1012 1284 52 0 0 0 0 3080 719 297 0 0 0 0 0
883 1094 128 1479 512 0 0 0 928 1082 645 1441 0 0 0 0 581 2376 254 885 0 0 0 0
1173 798 136 1193 796 0 0 0 1209 803 603 1481 0 0 0 0 1055 2167 181 693 0 0 0 0
777 1166 132 1320 701 0 0 0 779 1180 912 1225 0 0 0 0 504 2798 284 510 0 0 0 0
449 1571 197 1234 642 2 1 0 492 1578 956 1064 4 2 0 0 470 2966 361 296 2 1 0 0
1377 943 125 1150 497 3 1 0 1398 940 1106 628 22 2 0 0 1244 2442 320 86 3 1 0 0
884 978 87 1495 641 11 0 0 901 1000 1457 594 144 0 0 0 725 2921 345 105 0 0 0 0
865 791 67 1681 691 1 0 0 841 826 1643 658 128 0 0 0 681 2778 568 69 0 0 0 0
601 858 71 1730 828 8 0 0 577 905 1647 825 142 0 0 0 302 2954 782 58 0 0 0 0
720 576 100 1733 965 2 0 0 712 613 1724 966 81 0 0 0 648 2576 834 38 0 0 0 0
780 336 186 1771 1023 0 0 0 787 418 1808 1079 4 0 0 0 1024 2057 1012 3 0 0 0 0
691 220 162 1780 1243 0 0 0 713 278 1792 1313 0 0 0 0 933 1910 1252 1 0 0 0 0
517 190 286 1615 1487 1 0 0 536 321 1666 1527 46 0 0 0 850 1838 1408 0 0 0 0 0
351 168 391 1500 1686 0 0 0 373 387 1539 1797 0 0 0 0 876 1707 1513 0 0 0 0 0
83 106 240 1615 1833 8 9 202 87 222 1547 2017 8 8 9 198 397 1744 1724 11 5 9 10 196
0 0 52 931 2046 18 17 1032 0 11 846 2160 21 19 16 1023 5 1320 1689 15 16 16 14 1021
0 0 153 203 1850 38 47 1805 0 87 196 1892 46 40 43 1792 55 464 1631 55 26 41 51 1773
0 0 145 404 1484 70 90 1903 0 66 398 1523 81 54 106 1868 82 546 1313 87 57 68 113 1830
0 0 403 1074 883 37 35 1664 0 214 1095 1027 40 33 41 1646 520 972 805 56 33 32 39 1639
1350 1915 107 177 244 15 11 277 1325 1964 199 286 23 11 14 274 1376 1880 466 64 14 6 13 277
0 42 177 1154 2723 0 0 0 0 73 1030 2938 55 0 0 0 177 1805 2042 72 0 0 0 0
0 0 285 1289 2499 23 0 0 0 0 1052 2875 169 0 0 0 123 1710 2089 174 0 0 0 0
0 0 513 1135 2448 0 0 0 0 0 1185 2844 67 0 0 0 96 1777 2175 48 0 0 0 0
0 0 767 1366 1963 0 0 0 0 0 1280 2812 4 0 0 0 11 1872 2213 0 0 0 0 0
0 8 910 1529 1649 0 0 0 0 0 1348 2748 0 0 0 0 0 1740 2356 0 0 0 0 0
0 0 940 1853 1303 0 0 0 0 0 1426 2670 0 0 0 0 0 1890 2206 0 0 0 0 0
0 0 0 45 1367 2681 3 0 0 0 40 1062 2966 28 0 0 0 428 1905 1763 0 0 0 0
0 0 0 213 1552 2331 0 0 0 0 227 1234 2595 40 0 0 0 534 2544 1014 4 0 0 0
0 0 46 222 1658 2170 0 0 0 0 148 1237 2711 0 0 0 0 357 3061 678 0 0 0 0
59 31 285 136 1523 2062 0 0 67 24 86 1209 2699 11 0 0 75 239 2551 1149 78 4 0 0
201 162 461 162 1471 1639 0 0 185 102 232 1286 1964 327 0 0 259 296 2055 1076 233 177 0 0
0 0 775 91 1455 1775 0 0 0 0 130 1679 2287 0 0 0 0 111 2687 1298 0 0 0 0
0 0 944 151 2355 646 0 0 0 0 814 2379 903 0 0 0 0 170 2915 1011 0 0 0 0
0 0 960 171 2564 401 0 0 0 0 918 2441 737 0 0 0 0 158 2912 1026 0 0 0 0
0 0 945 153 2229 769 0 0 0 0 962 2071 1063 0 0 0 0 122 2998 976 0 0 0 0
0 0 968 152 2089 887 0 0 0 0 1063 1782 1251 0 0 0 0 181 3172 743 0 0 0 0
0 0 988 182 2064 862 0 0 0 0 1121 1956 1019 0 0 0 13 335 2947 801 0 0 0 0
0 41 1076 279 2383 317 0 0 0 55 1205 2293 543 0 0 0 6 254 3313 523 0 0 0 0
0 9 1089 250 2109 639 0 0 0 20 1228 2053 795 0 0 0 6 338 3491 261 0 0 0 0
0 0 965 234 2414 483 0 0 0 0 1132 2177 787 0 0 0 0 438 3433 225 0 0 0 0
0 0 973 255 2370 498 0 0 0 0 1154 2152 790 0 0 0 0 612 3470 14 0 0 0 0
0 0 967 273 2169 687 0 0 0 11 1176 1720 1189 0 0 0 6 299 3729 62 0 0 0 0
0 14 849 432 1736 919 21 125 0 58 1222 1485 1167 21 19 124 12 440 3327 139 21 17 23 117
0 1 957 270 1508 1047 43 270 0 35 1125 917 1619 105 37 258 8 221 3152 188 207 38 50 232
1166 1696 153 51 287 293 44 406 1140 1749 143 173 412 26 27 426 1055 1861 457 118 134 17 6 448
0 139 902 93 1836 1126 0 0 0 150 915 1584 1447 0 0 0 19 478 3529 70 0 0 0 0
0 0 688 89 1941 1378 0 0 0 0 723 1647 1726 0 0 0 0 384 3711 1 0 0 0 0
0 0 453 89 2282 1272 0 0 0 0 498 2107 1491 0 0 0 0 731 3365 0 0 0 0 0
0 0 205 85 2647 1159 0 0 0 0 231 2073 1792 0 0 0 0 490 3602 4 0 0 0 0
0 0 12 32 2596 1456 0 0 0 0 32 2304 1760 0 0 0 0 556 3523 17 0 0 0 0
0 0 0 0 3109 987 0 0 0 0 0 2545 1551 0 0 0 0 954 2917 225 0 0 0 0
0 0 878 232 165 2537 284 0 0 0 1 1153 1964 978 0 0 0 0 633 3324 139 0 0 0
0 0 878 234 124 2395 465 0 0 0 5 1129 1337 1625 0 0 0 0 85 3925 86 0 0 0
0 0 863 113 137 2921 62 0 0 0 11 1017 2361 707 0 0 0 0 701 3391 4 0 0 0
0 0 598 133 124 3177 64 0 0 0 24 745 2864 463 0 0 0 0 1383 2713 0 0 0 0
0 107 279 100 227 3283 100 0 0 0 143 537 2713 703 0 0 0 64 1464 2556 12 0 0 0
0 0 146 82 85 3726 57 0 0 0 49 192 2601 1254 0 0 0 0 1046 2208 324 518 0 0
0 0 33 67 400 3578 18 0 0 0 49 234 3329 484 0 0 8 51 2436 1402 60 139 0 0
0 0 44 83 142 3809 18 0 0 5 103 70 3730 188 0 0 26 92 2402 1576 0 0 0 0
0 0 54 72 301 3653 16 0 0 9 96 194 3468 329 0 0 24 92 2417 1521 42 0 0 0
0 0 85 71 153 3763 24 0 0 48 82 93 3615 258 0 0 37 97 2946 882 134 0 0 0
0 0 113 81 173 3723 6 0 0 63 95 135 3660 143 0 0 51 107 2639 1235 64 0 0 0
0 71 198 88 244 3495 0 0 0 209 111 178 3475 123 0 0 29 285 2482 1295 5 0 0 0
0 1 127 90 531 3334 13 0 0 4 145 429 3257 261 0 0 3 21 3103 969 0 0 0 0
0 0 218 231 518 3103 26 0 0 0 225 448 3307 116 0 0 0 17 3010 1069 0 0 0 0
0 0 468 237 633 2758 0 0 0 0 289 785 3015 7 0 0 0 58 2918 1119 1 0 0 0
0 0 230 86 237 3543 0 0 0 0 177 210 3709 0 0 0 0 7 3665 424 0 0 0 0
0 0 0 0 214 3882 0 0 0 0 0 84 4012 0 0 0 0 4 4082 10 0 0 0 0
4 4 8 12 255 3577 135 101 4 4 6 107 3557 177 129 112 4 22 3448 132 125 126 117 122
1713 1244 246 131 163 415 105 79 1756 1346 174 143 346 162 93 76 1440 1789 285 190 161 78 91 62
222 287 62 178 547 2571 206 23 236 370 230 384 2516 201 141 18 280 568 2515 393 85 179 67 9
0 0 0 4 453 3639 0 0 0 98 210 170 3618 0 0 0 36 319 3732 9 0 0 0 0
0 0 0 2 120 3974 0 0 0 8 22 53 4013 0 0 0 4 50 4038 4 0 0 0 0
0 0 0 0 92 4004 0 0 0 0 0 28 4058 10 0 0 0 6 4080 10 0 0 0 0
0 0 0 0 205 3891 0 0 0 0 0 105 3973 18 0 0 0 38 3961 53 44 0 0 0
0 0 0 0 310 3786 0 0 0 0 0 54 3956 86 0 0 0 3 3630 295 168 0 0 0
0 0 32 101 84 2204 1675 0 0 0 107 70 928 2910 81 0 0 106 147 3271 350 214 8 0
0 0 15 99 77 1422 2483 0 0 0 82 75 613 3234 92 0 0 96 80 2862 800 258 0 0
0 0 9 113 70 1695 2209 0 0 0 83 70 475 3451 17 0 0 95 101 2879 824 197 0 0
0 0 11 105 68 2102 1810 0 0 0 81 79 782 3152 2 0 0 92 122 3421 336 125 0 0
0 0 30 80 76 2429 1481 0 0 6 81 63 976 2970 0 0 11 93 89 3578 255 70 0 0
0 0 32 93 56 2280 1635 0 0 0 96 56 1287 2657 0 0 4 104 87 3608 250 43 0 0
0 0 0 4 12 2797 1283 0 0 0 3 8 867 3125 93 0 0 5 60 2868 487 588 88 0
0 0 0 0 0 2911 1185 0 0 0 0 0 881 3117 98 0 0 0 26 3297 392 297 84 0
0 0 0 0 0 2262 1834 0 0 0 0 0 962 3134 0 0 0 0 220 3621 243 12 0 0
0 0 0 0 0 2692 1404 0 0 0 0 0 1325 2771 0 0 0 0 210 3759 126 1 0 0
0 0 0 0 2 3269 825 0 0 0 0 0 2272 1824 0 0 0 0 829 3123 144 0 0 0
0 0 0 0 0 4004 92 0 0 0 0 1 2786 1309 0 0 0 0 1093 2776 221 6 0 0
0 0 0 0 0 3871 225 0 0 0 0 0 2661 1435 0 0 0 0 1154 2711 231 0 0 0
0 0 0 0 1 3717 378 0 0 0 0 0 2307 1789 0 0 0 0 1436 2393 265 2 0 0
0 0 32 32 17 3139 876 0 0 0 4 62 2078 1952 0 0 0 0 1316 2486 274 20 0 0
0 0 267 151 159 3278 241 0 0 0 62 394 2259 1381 0 0 0 0 1141 2653 253 49 0 0
0 0 295 261 215 3292 33 0 0 0 95 518 3164 319 0 0 0 0 2355 1736 5 0 0 0
0 0 55 55 49 3936 1 0 0 0 8 122 3917 49 0 0 0 2 3248 845 1 0 0 0
956 315 1102 979 92 631 15 6 963 560 905 969 623 58 12 6 970 1218 705 1104 33 49 11 6
987 304 142 332 783 1179 298 71 986 302 148 385 1167 745 290 73 911 356 448 778 694 637 181 91
0 0 0 0 10 4068 18 0 0 0 0 6 3246 844 0 0 0 6 2974 696 245 175 0 0
0 0 0 5 297 3784 10 0 0 95 184 92 3290 435 0 0 42 263 3178 437 117 59 0 0
0 0 0 3 327 3742 24 0 0 98 211 106 3404 277 0 0 37 302 3413 344 0 0 0 0
0 0 0 0 338 3723 35 0 0 114 204 124 3356 298 0 0 29 318 3246 503 0 0 0 0
0 0 0 0 128 3944 24 0 0 28 91 35 3809 133 0 0 10 117 3803 166 0 0 0 0
0 0 0 0 0 340 3756 0 0 0 0 0 162 3876 58 0 0 0 11 2769 1258 54 4 0
0 0 0 0 0 529 3567 0 0 0 0 0 296 3786 14 0 0 0 79 2911 1106 0 0 0
0 0 0 0 0 626 3470 0 0 0 0 0 365 3727 4 0 0 0 18 2783 1295 0 0 0
0 0 0 0 0 803 3293 0 0 0 0 0 599 3469 28 0 0 0 1 3221 874 0 0 0
0 0 0 0 0 1645 2451 0 0 0 0 0 981 3115 0 0 0 0 84 3658 354 0 0 0
0 0 0 0 0 481 3615 0 0 0 0 0 329 3763 4 0 0 0 8 3598 490 0 0 0
0 0 0 0 0 1188 2908 0 0 0 0 0 857 3226 13 0 0 0 122 3847 127 0 0 0
0 0 0 0 0 1306 2790 0 0 0 0 0 530 3369 197 0 0 0 59 3275 250 442 70 0
0 0 0 0 0 1763 2333 0 0 0 0 0 672 3039 385 0 0 0 79 2860 485 421 251 0
0 0 0 0 0 2319 1777 0 0 0 0 0 1601 2495 0 0 0 0 353 3737 6 0 0 0
0 0 0 0 0 1947 2149 0 0 0 0 0 1176 2920 0 0 0 0 304 3778 14 0 0 0
0 0 0 0 0 2525 1571 0 0 0 0 0 1733 2363 0 0 0 0 447 3641 8 0 0 0
0 0 0 0 0 2461 1635 0 0 0 0 0 1528 2568 0 0 0 0 767 3329 0 0 0 0
0 0 0 0 0 2234 1862 0 0 0 0 0 1391 2705 0 0 0 0 730 3366 0 0 0 0
0 0 0 0 0 2586 1510 0 0 0 0 0 1963 2133 0 0 0 0 1467 2611 18 0 0 0
0 0 0 0 0 1434 2662 0 0 0 0 0 775 3321 0 0 0 0 491 3605 0 0 0 0
0 0 0 0 0 2021 2075 0 0 0 0 0 663 3396 37 0 0 0 124 3641 92 225 14 0
0 0 229 119 102 2550 1096 0 0 0 14 352 920 2800 10 0 0 0 334 2794 284 678 6 0
2314 212 290 314 96 652 218 0 2394 231 187 365 418 501 0 0 2513 256 250 1055 22 0 0 0
117 287 253 253 143 2649 393 1 197 250 152 348 1637 1505 7 0 337 203 1239 2172 137 3 5 0
0 0 0 8 24 3899 165 0 0 0 0 16 3167 913 0 0 0 3 2797 1293 3 0 0 0
0 0 0 2 6 3717 371 0 0 0 1 2 2132 1961 0 0 0 0 2323 1533 134 106 0 0
0 0 0 0 0 3559 537 0 0 0 0 0 2155 1941 0 0 0 0 1936 1740 214 206 0 0
0 0 0 0 29 3805 262 0 0 0 0 0 2184 1912 0 0 0 0 2114 1614 178 190 0 0
0 0 0 0 224 3588 284 0 0 63 143 59 2323 1508 0 0 7 205 1855 1638 171 220 0 0
0 0 0 0 0 241 3855 0 0 0 0 0 32 3846 218 0 0 0 0 3271 604 88 133 0
0 0 0 0 5 794 3297 0 0 0 0 5 541 3550 0 0 0 0 101 3671 324 0 0 0
0 0 0 0 0 528 3568 0 0 0 0 0 426 3658 12 0 0 0 18 3532 546 0 0 0
0 0 0 0 0 749 3347 0 0 0 0 0 580 3516 0 0 0 0 37 3378 681 0 0 0
0 0 0 0 0 115 3981 0 0 0 0 0 53 4043 0 0 0 0 4 3484 608 0 0 0
0 0 0 0 0 122 3974 0 0 0 0 0 21 4075 0 0 0 0 0 3319 777 0 0 0
0 0 0 0 0 165 3931 0 0 0 0 0 54 4041 1 0 0 0 18 3832 246 0 0 0
0 0 0 0 0 108 3988 0 0 0 0 0 49 4028 19 0 0 0 8 3631 457 0 0 0
0 0 0 0 0 353 3743 0 0 0 0 0 102 3750 244 0 0 0 17 3518 277 118 166 0
0 0 0 0 0 679 3417 0 0 0 0 0 300 2849 947 0 0 0 70 2637 326 424 639 0
0 0 0 0 4 326 3766 0 0 0 0 4 184 3864 44 0 0 0 115 3455 480 28 18 0
0 0 0 0 0 308 3788 0 0 0 0 0 246 3828 22 0 0 0 124 3607 343 22 0 0
0 0 0 0 0 751 3345 0 0 0 0 0 450 3404 242 0 0 0 190 3462 157 263 24 0
0 0 0 0 0 482 3614 0 0 0 0 0 169 3647 280 0 0 0 39 3496 220 265 76 0
0 0 0 0 0 356 3740 0 0 0 0 0 172 3674 250 0 0 0 93 3389 252 332 30 0
0 0 0 45 30 824 3197 0 0 0 0 47 264 3533 252 0 0 0 71 3370 265 342 48 0
0 0 0 192 82 340 3482 0 0 0 0 198 106 3689 103 0 0 0 13 3433 359 280 11 0
0 0 0 195 86 139 3676 0 0 0 0 198 105 3793 0 0 0 0 2 3908 186 0 0 0
2438 224 102 146 58 98 1030 0 2542 174 124 99 56 1101 0 0 2653 191 47 1166 39 0 0 0
25 230 121 316 148 860 2396 0 88 187 39 402 334 3046 0 0 258 60 64 3488 226 0 0 0
0 0 269 587 264 1502 1474 0 0 0 3 890 599 2604 0 0 0 0 98 3526 470 2 0 0
0 0 269 241 98 1884 1604 0 0 0 3 520 902 2671 0 0 0 0 827 2836 433 0 0 0
0 0 0 0 0 1947 2149 0 0 0 0 0 991 3105 0 0 0 0 972 3124 0 0 0 0
0 0 0 0 2 2310 1784 0 0 0 0 0 1320 2776 0 0 0 0 1340 2756 0 0 0 0
0 0 0 0 0 2377 1719 0 0 0 0 0 1267 2829 0 0 0 0 1285 2811 0 0 0 0
0 0 0 0 0 78 4017 1 0 0 0 0 23 3824 249 0 0 0 0 1957 1898 104 137 0
0 0 0 0 0 144 3952 0 0 0 0 0 81 3647 368 0 0 0 19 2586 1104 185 202 0
0 0 0 0 0 126 3970 0 0 0 0 0 78 3467 551 0 0 0 21 1922 1708 263 182 0
0 0 0 79 55 209 3753 0 0 0 0 44 189 3489 374 0 0 0 0 1267 2426 197 206 0
0 0 0 185 111 170 3630 0 0 0 0 120 196 3456 324 0 0 0 0 857 2819 261 159 0
0 0 0 181 117 590 3208 0 0 0 0 144 580 3056 316 0 0 0 74 1774 1858 202 188 0
0 0 0 201 97 303 3495 0 0 0 0 188 196 3420 292 0 0 0 13 1244 2463 226 150 0
0 0 0 200 100 164 3632 0 0 0 0 191 117 3418 370 0 0 0 0 2228 1486 245 137 0
0 0 0 204 88 185 3618 1 0 0 0 183 152 3422 339 0 0 0 8 2179 1568 251 90 0
0 0 0 214 92 607 3183 0 0 0 0 213 397 3165 321 0 0 0 145 2263 1305 228 155 0
0 0 0 215 93 251 3537 0 0 0 0 210 103 2532 1251 0 0 0 6 1493 1250 481 866 0
0 0 0 199 92 168 3637 0 0 0 0 186 115 2482 1313 0 0 0 0 1234 2239 354 269 0
0 0 0 206 98 442 3350 0 0 0 0 212 332 3434 118 0 0 0 101 2856 1118 21 0 0
0 0 0 208 98 353 3437 0 0 0 0 219 155 3711 11 0 0 0 10 3694 392 0 0 0
0 0 0 207 101 241 3547 0 0 0 0 217 121 3747 11 0 0 0 11 3632 453 0 0 0
0 0 0 144 68 80 3804 0 0 0 0 151 73 3871 1 0 0 0 0 3843 253 0 0 0
0 0 0 0 4 56 4036 0 0 0 0 0 39 4047 10 0 0 0 21 3376 699 0 0 0
0 0 0 0 0 0 4096 0 0 0 0 0 0 4078 18 0 0 0 0 3893 203 0 0 0
2272 304 74 94 32 42 1278 0 2388 232 119 28 33 1290 6 0 2563 187 30 1261 55 0 0 0
12 328 58 19 19 91 3569 0 75 296 44 14 68 3587 12 0 380 39 58 3573 46 0 0 0
0 0 0 0 0 94 4002 0 0 0 0 0 2 4081 13 0 0 0 2 3942 152 0 0 0
0 0 254 137 62 340 3303 0 0 0 0 387 107 3601 1 0 0 0 35 3603 458 0 0 0
0 0 734 225 58 379 2700 0 0 0 0 955 171 2967 3 0 0 0 69 3052 974 1 0 0
0 0 0 0 0 342 3754 0 0 0 0 0 115 3981 0 0 0 0 135 3961 0 0 0 0
0 0 0 0 0 278 3818 0 0 0 0 0 30 4066 0 0 0 0 109 3987 0 0 0 0
0 0 0 194 109 228 3565 0 0 0 0 146 255 3326 369 0 0 0 12 1439 2641 4 0 0
0 0 0 198 118 148 3632 0 0 0 0 167 195 3077 657 0 0 0 0 1609 2474 13 0 0
0 0 3 204 101 161 3626 1 0 0 0 170 178 3599 149 0 0 0 25 3131 940 0 0 0
0 0 0 83 78 93 3842 0 0 0 0 38 151 3424 483 0 0 0 8 1788 2286 14 0 0
0 0 0 0 0 2 4092 2 0 0 0 0 0 3313 783 0 0 0 0 104 3992 0 0 0
0 0 0 0 0 27 4059 10 0 0 0 0 65 2124 1907 0 0 0 3 579 3512 2 0 0
0 0 0 0 0 187 3909 0 0 0 0 0 165 3696 235 0 0 0 28 3232 836 0 0 0
0 0 0 0 0 79 4017 0 0 0 0 0 50 4046 0 0 0 0 0 3468 628 0 0 0
0 0 0 0 0 14 4081 1 0 0 0 0 5 4000 91 0 0 0 1 3250 845 0 0 0
0 0 0 0 0 0 4096 0 0 0 0 0 0 3778 318 0 0 0 0 1699 2397 0 0 0
0 0 0 0 0 0 4096 0 0 0 0 0 0 4063 33 0 0 0 0 3069 1027 0 0 0
0 0 0 0 0 1 4095 0 0 0 0 0 0 2647 1449 0 0 0 0 1175 1795 238 888 0
0 0 0 0 0 11 4085 0 0 0 0 0 3 2918 1175 0 0 0 0 1042 2410 116 527 1
0 0 0 0 0 3 4093 0 0 0 0 0 0 3940 156 0 0 0 0 1792 2304 0 0 0
0 0 0 0 0 0 4096 0 0 0 0 0 0 4047 49 0 0 0 0 3499 597 0 0 0
0 0 0 0 0 24 4071 1 0 0 0 0 9 3914 173 0 0 0 3 3178 915 0 0 0
0 0 0 0 0 1 4095 0 0 0 0 0 0 4045 51 0 0 0 0 3738 358 0 0 0
0 0 0 0 0 1 4095 0 0 0 0 0 0 4026 70 0 0 0 0 3673 423 0 0 0
1749 715 68 112 20 44 1388 0 2259 260 104 36 37 1378 22 0 2362 266 49 1224 195 0 0 0
0 381 99 32 26 107 3451 0 17 461 23 35 92 3445 23 0 477 32 108 3365 114 0 0 0
0 0 119 248 61 337 3331 0 0 0 0 351 292 3362 91 0 0 0 177 3262 635 22 0 0
0 0 460 571 107 149 2809 0 0 0 0 1004 144 2703 245 0 0 0 0 2322 1759 15 0 0
0 0 76 66 19 23 3910 2 0 0 0 141 21 3520 414 0 0 0 0 2898 1195 3 0 0
0 0 16 134 39 64 3843 0 0 0 0 145 64 3864 23 0 0 0 3 3296 795 2 0 0
0 0 24 405 102 131 3434 0 0 0 0 387 158 3539 12 0 0 0 0 3230 854 12 0 0
0 0 64 561 106 142 3221 2 0 0 0 353 389 1946 1408 0 0 0 0 607 3249 240 0 0
0 0 43 341 76 110 3525 1 0 0 0 286 192 2624 994 0 0 0 0 1697 2291 108 0 0
0 0 0 0 4 83 4009 0 0 0 0 0 67 3720 309 0 0 0 60 3322 714 0 0 0
0 0 0 0 0 16 4080 0 0 0 0 0 6 4055 35 0 0 0 0 3323 773 0 0 0
0 0 0 0 0 21 4068 7 0 0 0 0 21 3044 1031 0 0 0 0 496 3600 0 0 0
0 0 0 0 0 3 4074 19 0 0 0 0 2 1914 2180 0 0 0 0 612 3474 10 0 0
0 0 0 0 0 9 4087 0 0 0 0 0 21 3032 1043 0 0 0 3 1173 2920 0 0 0
0 0 0 0 0 35 4060 1 0 0 0 0 16 3953 127 0 0 0 2 3185 909 0 0 0
0 0 0 0 0 30 4066 0 0 0 0 0 13 3235 848 0 0 0 0 1724 2372 0 0 0
0 0 0 0 0 3 4067 26 0 0 0 0 1 3189 906 0 0 0 0 1580 2516 0 0 0
0 0 0 0 0 2 4093 1 0 0 0 0 1 3246 849 0 0 0 0 1191 2905 0 0 0
0 0 0 0 0 0 4089 7 0 0 0 0 0 2910 1186 0 0 0 0 878 3218 0 0 0
0 0 0 0 0 1 4090 5 0 0 0 0 0 2280 1816 0 0 0 0 154 3114 149 676 3
0 0 0 0 0 11 4083 2 0 0 0 0 0 1707 2389 0 0 0 0 361 2588 213 934 0
0 0 0 0 0 36 4054 6 0 0 0 0 0 3108 988 0 0 0 0 1871 2225 0 0 0
0 0 0 3 5 21 4066 1 0 0 0 2 10 3984 100 0 0 0 0 3047 1045 4 0 0
0 0 2 375 49 56 3614 0 0 0 0 158 275 3480 183 0 0 0 0 2447 1523 126 0 0
0 0 32 809 133 110 3012 0 0 0 0 399 582 3091 24 0 0 0 0 2604 1196 296 0 0
1438 858 143 429 106 138 984 0 2134 273 85 274 261 1068 1 0 2247 216 115 962 484 72 0 0
0 480 184 729 192 245 2266 0 64 489 45 677 359 2435 27 0 522 76 23 1935 1502 38 0 0
0 0 105 586 138 167 3091 9 0 0 0 572 284 2590 650 0 0 0 10 1930 2084 72 0 0
0 0 46 373 92 244 3332 9 0 0 0 382 225 2474 1015 0 0 0 84 2079 1847 86 0 0
0 0 47 369 91 143 3439 7 0 0 0 380 149 3239 328 0 0 0 13 2877 1195 11 0 0
0 0 46 227 58 124 3618 23 0 0 0 253 112 2870 861 0 0 0 31 2087 1871 96 11 0
0 0 0 0 1 107 3988 0 0 0 0 0 77 3173 846 0 0 0 65 2457 1574 0 0 0
0 0 0 0 0 0 4095 1 0 0 0 0 0 3118 978 0 0 0 0 660 3436 0 0 0
0 0 2 133 33 64 3861 3 0 0 0 102 74 3454 466 0 0 0 0 1694 2362 40 0 0
0 0 98 391 90 184 3332 1 0 0 0 454 206 3415 21 0 0 2 45 2905 1095 49 0 0
0 0 25 462 140 178 3290 1 0 0 0 384 276 3077 359 0 0 0 2 1877 2165 52 0 0
0 0 25 631 136 152 3151 1 0 0 0 378 427 1990 1301 0 0 0 0 492 3316 288 0 0
0 0 27 767 144 177 2964 17 0 0 0 394 554 1643 1505 0 0 0 0 667 2985 444 0 0
0 0 28 751 171 164 2971 11 0 0 0 521 435 1465 1675 0 0 0 0 248 3311 537 0 0
0 0 5 739 184 202 2959 7 0 0 0 222 708 2489 677 0 0 0 0 850 2908 338 0 0
0 0 8 761 169 211 2945 2 0 0 0 368 582 2558 588 0 0 0 0 236 3609 251 0 0
0 0 12 784 172 192 2936 0 0 0 0 581 451 2131 933 0 0 0 9 569 3213 303 2 0
0 0 12 733 93 104 3153 1 0 0 0 148 693 2355 900 0 0 0 0 620 3039 437 0 0
0 0 3 566 103 119 3304 1 0 0 0 187 491 2392 1026 0 0 0 0 526 3310 260 0 0
0 0 0 459 97 108 3432 0 0 0 0 65 489 2464 1078 0 0 0 0 306 3557 233 0 0
0 0 0 397 94 110 3467 28 0 0 0 48 445 1787 1816 0 0 0 0 218 3278 329 240 31
0 0 0 409 107 121 3429 30 0 0 0 47 456 532 3061 0 0 0 0 33 2346 586 1041 90
0 0 4 469 111 111 3332 69 0 0 0 59 529 1059 2448 1 0 0 0 410 3314 304 58 10
0 0 0 266 53 53 3683 41 0 0 0 47 275 3174 600 0 0 0 0 1484 2486 126 0 0
0 0 0 1 6 19 4056 14 0 0 0 0 13 3866 217 0 0 0 2 2806 1288 0 0 0
1333 868 122 71 82 64 1517 39 1909 341 130 121 51 1184 360 0 2143 207 149 1127 468 2 0 0
25 479 156 28 42 463 2823 80 77 585 390 91 161 2557 235 0 629 429 193 2635 210 0 0 0
0 0 0 0 0 513 3518 65 0 42 422 73 109 3393 57 0 0 477 105 3117 397 0 0 0
0 0 0 0 7 482 3498 109 0 104 353 68 68 2769 734 0 3 468 79 2072 1474 0 0 0
0 0 0 0 4 480 3510 102 0 28 411 70 70 2239 1278 0 0 443 90 1361 2202 0 0 0
0 0 0 0 11 477 3457 151 0 14 424 72 70 2082 1434 0 0 446 84 1196 2337 33 0 0
0 0 0 0 10 479 3493 114 0 12 426 68 64 3037 489 0 0 449 78 1555 2014 0 0 0
0 0 9 384 86 97 3520 0 0 0 0 168 312 2844 772 0 0 0 0 515 3329 252 0 0
0 0 9 387 95 105 3500 0 0 0 0 259 239 3523 75 0 0 0 0 2780 1272 44 0 0
0 0 37 360 96 92 3511 0 0 0 0 289 210 3422 175 0 0 0 0 2909 1085 102 0 0
0 0 43 307 46 79 3621 0 0 0 0 277 132 3517 170 0 0 0 0 2485 1586 25 0 0
0 0 1 160 45 52 3836 2 0 0 0 126 79 3142 749 0 0 0 0 1706 2356 34 0 0
0 0 0 6 10 17 4054 9 0 0 0 1 15 2613 1467 0 0 0 0 893 3158 45 0 0
0 0 0 0 0 18 3558 520 0 0 0 0 2 1156 2938 0 0 0 0 266 3794 36 0 0
0 0 0 0 0 0 4077 19 0 0 0 0 0 2384 1712 0 0 0 0 466 3630 0 0 0
0 0 0 0 0 16 4008 72 0 0 9 9 6 1497 2575 0 0 7 11 115 3963 0 0 0
0 0 0 0 0 232 3735 129 0 0 310 46 30 1685 2025 0 0 266 91 38 3687 14 0 0
0 0 0 0 0 398 3528 170 0 16 464 66 70 1131 2349 0 0 413 133 96 3453 1 0 0
0 0 0 0 0 377 3474 245 0 1 464 74 69 1594 1894 0 0 374 170 90 3462 0 0 0
0 0 0 0 0 409 3490 197 0 0 465 75 70 2049 1437 0 0 323 214 363 3192 4 0 0
0 0 0 0 0 388 3499 209 0 0 453 79 73 1808 1683 0 0 283 259 299 3255 0 0 0
0 0 0 0 0 355 3551 190 0 0 444 83 66 1074 2429 0 0 270 261 247 3168 38 110 2
0 0 0 0 3 96 3766 231 0 0 100 32 32 460 3464 8 0 61 70 69 2122 288 1356 130
0 0 0 0 0 375 3482 239 0 0 441 83 76 1468 2023 5 0 365 167 221 2928 50 253 112
0 0 0 0 0 410 3588 98 0 16 450 71 69 2907 583 0 0 458 98 1220 2320 0 0 0
1246 829 90 97 118 191 1485 40 1618 496 276 150 57 1370 129 0 2019 305 203 689 880 0 0 0
27 587 139 39 17 47 3200 40 185 552 49 18 42 2832 416 2 717 80 16 2425 853 3 2 0
0 0 0 0 0 11 4077 8 0 0 0 0 7 3407 682 0 0 0 0 3060 1036 0 0 0
0 0 0 0 0 10 4086 0 0 0 0 0 3 3768 325 0 0 0 1 2928 1167 0 0 0
0 0 0 0 0 0 4096 0 0 0 0 0 0 2933 1163 0 0 0 0 1024 3072 0 0 0
0 0 0 0 0 0 4082 14 0 0 0 0 0 2388 1708 0 0 0 0 1063 3033 0 0 0
0 0 0 0 0 0 4018 78 0 0 0 0 0 1246 2850 0 0 0 0 297 3799 0 0 0
0 0 0 0 2 389 3638 67 0 37 349 35 32 2887 756 0 0 379 43 1533 2141 0 0 0
0 0 0 0 9 568 3459 60 0 202 327 63 72 3251 181 0 1 527 72 1877 1619 0 0 0
0 0 0 0 46 550 3467 33 0 258 281 73 86 3385 13 0 5 543 81 3060 407 0 0 0
0 0 0 0 27 551 3422 96 0 290 232 62 57 2859 596 0 8 524 68 1858 1638 0 0 0
0 0 0 0 13 538 3432 113 0 169 348 65 73 2336 1105 0 2 507 88 1526 1972 1 0 0
0 0 0 0 3 527 3481 85 0 132 386 65 91 2195 1227 0 0 517 80 1428 2071 0 0 0
0 0 0 0 8 453 3377 258 0 28 469 76 77 1064 2382 0 0 484 100 141 3370 1 0 0
0 0 0 0 0 485 3399 212 0 82 426 59 72 2638 819 0 0 498 71 653 2867 7 0 0
0 0 0 0 0 451 3531 114 0 27 456 61 54 2111 1387 0 0 463 84 476 3073 0 0 0
0 0 0 0 0 143 3880 73 0 0 171 39 34 1631 2221 0 0 119 91 57 3829 0 0 0
0 0 0 0 0 1 4045 50 0 0 0 0 0 1358 2738 0 0 0 0 13 4083 0 0 0
0 0 0 0 0 5 4046 45 0 0 0 0 0 1316 2780 0 0 0 0 202 3894 0 0 0
0 0 0 0 0 0 4063 33 0 0 0 0 0 1463 2633 0 0 0 0 36 4060 0 0 0
0 0 0 0 0 0 3966 130 0 0 0 0 0 1465 2631 0 0 0 0 89 3995 12 0 0
0 0 0 0 0 9 4040 47 0 0 0 0 6 2142 1948 0 0 0 2 81 4013 0 0 0
0 0 0 0 0 7 4069 20 0 0 0 0 5 2435 1656 0 0 0 0 274 3818 4 0 0
0 0 0 0 0 0 4039 57 0 0 0 0 0 569 3524 3 0 0 0 22 2567 233 1100 174
0 0 0 0 0 0 4042 54 0 0 0 0 0 527 3560 9 0 0 0 32 3062 183 581 238
1054 926 71 107 92 49 1757 40 1407 606 60 144 59 898 900 22 1787 262 125 302 1575 14 14 17
147 570 141 25 31 23 3136 23 268 568 36 33 21 2464 694 12 794 90 28 1644 1510 13 10 7
0 0 0 0 0 1 4095 0 0 0 0 0 0 3535 561 0 0 0 0 3075 1021 0 0 0
0 0 0 0 0 0 4089 7 0 0 0 0 0 3249 847 0 0 0 0 2863 1233 0 0 0
0 0 0 0 0 31 4060 5 0 0 0 0 3 3897 196 0 0 0 7 3604 485 0 0 0
0 0 0 0 0 2 4094 0 0 0 0 0 0 3716 380 0 0 0 0 2561 1535 0 0 0
0 0 0 0 0 0 4094 2 0 0 0 0 0 3242 854 0 0 0 0 1944 2152 0 0 0
0 0 0 0 2 166 3838 90 0 5 144 28 27 2573 1319 0 0 141 38 543 3374 0 0 0
0 0 0 0 0 2 4015 79 0 0 0 0 0 1684 2412 0 0 0 0 234 3862 0 0 0
0 0 0 0 1 13 4081 1 0 0 0 1 14 3612 469 0 0 0 12 2762 1322 0 0 0
0 0 0 0 0 1 4094 1 0 0 0 0 0 1671 2425 0 0 0 0 577 3519 0 0 0
0 0 0 0 0 4 4083 9 0 0 0 0 0 2558 1538 0 0 0 0 1379 2717 0 0 0
0 0 0 0 0 7 4088 1 0 0 0 0 4 3899 193 0 0 0 0 3534 562 0 0 0
0 0 0 0 0 0 3981 115 0 0 0 0 0 703 3393 0 0 0 0 149 3947 0 0 0
0 0 0 0 0 0 4019 77 0 0 0 0 0 977 3119 0 0 0 0 117 3979 0 0 0
0 0 0 0 0 20 4076 0 0 0 0 0 12 2517 1567 0 0 0 3 441 3652 0 0 0
0 0 0 0 0 0 3882 214 0 0 0 0 0 1264 2832 0 0 0 0 71 4025 0 0 0
0 0 0 0 0 0 4073 23 0 0 0 0 0 2716 1380 0 0 0 0 25 4071 0 0 0
0 0 0 0 0 1 4075 20 0 0 0 0 0 2395 1701 0 0 0 0 99 3997 0 0 0
0 0 0 0 0 0 3966 130 0 0 0 0 0 2293 1803 0 0 0 0 37 4052 7 0 0
0 0 0 0 0 0 4002 94 0 0 0 0 0 1899 2197 0 0 0 0 46 4050 0 0 0
0 0 0 0 0 0 4070 26 0 0 0 0 0 1646 2450 0 0 0 0 13 4082 1 0 0
0 0 0 0 0 0 4074 22 0 0 0 0 0 1998 2098 0 0 0 0 297 3799 0 0 0
0 0 0 0 0 3 4077 16 0 0 0 0 1 2862 1233 0 0 0 0 1476 2620 0 0 0
0 0 0 0 0 3 4039 54 0 0 0 0 2 1291 2802 1 0 0 0 345 2661 155 713 222
797 1100 68 134 69 181 1652 95 1407 506 117 109 124 254 1555 24 1659 289 140 204 829 178 579 218
146 646 161 30 35 222 2689 167 336 585 51 26 191 1718 1189 0 834 144 41 937 2137 3 0 0
0 0 0 0 0 4 4046 46 0 0 0 0 0 2911 1185 0 0 0 0 1836 2260 0 0 0
0 0 0 0 0 29 4066 1 0 0 0 0 10 3262 824 0 0 0 11 3154 931 0 0 0
0 0 0 0 0 81 4012 3 0 0 0 0 73 3516 507 0 0 0 64 2924 1108 0 0 0
0 0 0 0 0 3 4087 6 0 0 0 0 2 3135 959 0 0 0 0 2399 1697 0 0 0
0 0 0 0 7 17 4027 45 0 0 0 7 16 2424 1649 0 0 5 10 1338 2743 0 0 0
0 0 0 0 0 0 4077 19 0 0 0 0 0 2570 1526 0 0 0 0 919 3177 0 0 0
0 0 0 0 0 0 3919 177 0 0 0 0 0 344 3752 0 0 0 0 69 4026 1 0 0
0 0 0 0 0 26 4054 16 0 0 0 0 8 2452 1636 0 0 0 0 1088 3008 0 0 0
0 0 0 0 0 7 4085 4 0 0 0 0 9 2803 1284 0 0 0 3 2236 1857 0 0 0
0 0 0 0 0 0 4080 16 0 0 0 0 0 1888 2208 0 0 0 0 1315 2781 0 0 0
0 0 0 0 0 7 4087 2 0 0 0 0 4 3961 131 0 0 0 0 3794 302 0 0 0
0 0 0 0 0 0 4069 27 0 0 0 0 0 921 3175 0 0 0 0 553 3543 0 0 0
0 0 0 1 4 22 3812 257 0 0 0 4 18 1104 2970 0 0 2 12 202 3880 0 0 0
0 0 0 0 0 0 4071 25 0 0 0 0 0 2101 1995 0 0 0 0 488 3608 0 0 0
0 0 0 0 0 0 3919 177 0 0 0 0 0 895 3201 0 0 0 0 130 3966 0 0 0
0 0 0 0 0 0 3660 436 0 0 0 0 0 539 3557 0 0 0 0 0 4096 0 0 0
0 0 0 0 0 2 4052 42 0 0 0 0 0 930 3166 0 0 0 0 3 4093 0 0 0
0 0 0 0 0 0 3982 114 0 0 0 0 0 668 3428 0 0 0 0 0 4096 0 0 0
0 0 0 0 0 0 3667 429 0 0 0 0 0 113 3983 0 0 0 0 1 4092 3 0 0
0 0 0 0 0 0 3932 164 0 0 0 0 0 1188 2908 0 0 0 0 17 4068 11 0 0
0 0 0 0 0 0 3802 294 0 0 0 0 0 313 3783 0 0 0 0 11 4073 12 0 0
0 0 0 0 0 0 4004 92 0 0 0 0 0 862 3234 0 0 0 0 282 3814 0 0 0
0 0 0 0 10 116 3951 19 0 0 0 0 69 2431 1596 0 0 0 10 1044 3042 0 0 0
669 187 93 100 177 813 2057 0 727 153 92 123 655 2009 337 0 774 163 219 1099 1841 0 0 0
471 166 97 86 202 887 2169 18 489 178 81 106 687 1218 1332 5 593 116 134 1270 843 123 804 213
0 0 0 0 0 0 3933 163 0 0 0 0 0 2052 2042 2 0 0 0 589 3375 43 60 29
0 0 0 0 0 17 3894 185 0 0 0 0 14 1451 2631 0 0 0 7 695 3392 2 0 0
0 0 0 0 0 2 3948 146 0 0 0 0 0 2894 1202 0 0 0 0 2174 1921 1 0 0
0 0 0 0 0 1 4091 4 0 0 0 0 0 3652 444 0 0 0 11 3061 1024 0 0 0
0 0 0 0 1 6 4062 27 0 0 0 0 3 3061 1032 0 0 0 3 2063 2030 0 0 0
0 0 0 0 0 0 4081 15 0 0 0 0 0 1843 2253 0 0 0 0 20 4076 0 0 0
0 0 0 0 0 0 4000 96 0 0 0 0 0 3311 785 0 0 0 0 1512 2584 0 0 0
0 0 0 0 0 79 4013 4 0 0 0 0 66 2005 2025 0 0 0 33 1510 2553 0 0 0
0 0 0 0 0 5 4082 9 0 0 0 0 5 2336 1755 0 0 0 5 1828 2263 0 0 0
0 0 0 0 0 0 4043 53 0 0 0 0 0 1818 2278 0 0 0 0 2580 1516 0 0 0
0 0 0 0 0 0 3851 245 0 0 0 0 0 3188 908 0 0 0 21 3339 736 0 0 0
0 0 0 0 0 3 3482 611 0 0 0 0 1 418 3677 0 0 0 0 356 3735 5 0 0
0 0 0 0 0 0 3375 721 0 0 0 0 0 768 3328 0 0 0 0 656 3439 1 0 0
0 0 0 0 0 0 3600 496 0 0 0 0 0 658 3438 0 0 0 0 169 3927 0 0 0
0 0 0 0 0 0 4064 32 0 0 0 0 0 1974 2122 0 0 0 0 877 3219 0 0 0
0 0 0 0 0 0 3777 319 0 0 0 0 0 33 4063 0 0 0 0 0 4068 28 0 0
0 0 0 0 0 0 3636 460 0 0 0 0 0 112 3984 0 0 0 0 13 4080 3 0 0
0 0 0 0 0 0 3876 220 0 0 0 0 0 172 3924 0 0 0 0 0 4096 0 0 0
0 0 0 0 0 0 3731 365 0 0 0 0 0 343 3753 0 0 0 0 12 4079 5 0 0
0 0 0 0 0 2 2330 1764 0 0 0 0 0 756 3340 0 0 0 0 5 3848 243 0 0
0 0 0 0 0 0 3722 374 0 0 0 0 0 1709 2387 0 0 0 0 21 3955 120 0 0
0 0 0 0 0 0 3729 367 0 0 0 0 0 194 3902 0 0 0 0 2 4087 7 0 0
0 0 0 0 0 0 4056 40 0 0 0 0 0 2098 1998 0 0 0 0 367 3725 4 0 0
0 0 0 0 0 8 3892 196 0 0 0 0 9 2017 2070 0 0 0 0 335 3761 0 0 0
0 0 0 0 0 0 3976 120 0 0 0 0 0 652 3434 10 0 0 0 169 3667 45 128 87
0 0 0 0 0 0 3709 387 0 0 0 0 0 653 3427 16 0 0 0 194 1713 274 1346 569
0 0 0 0 0 5 3844 247 0 0 0 0 0 935 3152 9 0 0 0 230 3403 77 222 164
0 0 0 0 0 2 3283 811 0 0 0 0 0 1653 2443 0 0 0 0 562 3500 34 0 0
0 0 0 0 0 65 3719 312 0 0 0 0 51 2196 1848 1 0 0 21 1846 2160 69 0 0
0 0 0 0 0 2 4080 14 0 0 0 0 2 2892 1202 0 0 0 10 1885 2201 0 0 0
