0 0 1457 2625 14 0 0 0 0 0 3992 104 0 0 0 0 0 2139 1908 49 0 0 0 0
0 0 73 3974 49 0 0 0 0 0 2833 1263 0 0 0 0 0 1159 1956 981 0 0 0 0
0 0 53 4043 0 0 0 0 0 0 1425 2671 0 0 0 0 0 878 2377 841 0 0 0 0
0 0 0 4096 0 0 0 0 0 0 211 3885 0 0 0 0 0 89 3878 129 0 0 0 0
0 0 0 4096 0 0 0 0 0 0 468 3628 0 0 0 0 0 0 4090 6 0 0 0 0
0 0 0 4096 0 0 0 0 0 0 1853 2243 0 0 0 0 0 73 4023 0 0 0 0 0
0 0 0 4096 0 0 0 0 0 0 2800 1296 0 0 0 0 0 115 3981 0 0 0 0 0
0 0 0 4096 0 0 0 0 0 0 3406 690 0 0 0 0 0 126 3970 0 0 0 0 0
0 0 0 4096 0 0 0 0 0 0 3422 674 0 0 0 0 0 261 3835 0 0 0 0 0
0 0 0 4096 0 0 0 0 0 0 2513 1583 0 0 0 0 0 123 3973 0 0 0 0 0
0 0 0 4096 0 0 0 0 0 0 2362 1734 0 0 0 0 0 120 3976 0 0 0 0 0
0 0 0 4096 0 0 0 0 0 0 2583 1513 0 0 0 0 0 221 3875 0 0 0 0 0
0 0 0 4096 0 0 0 0 0 0 1926 2170 0 0 0 0 0 95 4001 0 0 0 0 0
0 0 40 4056 0 0 0 0 0 0 2389 1707 0 0 0 0 0 315 3781 0 0 0 0 0
0 0 0 4096 0 0 0 0 0 0 2376 1720 0 0 0 0 0 163 3933 0 0 0 0 0
0 0 0 4096 0 0 0 0 0 0 2280 1816 0 0 0 0 0 118 3978 0 0 0 0 0
0 0 0 4096 0 0 0 0 0 0 2187 1909 0 0 0 0 0 43 4053 0 0 0 0 0
0 0 0 4096 0 0 0 0 0 0 2039 2057 0 0 0 0 0 0 4096 0 0 0 0 0
0 0 0 4096 0 0 0 0 0 0 733 3363 0 0 0 0 0 0 4095 1 0 0 0 0
0 0 0 4096 0 0 0 0 0 0 2 4094 0 0 0 0 0 0 3932 164 0 0 0 0
0 0 0 4096 0 0 0 0 0 0 0 4096 0 0 0 0 0 0 3464 632 0 0 0 0
0 0 0 4096 0 0 0 0 0 0 8 4088 0 0 0 0 0 0 3919 177 0 0 0 0
0 0 0 4096 0 0 0 0 0 0 61 4035 0 0 0 0 0 7 4057 32 0 0 0 0
0 0 0 4096 0 0 0 0 0 0 277 3819 0 0 0 0 0 0 4044 52 0 0 0 0
0 0 0 4096 0 0 0 0 0 0 113 3983 0 0 0 0 0 0 3975 121 0 0 0 0
0 0 0 4066 30 0 0 0 0 0 31 4065 0 0 0 0 0 0 3785 311 0 0 0 0
0 0 0 4006 90 0 0 0 0 0 3 4093 0 0 0 0 0 0 3386 710 0 0 0 0
0 0 0 3983 113 0 0 0 0 0 0 4096 0 0 0 0 0 0 3095 1001 0 0 0 0
0 0 0 3973 123 0 0 0 0 0 0 4096 0 0 0 0 0 0 2391 1705 0 0 0 0
0 0 0 3933 163 0 0 0 0 0 0 4096 0 0 0 0 0 0 2392 1704 0 0 0 0
0 0 0 4040 56 0 0 0 0 0 295 3801 0 0 0 0 0 145 3026 925 0 0 0 0
0 0 2 4085 9 0 0 0 0 0 1204 2892 0 0 0 0 0 774 2591 731 0 0 0 0
0 0 114 3982 0 0 0 0 0 0 1983 2113 0 0 0 0 0 1524 2182 390 0 0 0 0
0 0 138 3958 0 0 0 0 0 0 2826 1270 0 0 0 0 0 2218 1669 209 0 0 0 0
0 0 1200 2896 0 0 0 0 0 4 3676 416 0 0 0 0 0 3361 711 24 0 0 0 0
0 0 3749 347 0 0 0 0 0 0 4096 0 0 0 0 0 0 2820 1276 0 0 0 0 0
0 46 2408 1642 0 0 0 0 0 81 4015 0 0 0 0 0 32 2852 1212 0 0 0 0 0
0 0 930 3166 0 0 0 0 0 0 4096 0 0 0 0 0 0 2645 1451 0 0 0 0 0
0 0 238 3858 0 0 0 0 0 0 3935 161 0 0 0 0 0 2439 1657 0 0 0 0 0
0 0 113 3983 0 0 0 0 0 0 2773 1323 0 0 0 0 0 1840 2254 2 0 0 0 0
0 0 31 4065 0 0 0 0 0 0 1377 2719 0 0 0 0 0 976 3120 0 0 0 0 0
0 0 0 4094 2 0 0 0 0 0 177 3919 0 0 0 0 0 89 4003 4 0 0 0 0
0 0 0 4096 0 0 0 0 0 0 64 4032 0 0 0 0 0 0 4096 0 0 0 0 0
0 0 0 4096 0 0 0 0 0 0 290 3806 0 0 0 0 0 0 4095 1 0 0 0 0
0 0 0 4096 0 0 0 0 0 0 122 3974 0 0 0 0 0 0 4096 0 0 0 0 0
0 0 0 4096 0 0 0 0 0 0 118 3978 0 0 0 0 0 3 4093 0 0 0 0 0
0 0 0 4095 1 0 0 0 0 0 157 3939 0 0 0 0 0 1 4095 0 0 0 0 0
0 0 0 4096 0 0 0 0 0 0 64 4032 0 0 0 0 0 0 4096 0 0 0 0 0
0 0 22 4074 0 0 0 0 0 0 274 3822 0 0 0 0 0 125 3971 0 0 0 0 0
0 0 0 4095 1 0 0 0 0 0 52 4044 0 0 0 0 0 0 4096 0 0 0 0 0
0 0 0 4096 0 0 0 0 0 0 50 4046 0 0 0 0 0 0 4096 0 0 0 0 0
0 0 0 4096 0 0 0 0 0 0 34 4062 0 0 0 0 0 0 4096 0 0 0 0 0
0 0 0 4096 0 0 0 0 0 0 50 4046 0 0 0 0 0 0 4096 0 0 0 0 0
0 0 0 4096 0 0 0 0 0 0 10 4086 0 0 0 0 0 0 4091 5 0 0 0 0
0 0 0 4096 0 0 0 0 0 0 1 4095 0 0 0 0 0 0 4026 70 0 0 0 0
0 0 0 4089 7 0 0 0 0 0 0 4096 0 0 0 0 0 0 3737 359 0 0 0 0
0 0 0 3977 119 0 0 0 0 0 0 4096 0 0 0 0 0 0 2637 1459 0 0 0 0
0 0 0 3595 501 0 0 0 0 0 0 4096 0 0 0 0 0 0 1984 2112 0 0 0 0
0 0 0 2733 1363 0 0 0 0 0 0 4096 0 0 0 0 0 0 1222 2874 0 0 0 0
0 0 0 2098 1998 0 0 0 0 0 0 4096 0 0 0 0 0 0 964 3132 0 0 0 0
0 0 0 1741 2355 0 0 0 0 0 230 3866 0 0 0 0 0 13 651 3432 0 0 0 0
0 0 0 2334 1762 0 0 0 0 0 1038 3058 0 0 0 0 0 80 1348 2668 0 0 0 0
0 0 0 3263 833 0 0 0 0 0 1849 2247 0 0 0 0 0 335 1814 1947 0 0 0 0
0 0 3 3813 280 0 0 0 0 0 2694 1402 0 0 0 0 0 758 2347 991 0 0 0 0
0 0 40 3692 75 12 176 101 0 4 3212 580 15 12 11 262 0 554 2731 487 25 15 12 272
0 0 48 3853 25 4 112 54 14 63 3836 13 4 6 12 148 0 1144 2564 81 63 68 9 167
0 0 1347 2749 0 0 0 0 0 0 4096 0 0 0 0 0 0 2894 1202 0 0 0 0 0
0 0 2640 1456 0 0 0 0 0 1 4095 0 0 0 0 0 0 3866 230 0 0 0 0 0
0 0 3849 247 0 0 0 0 0 35 4061 0 0 0 0 0 0 4078 18 0 0 0 0 0
0 0 4096 0 0 0 0 0 0 94 4002 0 0 0 0 0 0 4095 1 0 0 0 0 0
0 0 3459 211 212 214 0 0 0 0 3548 169 215 164 0 0 0 1698 1898 144 214 142 0 0
0 0 4049 47 0 0 0 0 0 0 4096 0 0 0 0 0 0 2684 1412 0 0 0 0 0
0 0 3951 145 0 0 0 0 0 0 4096 0 0 0 0 0 0 2777 1305 14 0 0 0 0
0 0 2429 1352 30 10 172 103 0 129 3672 10 7 9 14 255 0 2302 1099 125 121 159 12 278
0 3 1070 2305 19 12 541 146 1 71 3301 14 14 11 19 665 0 2052 1103 159 59 27 13 683
0 1 1728 2356 2 0 2 7 0 38 4046 1 2 0 2 7 0 3346 722 16 1 2 1 8
0 0 908 3186 2 0 0 0 0 5 3901 190 0 0 0 0 0 3144 952 0 0 0 0 0
0 0 165 3931 0 0 0 0 0 0 2858 1238 0 0 0 0 0 2393 1699 4 0 0 0 0
0 0 293 3802 1 0 0 0 0 0 1863 2233 0 0 0 0 0 1620 2470 6 0 0 0 0
0 0 9 4081 6 0 0 0 0 0 1018 3078 0 0 0 0 0 711 3381 4 0 0 0 0
0 0 1 4039 56 0 0 0 0 0 383 3713 0 0 0 0 0 241 3712 143 0 0 0 0
0 0 0 4061 35 0 0 0 0 0 7 4089 0 0 0 0 0 0 4027 69 0 0 0 0
0 0 0 4052 44 0 0 0 0 0 0 4096 0 0 0 0 0 0 4013 83 0 0 0 0
0 0 0 4008 88 0 0 0 0 0 131 3965 0 0 0 0 0 30 4029 37 0 0 0 0
0 0 0 4012 84 0 0 0 0 0 0 4096 0 0 0 0 0 0 3954 142 0 0 0 0
0 0 0 3771 325 0 0 0 0 0 0 4096 0 0 0 0 0 0 3795 301 0 0 0 0
0 0 0 3656 440 0 0 0 0 0 0 4096 0 0 0 0 0 0 3592 504 0 0 0 0
0 0 0 3517 579 0 0 0 0 0 0 4096 0 0 0 0 0 0 2919 1177 0 0 0 0
0 0 0 3538 558 0 0 0 0 0 0 4096 0 0 0 0 0 0 2879 1217 0 0 0 0
0 0 0 3105 991 0 0 0 0 0 17 4079 0 0 0 0 0 1 1844 2251 0 0 0 0
0 0 0 3023 1073 0 0 0 0 0 436 3660 0 0 0 0 0 49 1439 2608 0 0 0 0
0 0 0 2997 1099 0 0 0 0 0 1139 2957 0 0 0 0 0 88 1346 2662 0 0 0 0
0 0 0 2666 1430 0 0 0 0 0 1902 2194 0 0 0 0 0 56 2031 2009 0 0 0 0
0 0 0 2924 1172 0 0 0 0 0 2705 1391 0 0 0 0 0 16 2874 1206 0 0 0 0
0 0 6 3730 360 0 0 0 0 0 3506 590 0 0 0 0 0 95 3593 408 0 0 0 0
0 0 17 4079 0 0 0 0 0 0 4084 12 0 0 0 0 0 681 3415 0 0 0 0 0
0 0 396 3700 0 0 0 0 0 0 4096 0 0 0 0 0 0 907 3189 0 0 0 0 0
0 0 1274 2822 0 0 0 0 0 1 4095 0 0 0 0 0 0 2014 2082 0 0 0 0 0
6 257 1967 1739 15 11 67 34 18 575 3274 73 42 7 9 98 44 2840 1078 14 11 5 13 91
5 233 1297 307 35 28 2123 68 8 308 1216 146 163 37 20 2198 92 1375 352 44 18 21 47 2147
0 7 950 531 65 24 2379 140 29 127 1140 205 41 27 34 2493 4 648 568 108 96 109 67 2496
0 1 3630 296 15 10 103 41 9 90 3787 43 14 11 11 131 9 3149 630 63 60 33 13 139
0 0 4096 0 0 0 0 0 0 35 4061 0 0 0 0 0 0 3967 129 0 0 0 0 0
0 0 4096 0 0 0 0 0 0 95 4001 0 0 0 0 0 0 4045 51 0 0 0 0 0
0 0 4094 2 0 0 0 0 0 446 3650 0 0 0 0 0 0 4067 29 0 0 0 0 0
0 0 534 1286 2096 180 0 0 0 14 808 2317 939 18 0 0 0 413 741 2420 507 15 0 0
0 0 1982 1686 428 0 0 0 0 20 2380 1673 23 0 0 0 0 1055 1731 1310 0 0 0 0
0 19 2165 1558 21 17 218 98 0 84 3071 596 16 15 22 292 0 931 2377 299 81 79 22 307
0 24 1862 342 20 18 1751 79 0 33 2039 143 24 17 20 1820 16 744 1422 18 21 37 35 1803
0 1 2634 245 12 14 1180 10 0 71 2579 191 36 13 16 1190 28 2089 757 12 13 11 32 1154
73 517 3298 73 10 6 95 24 79 921 2882 67 16 5 8 118 227 3642 92 4 7 8 14 102
0 103 3936 57 0 0 0 0 0 418 3678 0 0 0 0 0 0 4078 18 0 0 0 0 0
0 0 3814 282 0 0 0 0 2 36 4058 0 0 0 0 0 0 4018 78 0 0 0 0 0
0 2 3098 992 0 0 0 4 10 62 4020 0 0 4 0 0 0 3946 143 3 0 0 0 4
0 0 2653 1443 0 0 0 0 0 28 4068 0 0 0 0 0 0 3708 388 0 0 0 0 0
0 0 2111 1985 0 0 0 0 0 3 4093 0 0 0 0 0 0 3650 446 0 0 0 0 0
0 0 1754 2319 23 0 0 0 0 1 3923 172 0 0 0 0 0 3515 573 8 0 0 0 0
0 0 1203 2795 98 0 0 0 0 0 3525 571 0 0 0 0 0 3124 893 79 0 0 0 0
0 0 987 2980 129 0 0 0 0 0 3265 831 0 0 0 0 0 2683 1355 58 0 0 0 0
0 0 1059 2895 142 0 0 0 0 0 3049 1047 0 0 0 0 0 2864 1054 178 0 0 0 0
0 0 1330 2499 267 0 0 0 0 0 3009 1087 0 0 0 0 0 2750 986 360 0 0 0 0
0 0 953 2825 318 0 0 0 0 0 3053 1043 0 0 0 0 0 2411 1137 548 0 0 0 0
0 0 970 2687 439 0 0 0 0 0 3240 856 0 0 0 0 0 1851 1744 501 0 0 0 0
0 0 880 3100 116 0 0 0 0 0 3562 534 0 0 0 0 0 2194 1635 267 0 0 0 0
0 0 1325 2760 11 0 0 0 0 0 3964 132 0 0 0 0 0 2132 1908 56 0 0 0 0
0 0 1711 2385 0 0 0 0 0 0 4096 0 0 0 0 0 0 2044 2052 0 0 0 0 0
15 134 1458 2489 0 0 0 0 17 155 3924 0 0 0 0 0 54 1396 2646 0 0 0 0 0
0 17 888 1946 31 23 1036 155 0 38 2416 292 130 21 25 1174 0 391 2303 161 22 20 38 1161
0 33 159 1258 19 32 2422 173 26 71 1100 175 92 22 34 2576 0 58 1128 249 27 24 33 2577
1 38 1189 2363 15 14 377 99 15 102 3319 139 30 10 19 462 8 829 2624 125 15 15 17 463
0 0 2785 1311 0 0 0 0 0 0 4096 0 0 0 0 0 0 1425 2671 0 0 0 0 0
0 0 3756 340 0 0 0 0 0 0 4096 0 0 0 0 0 0 2206 1890 0 0 0 0 0
0 0 4022 74 0 0 0 0 0 0 4096 0 0 0 0 0 0 2705 1391 0 0 0 0 0
0 0 3936 160 0 0 0 0 0 0 4096 0 0 0 0 0 0 3222 874 0 0 0 0 0
0 0 3308 788 0 0 0 0 0 0 4096 0 0 0 0 0 0 2616 1480 0 0 0 0 0
0 0 2654 1442 0 0 0 0 0 0 3885 211 0 0 0 0 0 2053 2043 0 0 0 0 0
0 0 2001 2095 0 0 0 0 0 0 3213 883 0 0 0 0 0 1401 2695 0 0 0 0 0
0 0 1461 2635 0 0 0 0 0 0 2590 1506 0 0 0 0 0 1180 2558 358 0 0 0 0
0 0 966 3130 0 0 0 0 0 5 2450 1641 0 0 0 0 0 935 2742 419 0 0 0 0
0 0 760 3336 0 0 0 0 0 0 3089 1007 0 0 0 0 0 601 3290 205 0 0 0 0
7 100 33 1710 2246 0 0 0 6 103 34 3547 406 0 0 0 63 59 77 3808 89 0 0 0
0 0 0 78 4018 0 0 0 0 0 0 1149 2947 0 0 0 0 0 0 2265 1831 0 0 0
0 0 0 1394 2702 0 0 0 0 0 17 2149 1930 0 0 0 0 0 314 2616 1166 0 0 0
0 0 578 3456 62 0 0 0 0 37 1503 2556 0 0 0 0 0 367 2596 1133 0 0 0 0
0 0 2330 1766 0 0 0 0 0 65 3880 151 0 0 0 0 0 1701 2395 0 0 0 0 0
0 0 3304 792 0 0 0 0 0 429 3661 6 0 0 0 0 0 2872 1224 0 0 0 0 0
0 0 3785 311 0 0 0 0 0 291 3794 11 0 0 0 0 0 3551 545 0 0 0 0 0
0 7 3990 47 9 4 15 24 0 106 3921 21 7 2 5 34 0 3055 980 11 7 4 4 35
0 23 2436 247 15 22 1190 163 8 232 2353 105 22 15 27 1334 0 2009 467 210 27 20 22 1341
0 16 1981 376 24 25 1531 143 10 136 1930 168 145 21 25 1661 0 1652 587 130 22 24 37 1644
0 30 3768 72 13 8 144 61 1 527 3231 88 29 10 12 198 16 3660 185 10 11 9 11 194
0 0 4095 1 0 0 0 0 0 360 3736 0 0 0 0 0 0 4077 19 0 0 0 0 0
0 5 4084 7 0 0 0 0 0 25 4071 0 0 0 0 0 1 3909 186 0 0 0 0 0
0 0 4082 14 0 0 0 0 0 13 4083 0 0 0 0 0 0 4017 79 0 0 0 0 0
0 0 4082 14 0 0 0 0 0 464 3632 0 0 0 0 0 0 4047 49 0 0 0 0 0
0 0 4095 1 0 0 0 0 0 1122 2974 0 0 0 0 0 0 4088 8 0 0 0 0 0
6 58 3342 159 10 17 395 109 17 553 2894 98 12 11 16 495 9 3119 381 53 10 14 15 495
18 87 1501 362 18 24 1890 196 33 85 1700 139 26 18 21 2074 18 1086 732 125 18 19 27 2071
12 91 3011 140 13 19 690 120 29 124 2979 114 17 14 21 798 16 2645 533 57 14 13 24 794
0 0 4096 0 0 0 0 0 0 206 3890 0 0 0 0 0 0 4039 57 0 0 0 0 0
0 45 4051 0 0 0 0 0 0 324 3772 0 0 0 0 0 0 4057 39 0 0 0 0 0
16 310 3770 0 0 0 0 0 30 429 3637 0 0 0 0 0 76 3884 136 0 0 0 0 0
0 0 4059 37 0 0 0 0 0 8 4088 0 0 0 0 0 0 3128 968 0 0 0 0 0
0 0 3217 879 0 0 0 0 0 0 4016 80 0 0 0 0 0 1874 2222 0 0 0 0 0
0 0 2209 1887 0 0 0 0 0 0 3915 181 0 0 0 0 0 771 3325 0 0 0 0 0
0 0 1729 2367 0 0 0 0 0 0 3016 1080 0 0 0 0 0 828 3251 17 0 0 0 0
0 0 1216 2880 0 0 0 0 0 0 2365 1731 0 0 0 0 0 809 2947 340 0 0 0 0
0 0 667 3429 0 0 0 0 0 0 2145 1951 0 0 0 0 0 587 3171 338 0 0 0 0
0 0 70 4026 0 0 0 0 0 0 1818 2278 0 0 0 0 0 179 3385 532 0 0 0 0
0 0 0 4096 0 0 0 0 0 0 990 3106 0 0 0 0 0 0 2972 1124 0 0 0 0
0 0 0 4088 8 0 0 0 0 0 91 4005 0 0 0 0 0 0 1970 2126 0 0 0 0
0 0 0 3775 321 0 0 0 0 0 0 4096 0 0 0 0 0 0 1129 2967 0 0 0 0
0 0 1 1708 2387 0 0 0 0 0 3 4074 19 0 0 0 0 0 72 4013 11 0 0 0
10 269 74 2371 1372 0 0 0 4 276 84 3715 17 0 0 0 213 104 93 3686 0 0 0 0
190 694 99 3113 0 0 0 0 337 557 124 3078 0 0 0 0 816 118 459 2703 0 0 0 0
2577 351 59 885 224 0 0 0 2541 381 60 1032 82 0 0 0 2878 92 106 1016 4 0 0 0
2880 429 50 49 685 3 0 0 2922 392 47 53 682 0 0 0 3219 107 48 61 661 0 0 0
1921 346 46 50 1727 6 0 0 1915 351 48 48 1734 0 0 0 2208 74 48 181 1585 0 0 0
1024 221 61 1882 908 0 0 0 1030 218 61 2342 445 0 0 0 1170 95 451 2318 62 0 0 0
130 131 56 3779 0 0 0 0 136 130 743 3087 0 0 0 0 214 70 2636 1176 0 0 0 0
0 0 0 4080 16 0 0 0 0 0 274 3822 0 0 0 0 0 0 1095 3001 0 0 0 0
0 0 8 2424 1664 0 0 0 0 0 155 3580 361 0 0 0 0 0 528 3432 136 0 0 0
0 0 689 1883 1524 0 0 0 0 1 1090 2018 987 0 0 0 0 399 1198 2109 390 0 0 0
0 0 2052 1991 43 2 7 1 0 18 2584 1447 34 4 1 8 0 975 2365 744 3 1 7 1
0 0 3731 365 0 0 0 0 0 80 3934 80 2 0 0 0 0 2779 1317 0 0 0 0 0
0 0 4096 0 0 0 0 0 0 240 3856 0 0 0 0 0 0 3878 218 0 0 0 0 0
1 35 3528 163 12 16 252 89 1 205 3418 97 16 12 12 335 1 2429 1248 42 16 10 14 336
0 51 1361 949 17 24 1526 168 1 87 1765 483 36 17 27 1680 1 416 1834 100 22 22 22 1679
0 47 2796 443 17 18 664 111 0 44 2947 267 32 16 19 771 0 1655 1580 47 14 15 25 760
29 437 3630 0 0 0 0 0 28 1341 2727 0 0 0 0 0 59 3777 260 0 0 0 0 0
19 241 3523 161 135 13 4 0 29 2738 1306 11 8 4 0 0 39 3863 167 18 5 4 0 0
0 118 3975 3 0 0 0 0 5 2680 1411 0 0 0 0 0 47 3925 124 0 0 0 0 0
0 0 4092 4 0 0 0 0 0 573 3504 19 0 0 0 0 0 3920 176 0 0 0 0 0
0 0 3471 625 0 0 0 0 0 56 4032 8 0 0 0 0 0 3128 968 0 0 0 0 0
0 0 2417 1679 0 0 0 0 0 53 3842 201 0 0 0 0 0 2194 1902 0 0 0 0 0
0 0 1720 2376 0 0 0 0 0 8 2967 1121 0 0 0 0 0 1483 2557 56 0 0 0 0
0 0 1118 2976 2 0 0 0 0 6 2387 1703 0 0 0 0 0 964 2650 482 0 0 0 0
0 0 385 3711 0 0 0 0 0 0 2303 1793 0 0 0 0 0 360 3365 371 0 0 0 0
0 0 13 4083 0 0 0 0 0 0 1368 2728 0 0 0 0 0 5 3768 323 0 0 0 0
0 0 0 4084 12 0 0 0 0 0 106 3990 0 0 0 0 0 0 2081 2015 0 0 0 0
0 0 0 3698 398 0 0 0 0 0 0 4096 0 0 0 0 0 0 899 3197 0 0 0 0
0 0 0 2698 1398 0 0 0 0 0 0 4096 0 0 0 0 0 0 68 4028 0 0 0 0
0 410 145 3122 419 0 0 0 0 479 97 3519 1 0 0 0 2 521 132 3441 0 0 0 0
183 1168 91 2654 0 0 0 0 188 1170 102 2636 0 0 0 0 843 551 328 2374 0 0 0 0
734 1233 95 2034 0 0 0 0 739 1233 107 2017 0 0 0 0 1604 412 197 1883 0 0 0 0
1233 1335 92 1408 28 0 0 0 1288 1287 94 1427 0 0 0 0 2197 421 117 1361 0 0 0 0
1635 1531 84 425 421 0 0 0 1719 1451 86 840 0 0 0 0 2741 471 92 792 0 0 0 0
2484 1280 81 131 120 0 0 0 2530 1239 81 246 0 0 0 0 3489 320 80 207 0 0 0 0
3132 963 1 0 0 0 0 0 3183 913 0 0 0 0 0 0 4075 21 0 0 0 0 0 0
3124 479 359 134 0 0 0 0 3300 577 219 0 0 0 0 0 3517 528 51 0 0 0 0 0
2314 233 251 821 477 0 0 0 2313 244 275 1017 247 0 0 0 2414 250 408 961 63 0 0 0
3218 205 192 344 137 0 0 0 3234 202 197 357 106 0 0 0 3282 207 227 372 8 0 0 0
3662 104 90 159 81 0 0 0 3675 99 94 178 50 0 0 0 3694 97 108 187 10 0 0 0
4096 0 0 0 0 0 0 0 4096 0 0 0 0 0 0 0 4096 0 0 0 0 0 0 0
3963 91 18 24 0 0 0 0 3984 72 19 21 0 0 0 0 4027 33 22 14 0 0 0 0
2943 335 71 703 44 0 0 0 3062 226 68 740 0 0 0 0 3215 84 83 714 0 0 0 0
2013 231 53 254 1545 0 0 0 2011 237 51 577 1220 0 0 0 2183 82 54 947 830 0 0 0
946 261 43 51 2676 119 0 0 929 275 45 52 2771 24 0 0 1124 96 46 202 2628 0 0 0
72 167 40 1658 2159 0 0 0 91 148 37 2401 1419 0 0 0 199 55 136 2927 779 0 0 0
0 0 47 4049 0 0 0 0 0 0 521 3575 0 0 0 0 0 0 1815 2281 0 0 0 0
0 0 858 3238 0 0 0 0 0 41 1713 2342 0 0 0 0 0 478 2819 799 0 0 0 0
0 0 852 2537 575 132 0 0 0 3 2182 1250 557 104 0 0 0 351 2833 351 556 5 0 0
0 0 0 265 1189 2642 0 0 0 0 9 423 1088 2574 2 0 0 0 99 488 1603 1906 0 0
0 0 114 758 1934 1290 0 0 0 0 278 864 1722 1232 0 0 0 55 441 1188 1672 740 0 0
0 0 3344 662 90 0 0 0 0 397 3357 258 84 0 0 0 0 2298 1590 202 6 0 0 0
0 0 1721 2018 112 46 197 2 0 398 2633 797 29 81 158 0 3 1365 2401 76 31 137 83 0
0 65 1343 2688 0 0 0 0 9 212 2040 1835 0 0 0 0 40 852 2474 730 0 0 0 0
0 0 708 3388 0 0 0 0 0 0 2074 2022 0 0 0 0 0 326 3326 444 0 0 0 0
0 0 22 4074 0 0 0 0 0 0 1358 2738 0 0 0 0 0 0 3714 382 0 0 0 0
20 67 36 3971 2 0 0 0 12 77 193 3814 0 0 0 0 56 44 2406 1590 0 0 0 0
375 256 66 3395 4 0 0 0 382 251 72 3391 0 0 0 0 575 80 842 2599 0 0 0 0
983 255 63 2456 339 0 0 0 955 285 66 2790 0 0 0 0 1185 80 113 2718 0 0 0 0
1375 472 79 2170 0 0 0 0 1473 377 83 2163 0 0 0 0 1768 111 883 1334 0 0 0 0
1866 593 76 1561 0 0 0 0 1876 587 83 1550 0 0 0 0 2376 116 1008 596 0 0 0 0
900 485 56 1353 1302 0 0 0 915 473 59 2494 155 0 0 0 1259 160 140 2520 17 0 0 0
0 0 0 228 3868 0 0 0 0 0 0 3401 695 0 0 0 0 0 0 4095 1 0 0 0
0 2 11 586 3497 0 0 0 0 2 13 3955 126 0 0 0 0 6 24 4066 0 0 0 0
0 744 1688 1020 644 0 0 0 0 1576 884 1636 0 0 0 0 0 2060 417 1619 0 0 0 0
3929 151 16 0 0 0 0 0 3929 159 8 0 0 0 0 0 3943 143 10 0 0 0 0 0
4082 10 4 0 0 0 0 0 4085 8 3 0 0 0 0 0 4091 5 0 0 0 0 0 0
456 1645 727 299 649 320 0 0 493 2181 466 649 305 2 0 0 667 2147 371 738 172 1 0 0
2449 1513 52 25 37 20 0 0 2626 1388 41 39 2 0 0 0 3110 907 40 35 4 0 0 0
3356 383 164 193 0 0 0 0 3352 398 171 175 0 0 0 0 3504 306 219 67 0 0 0 0
3059 320 320 388 9 0 0 0 3090 370 274 358 4 0 0 0 3154 406 309 219 8 0 0 0
973 371 937 926 740 15 81 53 1078 783 762 649 677 12 11 124 1003 1052 593 529 650 95 38 136
2161 435 306 978 216 0 0 0 2212 400 331 1049 104 0 0 0 2357 342 577 815 5 0 0 0
2166 620 556 662 82 10 0 0 2280 544 573 630 60 8 1 0 2425 519 629 503 9 6 5 0
2110 844 468 484 45 100 45 0 2278 717 480 436 42 104 39 0 2536 577 567 228 42 68 78 0
1848 690 580 777 90 102 9 0 1908 678 635 672 88 98 17 0 2162 559 810 379 77 92 17 0
2886 464 465 281 0 0 0 0 2952 438 504 202 0 0 0 0 3082 423 554 37 0 0 0 0
3024 346 414 312 0 0 0 0 3066 343 463 224 0 0 0 0 3165 355 539 37 0 0 0 0
3311 175 229 314 67 0 0 0 3333 174 292 252 45 0 0 0 3369 189 365 70 102 1 0 0
1949 340 360 436 1011 0 0 0 1989 574 116 672 745 0 0 0 2070 512 183 508 823 0 0 0
3952 97 18 29 0 0 0 0 3935 113 17 31 0 0 0 0 4024 32 17 23 0 0 0 0
3118 164 68 743 3 0 0 0 3070 211 70 745 0 0 0 0 3203 95 71 727 0 0 0 0
1897 186 222 1713 78 0 0 0 1896 191 220 1788 1 0 0 0 1988 119 295 1694 0 0 0 0
517 199 361 2545 85 389 0 0 539 377 467 2253 92 368 0 0 609 338 1720 989 392 48 0 0
0 6 8 16 19 4047 0 0 0 9 9 17 32 4025 4 0 1 9 9 18 685 3374 0 0
0 0 0 0 1591 2505 0 0 0 0 0 0 1677 2419 0 0 0 0 0 7 2836 1253 0 0
199 40 2302 1328 227 0 0 0 200 46 3021 610 219 0 0 0 209 224 3199 286 178 0 0 0
1327 153 92 2101 331 46 27 19 1397 170 364 2097 14 14 37 3 1439 107 1891 589 18 16 33 3
2127 136 68 1765 0 0 0 0 2125 137 74 1760 0 0 0 0 2203 80 593 1220 0 0 0 0
2744 143 73 1136 0 0 0 0 2744 145 76 1131 0 0 0 0 2825 89 472 710 0 0 0 0
3341 168 67 520 0 0 0 0 3332 178 76 510 0 0 0 0 3447 86 374 189 0 0 0 0
3754 279 26 37 0 0 0 0 3843 189 25 39 0 0 0 0 4002 39 31 24 0 0 0 0
3979 51 19 13 27 7 0 0 3997 33 19 13 27 7 0 0 3997 33 17 13 27 9 0 0
3201 284 428 137 44 2 0 0 3239 518 268 48 23 0 0 0 3299 573 165 37 22 0 0 0
4096 0 0 0 0 0 0 0 4096 0 0 0 0 0 0 0 4096 0 0 0 0 0 0 0
3973 41 26 32 24 0 0 0 3981 38 27 50 0 0 0 0 3990 36 25 45 0 0 0 0
1664 90 89 435 1811 7 0 0 1665 90 91 1461 785 4 0 0 1689 82 219 1976 130 0 0 0
0 0 15 345 3736 0 0 0 0 0 63 1291 2742 0 0 0 0 0 208 3735 153 0 0 0
0 25 132 727 3212 0 0 0 0 62 188 2658 1188 0 0 0 16 77 352 3637 14 0 0 0
0 0 2055 1092 949 0 0 0 0 107 2031 1859 99 0 0 0 0 687 1597 1812 0 0 0 0
2401 562 528 484 121 0 0 0 2463 564 516 487 66 0 0 0 2583 549 570 377 17 0 0 0
2133 740 472 448 250 53 0 0 2281 676 514 438 187 0 0 0 2514 580 522 334 146 0 0 0
0 9 153 500 3351 83 0 0 13 172 680 3204 27 0 0 0 25 271 955 2832 13 0 0 0
658 896 236 431 1858 17 0 0 802 969 895 1430 0 0 0 0 1157 686 1100 1152 1 0 0 0
2316 1043 628 109 0 0 0 0 2400 1036 648 12 0 0 0 0 2717 866 513 0 0 0 0 0
1902 919 961 314 0 0 0 0 1931 977 975 213 0 0 0 0 2175 924 875 122 0 0 0 0
1655 593 638 954 256 0 0 0 1706 592 842 782 174 0 0 0 1816 560 806 662 249 3 0 0
2174 512 351 969 90 0 0 0 2223 459 376 972 66 0 0 0 2394 409 600 658 35 0 0 0
2410 505 536 576 69 0 0 0 2435 508 545 549 59 0 0 0 2589 464 576 467 0 0 0 0
2617 638 437 404 0 0 0 0 2713 597 420 366 0 0 0 0 2888 492 490 226 0 0 0 0
2254 655 659 521 7 0 0 0 2303 642 710 432 9 0 0 0 2537 558 838 161 2 0 0 0
2753 630 579 134 0 0 0 0 2834 586 627 49 0 0 0 0 2997 540 559 0 0 0 0 0
2166 811 819 300 0 0 0 0 2356 698 857 185 0 0 0 0 2560 661 787 88 0 0 0 0
1927 635 570 534 430 0 0 0 2079 554 580 704 179 0 0 0 2176 519 506 517 378 0 0 0
700 449 875 1943 129 0 0 0 745 575 1408 1345 23 0 0 0 919 667 1523 911 76 0 0 0
2573 604 653 266 0 0 0 0 2646 589 675 186 0 0 0 0 2778 582 736 0 0 0 0 0
2775 415 543 363 0 0 0 0 2798 424 606 268 0 0 0 0 2887 446 712 51 0 0 0 0
2622 365 587 522 0 0 0 0 2658 361 726 351 0 0 0 0 2730 357 891 118 0 0 0 0
0 58 641 2848 472 77 0 0 4 218 1221 2452 181 20 0 0 30 250 2033 1538 239 6 0 0
0 11 65 557 2569 894 0 0 6 11 117 548 2638 776 0 0 8 17 372 415 3263 21 0 0
0 0 41 694 3247 114 0 0 0 0 91 702 3202 101 0 0 0 0 393 796 2907 0 0 0
612 123 2772 497 92 0 0 0 626 124 2906 355 85 0 0 0 646 994 2303 96 57 0 0 0
2905 306 266 293 120 38 98 70 2973 332 354 195 45 33 142 22 3024 303 500 32 45 31 143 18
3200 290 235 368 3 0 0 0 3236 285 270 301 4 0 0 0 3298 278 429 91 0 0 0 0
3089 383 249 375 0 0 0 0 3085 392 272 347 0 0 0 0 3213 328 398 157 0 0 0 0
2892 451 282 462 9 0 0 0 2964 395 300 430 7 0 0 0 3134 316 398 248 0 0 0 0
2517 710 325 424 68 52 0 0 2718 562 337 375 20 82 2 0 2911 451 432 195 20 61 26 0
1269 765 706 596 167 573 20 0 1291 681 693 634 135 504 158 0 1469 616 723 469 96 337 379 7
1111 424 535 1692 314 20 0 0 1156 452 689 1542 224 32 1 0 1246 450 844 1278 240 34 4 0
1781 786 579 764 91 88 7 0 1970 660 606 675 75 79 31 0 2140 646 690 441 60 57 62 0
1647 728 508 745 254 205 9 0 1757 610 554 683 224 209 59 0 1891 556 559 581 204 172 130 3
949 371 358 1015 1403 0 0 0 999 330 385 1899 483 0 0 0 1118 294 439 2242 3 0 0 0
0 0 0 772 3324 0 0 0 0 0 0 2522 1574 0 0 0 0 0 26 4051 19 0 0 0
0 0 154 829 3113 0 0 0 0 0 174 2801 1121 0 0 0 0 64 192 3817 23 0 0 0
0 0 1808 1244 1044 0 0 0 0 0 1917 1948 231 0 0 0 0 17 2068 1987 24 0 0 0
2134 679 712 509 62 0 0 0 2183 689 735 434 55 0 0 0 2325 653 795 301 22 0 0 0
2274 786 567 422 38 4 4 1 2338 792 613 313 31 5 3 1 2553 681 690 131 32 5 3 1
387 339 186 302 1298 91 1062 431 431 323 708 1017 39 315 960 303 613 217 1375 286 31 163 615 796
0 12 5 15 559 448 1807 1250 11 6 6 567 44 741 1863 858 2 10 7 556 51 459 1000 2011
1191 551 374 212 82 241 1168 277 1421 412 452 75 178 268 1194 96 1233 549 415 109 104 195 323 1168
1463 877 1100 656 0 0 0 0 1513 1166 1130 287 0 0 0 0 1786 1236 959 115 0 0 0 0
1245 1226 1195 430 0 0 0 0 1369 1590 1079 58 0 0 0 0 1723 1716 654 3 0 0 0 0
1128 2925 34 9 0 0 0 0 1711 2366 13 6 0 0 0 0 2089 1993 14 0 0 0 0 0
1331 2482 166 115 2 0 0 0 2007 1826 161 102 0 0 0 0 2567 1305 155 69 0 0 0 0
1984 1834 150 128 0 0 0 0 2729 1111 155 101 0 0 0 0 3198 676 176 46 0 0 0 0
1977 1409 428 280 2 0 0 0 2598 816 462 214 6 0 0 0 3052 455 497 92 0 0 0 0
2440 1112 420 124 0 0 0 0 2925 665 470 36 0 0 0 0 3243 417 435 1 0 0 0 0
2268 782 770 276 0 0 0 0 2480 646 801 169 0 0 0 0 2669 593 743 91 0 0 0 0
2281 584 875 355 1 0 0 0 2345 628 1092 31 0 0 0 0 2475 741 864 16 0 0 0 0
1948 739 1085 324 0 0 0 0 2015 914 996 171 0 0 0 0 2182 930 895 89 0 0 0 0
2817 593 591 95 0 0 0 0 2899 568 617 12 0 0 0 0 3024 526 545 1 0 0 0 0
2639 534 628 295 0 0 0 0 2692 524 717 163 0 0 0 0 2796 522 712 66 0 0 0 0
2466 434 616 580 0 0 0 0 2504 438 818 336 0 0 0 0 2571 431 924 170 0 0 0 0
540 177 561 2780 38 0 0 0 554 248 1420 1862 12 0 0 0 580 293 2128 1085 10 0 0 0
1 269 283 855 2688 0 0 0 4 394 223 1588 1887 0 0 0 85 385 248 2492 886 0 0 0
2 38 25 1384 2647 0 0 0 0 40 39 2715 1302 0 0 0 21 25 125 3631 294 0 0 0
578 170 2687 644 17 0 0 0 595 166 2895 434 6 0 0 0 626 477 2911 82 0 0 0 0
2658 443 376 305 145 20 102 47 2779 503 465 170 14 26 135 4 2797 464 587 78 10 31 127 2
2710 489 496 370 31 0 0 0 2763 487 538 281 27 0 0 0 2850 519 579 132 16 0 0 0
2872 509 393 322 0 0 0 0 2965 469 411 251 0 0 0 0 3061 437 526 72 0 0 0 0
1935 1122 519 491 29 0 0 0 1968 1139 552 412 25 0 0 0 2288 908 617 270 13 0 0 0
2161 1109 458 368 0 0 0 0 2322 1012 474 288 0 0 0 0 2593 833 560 110 0 0 0 0
2005 858 622 582 29 0 0 0 2044 849 664 512 27 0 0 0 2375 658 783 269 11 0 0 0
1614 782 876 816 8 0 0 0 1607 1041 835 609 4 0 0 0 1813 993 871 415 4 0 0 0
1999 899 613 563 22 0 0 0 2132 794 653 490 22 5 0 0 2466 600 756 262 7 5 0 0
2282 816 460 501 37 0 0 0 2457 673 463 466 37 0 0 0 2684 566 530 290 26 0 0 0
910 389 367 1292 1138 0 0 0 991 329 387 2256 133 0 0 0 1117 271 424 2284 0 0 0 0
0 0 0 1028 3068 0 0 0 0 0 0 3567 529 0 0 0 0 0 59 4029 8 0 0 0
0 0 162 1108 2760 39 27 0 0 0 176 3371 511 23 15 0 0 43 252 3673 89 29 10 0
0 0 1659 1228 1018 44 145 2 0 0 1830 1856 254 146 10 0 0 5 1965 1916 57 149 4 0
1280 926 730 482 94 369 215 0 1476 834 764 396 397 229 0 0 1726 664 807 362 365 172 0 0
475 537 219 198 461 486 1374 346 499 542 256 665 232 597 1022 283 780 319 442 498 179 294 1022 562
0 0 0 0 0 1674 2362 60 0 0 0 0 9 3252 803 32 0 0 0 0 14 2236 1693 153
0 0 0 0 51 2552 1479 14 0 0 0 1 545 3119 427 4 0 0 0 157 613 2392 899 35
1 14 3 29 232 2068 1651 98 15 4 8 106 414 2734 773 42 0 3 15 67 293 2109 1420 189
522 1589 813 207 92 364 499 10 880 1833 354 117 139 565 206 2 892 1749 387 106 86 260 587 29
940 2687 405 64 0 0 0 0 1222 2624 249 1 0 0 0 0 1525 2374 197 0 0 0 0 0
0 3501 224 371 0 0 0 0 0 3660 381 55 0 0 0 0 565 3317 214 0 0 0 0 0
0 4002 86 8 0 0 0 0 0 4076 20 0 0 0 0 0 624 3468 4 0 0 0 0 0
0 4096 0 0 0 0 0 0 0 4096 0 0 0 0 0 0 945 3151 0 0 0 0 0 0
0 4096 0 0 0 0 0 0 61 4035 0 0 0 0 0 0 1751 2345 0 0 0 0 0 0
116 3980 0 0 0 0 0 0 352 3744 0 0 0 0 0 0 1885 2211 0 0 0 0 0 0
774 3322 0 0 0 0 0 0 1464 2632 0 0 0 0 0 0 3131 965 0 0 0 0 0 0
1091 2792 197 16 0 0 0 0 1703 2234 159 0 0 0 0 0 3220 797 79 0 0 0 0 0
948 2723 332 93 0 0 0 0 1441 2349 268 38 0 0 0 0 2991 846 240 19 0 0 0 0
1744 2151 179 22 0 0 0 0 2242 1667 187 0 0 0 0 0 2925 1004 167 0 0 0 0 0
1768 1862 309 157 0 0 0 0 2168 1485 342 101 0 0 0 0 2493 1205 353 45 0 0 0 0
1845 1501 313 437 0 0 0 0 2167 1202 492 235 0 0 0 0 2425 972 582 117 0 0 0 0
1253 1352 411 1023 57 0 0 0 1563 1061 858 579 35 0 0 0 1862 848 1073 283 30 0 0 0
90 858 80 1577 1491 0 0 0 323 636 84 2996 57 0 0 0 582 394 105 2986 29 0 0 0
36 761 82 2521 696 0 0 0 245 564 89 3192 6 0 0 0 454 362 168 3111 1 0 0 0
583 835 2208 470 0 0 0 0 857 599 2292 348 0 0 0 0 1061 509 2404 122 0 0 0 0
2257 931 380 256 175 25 34 38 2702 751 413 121 29 9 66 5 2906 519 529 34 35 3 63 7
2314 1089 374 290 29 0 0 0 2584 847 392 247 26 0 0 0 2921 567 465 131 12 0 0 0
2376 1195 293 232 0 0 0 0 2679 908 299 210 0 0 0 0 3009 628 381 78 0 0 0 0
2072 1262 345 397 20 0 0 0 2467 910 357 349 13 0 0 0 2793 673 388 235 7 0 0 0
2169 1422 263 242 0 0 0 0 2659 971 275 191 0 0 0 0 2984 692 300 120 0 0 0 0
1964 1554 327 227 24 0 0 0 2413 1135 339 192 17 0 0 0 2935 678 378 97 8 0 0 0
781 2609 499 207 0 0 0 0 1219 2411 356 110 0 0 0 0 2187 1571 333 5 0 0 0 0
1195 2391 313 184 9 2 2 0 1842 1819 259 169 5 1 1 0 2407 1301 298 85 3 2 0 0
1176 2042 489 151 63 50 71 54 1559 2003 182 140 62 51 99 0 2136 1474 209 82 58 59 78 0
551 1559 1105 472 217 61 92 39 828 2215 230 603 63 63 93 1 1284 1825 269 520 61 77 60 0
195 1158 1499 350 620 170 88 16 480 2271 231 801 177 76 60 0 877 1958 255 777 118 75 36 0
27 471 477 547 941 794 832 7 93 802 778 750 597 979 97 0 394 962 800 520 496 846 78 0
0 22 40 110 2218 1424 282 0 2 56 516 2102 1076 344 0 0 33 170 1632 1416 550 294 1 0
0 8 294 86 2283 1295 130 0 0 305 888 1844 882 177 0 0 7 349 1774 1209 606 151 0 0
0 119 1862 144 1675 121 165 10 0 1962 939 953 37 101 100 4 15 2026 1629 199 30 93 103 1
0 2 418 50 520 2627 478 1 0 374 66 163 2197 1213 83 0 26 399 123 696 1779 960 113 0
0 0 0 0 118 3516 462 0 0 0 0 24 843 3222 7 0 0 0 11 279 815 2929 62 0
0 0 0 5 60 3490 541 0 0 0 0 52 48 3996 0 0 0 0 0 29 60 3879 128 0
0 1376 628 86 509 760 737 0 88 1920 75 272 491 1172 78 0 0 1906 134 207 521 731 595 2
0 4012 84 0 0 0 0 0 0 4096 0 0 0 0 0 0 11 4085 0 0 0 0 0 0
0 0 0 577 1734 1785 0 0 0 0 116 1909 2070 1 0 0 0 0 531 1645 1904 16 0 0
0 61 161 927 1804 1143 0 0 0 171 430 1848 1647 0 0 0 9 329 795 1670 1293 0 0 0
0 626 227 887 1807 549 0 0 0 789 411 1694 1202 0 0 0 171 789 786 1650 700 0 0 0
0 1127 184 418 1015 1352 0 0 18 1232 278 694 1874 0 0 0 528 820 406 785 1557 0 0 0
0 1682 184 225 810 1195 0 0 37 1760 170 394 1735 0 0 0 1154 760 197 554 1431 0 0 0
0 2322 146 231 935 462 0 0 27 2395 162 345 1164 3 0 0 1744 756 219 517 860 0 0 0
0 2943 158 284 661 50 0 0 57 2989 190 421 439 0 0 0 2185 953 282 472 204 0 0 0
0 3499 215 350 32 0 0 0 8 3666 286 136 0 0 0 0 1479 2323 268 26 0 0 0 0
0 3893 174 29 0 0 0 0 1 4039 56 0 0 0 0 0 1068 3016 12 0 0 0 0 0
0 4093 3 0 0 0 0 0 0 4096 0 0 0 0 0 0 178 3918 0 0 0 0 0 0
0 4096 0 0 0 0 0 0 0 4096 0 0 0 0 0 0 43 4053 0 0 0 0 0 0
0 4091 5 0 0 0 0 0 0 4096 0 0 0 0 0 0 4 4092 0 0 0 0 0 0
0 4069 27 0 0 0 0 0 0 4096 0 0 0 0 0 0 1 4095 0 0 0 0 0 0
0 3639 457 0 0 0 0 0 0 4096 0 0 0 0 0 0 12 4084 0 0 0 0 0 0
0 2883 1105 23 21 21 17 26 35 3965 28 17 12 8 9 22 77 3914 33 21 10 10 8 23
5 2190 1009 69 122 81 447 173 109 3137 90 74 43 103 444 96 236 2981 109 89 45 103 416 117
0 1869 1349 23 14 49 658 134 1 3205 28 15 15 341 379 112 5 3198 29 17 15 312 400 120
1 1437 1480 69 78 378 489 164 13 2862 79 64 112 525 328 113 11 2865 79 76 141 492 315 117
1 2264 948 74 128 231 327 123 29 3158 60 88 126 383 177 75 114 3086 66 101 131 377 174 47
0 3503 297 54 49 53 56 84 7 3763 58 56 49 50 81 32 75 3711 56 51 51 52 85 15
0 3653 143 53 56 53 49 89 9 3764 53 55 51 50 86 28 303 3479 59 54 56 48 96 1
0 3684 113 59 54 51 59 76 11 3749 66 58 49 55 81 27 630 3158 58 55 51 56 87 1
0 3477 312 66 56 49 73 63 31 3723 78 53 51 58 98 4 926 2862 62 53 48 67 78 0
0 3371 457 243 10 7 6 2 0 3785 169 125 8 4 5 0 266 3607 199 9 7 6 2 0
0 2856 687 454 99 0 0 0 0 3503 237 356 0 0 0 0 91 3503 447 55 0 0 0 0
0 2144 1086 468 398 0 0 0 0 3187 216 687 6 0 0 0 80 3218 456 342 0 0 0 0
3 796 1861 1214 222 0 0 0 9 1417 1859 753 58 0 0 0 177 1666 1915 337 1 0 0 0
0 807 1073 639 1529 48 0 0 4 1814 604 1334 340 0 0 0 79 1918 1054 976 69 0 0 0
0 1 132 308 3128 521 6 0 0 119 279 2576 1098 24 0 0 0 184 1685 1860 364 3 0 0
0 0 56 29 2602 1220 189 0 0 56 231 2317 1301 191 0 0 0 58 1744 1046 1072 176 0 0
0 0 0 22 1529 2452 93 0 0 0 39 1236 888 1933 0 0 0 0 867 651 866 1712 0 0
0 0 0 0 0 2079 2017 0 0 0 0 0 47 3942 107 0 0 0 0 0 106 2938 1052 0
0 0 0 10 54 3209 823 0 0 0 6 51 44 3982 13 0 0 0 3 41 34 3720 298 0
0 123 183 277 1025 2149 337 2 13 279 169 789 1092 1631 123 0 4 328 238 714 961 1542 305 4
0 136 348 656 1509 1447 0 0 0 435 285 1570 1781 25 0 0 32 527 575 1367 1571 24 0 0
0 0 10 153 92 3841 0 0 0 0 133 74 3889 0 0 0 0 15 126 71 3879 5 0 0
0 0 0 0 2 4094 0 0 0 0 0 0 4095 1 0 0 0 0 0 0 4088 8 0 0
0 0 0 0 0 4096 0 0 0 0 0 0 4093 3 0 0 0 0 0 0 4096 0 0 0
0 0 0 0 106 3922 54 14 0 0 0 0 3951 97 47 1 0 0 0 1 3977 68 46 4
0 0 0 0 337 3527 170 62 0 0 0 0 3645 272 168 11 0 0 0 0 3643 254 163 36
0 0 0 0 1278 2581 162 75 0 0 0 0 3274 652 160 10 0 0 0 0 3275 644 152 25
0 0 0 0 2233 1444 351 68 0 0 0 7 2904 1023 136 26 0 0 0 100 2830 983 142 41
0 0 1 229 2042 1206 519 99 0 1 34 641 1925 1249 170 76 0 1 248 954 1408 1227 170 88
0 0 53 477 1430 1499 546 91 0 31 216 825 1467 1316 178 63 11 91 522 833 1111 1289 167 72
0 107 248 448 1111 1343 718 121 0 293 296 839 1070 1261 239 98 11 386 471 744 935 1201 234 114
0 355 269 531 535 1396 889 121 0 551 269 682 990 1205 294 105 82 628 419 385 1019 1115 329 119
0 560 303 272 256 1434 1144 127 0 792 236 153 1260 1142 402 111 10 854 249 94 1307 1059 410 113
0 557 174 79 307 1642 1195 142 4 667 111 53 1620 1019 513 109 3 681 107 60 1655 965 498 127
0 147 185 57 456 1850 1261 140 14 274 67 136 1964 974 545 122 5 303 61 262 1889 818 624 134
0 15 118 249 897 1610 1069 138 3 84 169 508 1746 848 632 106 9 116 232 641 1629 727 577 165
1 3 132 525 1033 1380 986 36 10 200 267 717 1605 776 507 14 20 258 497 746 1386 657 488 44
1 62 396 529 1052 1412 639 5 4 334 326 765 1688 764 215 0 28 407 579 817 1384 711 170 0
1 78 408 583 1171 1514 312 29 8 359 293 862 1959 516 86 13 47 459 605 959 1607 365 49 5
1 346 242 282 636 1086 1357 146 14 539 119 410 1123 957 862 72 44 573 285 433 922 913 848 78
0 656 267 454 1071 1648 0 0 0 883 234 687 2290 2 0 0 37 943 459 898 1759 0 0 0
0 439 263 489 1101 1804 0 0 0 676 196 953 2270 1 0 0 71 677 490 976 1882 0 0 0
0 138 312 501 1193 1952 0 0 0 412 180 1064 2429 11 0 0 66 427 481 1092 2030 0 0 0
0 14 97 471 1255 2259 0 0 0 90 214 966 2751 75 0 0 11 136 479 1128 2339 3 0 0
0 0 0 229 1286 2581 0 0 0 0 12 914 2294 876 0 0 0 0 290 1143 2639 24 0 0
0 0 0 22 1219 2855 0 0 0 0 0 615 2297 1184 0 0 0 0 40 1118 2903 35 0 0
0 0 0 0 971 3125 0 0 0 0 0 287 1857 1952 0 0 0 0 0 882 3121 93 0 0
32 192 1114 1231 344 1178 5 0 37 347 1456 880 502 874 0 0 121 466 1584 686 972 267 0 0
0 0 0 0 608 3488 0 0 0 0 0 23 1471 2602 0 0 0 0 0 459 3455 182 0 0
0 0 0 0 98 3998 0 0 0 0 0 0 1977 2119 0 0 0 0 0 37 3774 285 0 0
0 0 0 0 2 4094 0 0 0 0 0 0 2481 1615 0 0 0 0 0 0 4029 67 0 0
0 0 0 0 14 4020 62 0 0 0 0 3 1667 2426 0 0 0 0 0 6 2209 1880 1 0
0 0 0 0 0 2432 1664 0 0 0 0 0 7 3929 160 0 0 0 0 0 19 3114 963 0
0 0 0 0 53 3445 598 0 0 0 0 1 688 3325 82 0 0 0 0 39 785 2930 342 0
0 0 0 0 97 3811 188 0 0 0 0 0 2112 1921 63 0 0 0 0 46 2347 1539 164 0
0 0 0 0 0 4096 0 0 0 0 0 0 3573 523 0 0 0 0 0 0 4006 90 0 0
0 13 2197 494 90 1128 173 1 0 279 2381 81 506 771 78 0 0 1878 784 86 643 609 96 0
0 2 1972 407 177 1334 168 36 0 137 2166 162 505 1006 120 0 0 1490 836 167 823 651 128 1
0 3 982 1271 179 1414 242 5 0 83 1802 449 411 1213 138 0 0 689 1455 196 656 946 153 1
0 0 12 267 844 2754 211 8 0 2 68 391 2285 1244 106 0 0 4 94 414 2324 1151 109 0
0 0 9 231 396 3374 86 0 0 1 36 301 2727 1021 10 0 0 5 102 301 2838 843 7 0
0 0 14 258 808 2812 204 0 0 3 71 300 3021 683 18 0 0 7 147 286 3004 628 24 0
0 1 19 278 1490 2160 148 0 0 4 122 311 3319 308 32 0 0 10 212 313 3261 277 23 0
0 1 40 300 1891 1856 8 0 0 4 167 397 3480 47 1 0 1 14 326 459 3274 22 0 0
0 1 60 337 1273 2425 0 0 0 12 179 1021 2796 88 0 0 3 60 803 531 2689 10 0 0
0 3 74 550 775 2694 0 0 0 22 206 850 2871 147 0 0 12 147 713 338 2874 12 0 0
0 4 96 344 708 2943 1 0 0 17 193 671 3015 200 0 0 13 60 592 334 3070 27 0 0
0 9 142 351 478 3116 0 0 5 16 317 349 3203 206 0 0 11 121 382 277 3279 26 0 0
0 7 68 278 418 3325 0 0 2 16 214 316 3309 239 0 0 7 50 301 308 3405 25 0 0
0 14 130 306 418 3228 0 0 2 24 254 300 3156 360 0 0 8 65 302 367 3278 76 0 0
0 3 108 208 287 3484 6 0 2 11 195 174 3396 318 0 0 4 57 212 216 3547 60 0 0
0 8 120 240 246 3380 99 3 16 90 218 148 3140 466 18 0 17 132 215 154 3329 241 8 0
1 6 115 174 208 3586 6 0 2 37 161 150 3361 385 0 0 3 73 167 171 3576 106 0 0
1 14 127 158 206 3580 10 0 4 33 180 152 3330 397 0 0 8 90 170 148 3560 120 0 0
0 0 5 30 233 1877 1892 59 0 0 19 27 1734 1166 1125 25 0 1 24 58 1780 1110 1103 20
0 0 0 1 178 3914 1 2 0 0 0 83 3965 46 1 1 0 0 45 124 3923 2 1 1
0 0 0 0 283 3813 0 0 0 0 0 135 3896 65 0 0 0 0 134 157 3805 0 0 0
0 0 0 0 445 3651 0 0 0 0 0 48 3859 189 0 0 0 0 110 343 3639 4 0 0
0 0 0 0 686 3410 0 0 0 0 0 285 3589 222 0 0 0 0 361 328 3393 14 0 0
0 0 0 0 918 3178 0 0 0 0 0 366 3002 728 0 0 0 0 699 233 3153 11 0 0
0 0 0 0 1122 2974 0 0 0 0 0 281 2257 1558 0 0 0 0 726 426 2873 71 0 0
0 0 8 30 1184 2763 70 41 0 0 2 360 1680 1937 11 106 0 8 793 431 2658 102 13 91
31 45 572 1648 608 924 189 79 30 46 748 1728 666 607 8 263 60 172 1028 1602 782 188 13 251
0 0 2 44 1324 2313 327 86 0 0 1 285 1948 1443 22 397 0 0 644 691 2249 104 46 362
0 0 0 15 1968 2113 0 0 0 0 0 629 2398 1069 0 0 0 8 1366 641 2022 59 0 0
0 0 0 0 2221 1875 0 0 0 0 0 598 2681 817 0 0 0 0 1761 476 1808 51 0 0
133 51 42 195 1745 1809 121 0 167 27 158 606 1897 1233 8 0 171 33 1165 776 991 900 60 0
2583 73 56 160 230 501 493 0 2605 72 84 295 137 849 54 0 2627 67 209 177 113 513 390 0
3224 67 55 99 285 303 63 0 3240 68 55 204 300 185 44 0 3262 63 100 261 156 169 85 0
656 267 62 149 1790 746 305 121 627 252 82 814 1716 166 30 409 849 136 1106 753 790 42 43 377
0 0 0 0 3295 791 6 4 0 0 0 2215 1818 56 4 3 0 0 2746 559 726 59 2 4
0 45 3497 554 0 0 0 0 0 281 3813 2 0 0 0 0 2 1432 2662 0 0 0 0 0
0 10 1629 2457 0 0 0 0 0 74 3892 130 0 0 0 0 0 645 3430 21 0 0 0 0
0 2 365 2543 1186 0 0 0 0 16 1270 1955 855 0 0 0 0 74 2238 1094 690 0 0 0
0 0 10 297 1335 2454 0 0 0 0 55 463 3545 33 0 0 0 2 90 486 3512 6 0 0
0 0 8 264 685 3139 0 0 0 2 28 369 3653 44 0 0 0 4 111 352 3627 2 0 0
0 0 11 318 1016 2751 0 0 0 3 71 371 3614 37 0 0 0 5 157 375 3557 2 0 0
0 0 29 396 1166 2505 0 0 0 6 135 436 3482 37 0 0 0 17 251 417 3410 1 0 0
0 4 43 389 1918 1742 0 0 0 10 183 400 3477 26 0 0 1 32 295 396 3372 0 0 0
0 5 44 427 2512 1108 0 0 0 10 251 723 3100 12 0 0 3 45 425 1082 2541 0 0 0
0 8 185 484 3154 265 0 0 3 41 381 2100 1570 1 0 0 22 295 1187 2078 514 0 0 0
0 6 195 599 3294 2 0 0 1 53 449 3170 423 0 0 0 38 374 2312 1370 2 0 0 0
0 6 180 489 3419 2 0 0 1 58 305 3647 85 0 0 0 62 283 3133 618 0 0 0 0
0 6 215 407 3462 6 0 0 2 70 358 3404 262 0 0 0 93 334 3176 493 0 0 0 0
0 4 145 253 3674 20 0 0 2 36 249 2584 1225 0 0 0 58 242 2548 1247 1 0 0 0
0 8 204 279 3388 217 0 0 1 73 296 2088 1606 32 0 0 84 282 1970 1724 35 1 0 0
0 6 145 292 3311 216 120 6 5 142 263 1687 1850 97 47 5 77 309 1720 1804 58 117 8 3
3 13 212 190 2996 131 450 101 3 63 210 1959 1289 14 18 540 66 159 1857 1408 37 13 22 534
1 5 182 470 2669 64 572 133 1 49 202 1986 1122 26 17 693 44 206 2007 1096 26 13 38 666
1 16 111 257 2120 245 1211 135 3 47 157 1572 763 724 723 107 62 128 1541 788 41 739 712 85
0 0 0 70 3326 86 520 94 0 0 9 2291 1108 178 450 60 0 3 2519 868 26 181 453 46
0 3 22 66 3779 26 160 40 0 1 19 2508 1352 12 11 193 0 15 2787 1076 9 10 18 181
0 2 50 118 2997 29 800 100 0 1 37 2137 996 16 20 889 0 8 2121 1026 25 16 25 875
0 0 46 110 3406 22 383 129 0 0 36 2389 1137 17 18 499 0 17 2528 1006 21 16 32 476
0 0 0 41 4055 0 0 0 0 0 0 3141 955 0 0 0 0 0 3445 651 0 0 0 0
0 0 0 105 3981 10 0 0 0 0 0 2444 1652 0 0 0 0 7 3003 1086 0 0 0 0
0 0 0 5 4091 0 0 0 0 0 0 2551 1545 0 0 0 0 0 2654 1442 0 0 0 0
34 31 563 1890 1565 6 2 5 34 30 852 2938 232 2 1 7 52 54 2750 1228 2 2 1 7
0 1 154 218 2975 268 346 134 0 1 161 2737 554 212 66 365 0 74 2480 751 282 107 59 343
0 0 0 6 4050 15 5 20 0 0 0 3719 342 11 9 15 0 0 3344 710 13 5 7 17
0 0 0 1 4095 0 0 0 0 0 0 3338 758 0 0 0 0 0 3056 1040 0 0 0 0
1085 85 46 58 2822 0 0 0 1148 45 46 2438 419 0 0 0 1159 51 2246 638 2 0 0 0
4096 0 0 0 0 0 0 0 4096 0 0 0 0 0 0 0 4096 0 0 0 0 0 0 0
4096 0 0 0 0 0 0 0 4096 0 0 0 0 0 0 0 4096 0 0 0 0 0 0 0
2837 136 58 69 996 0 0 0 2832 147 60 882 175 0 0 0 2968 68 832 228 0 0 0 0
0 0 0 0 4096 0 0 0 0 0 0 3297 799 0 0 0 0 0 2688 1408 0 0 0 0
0 13 1922 2161 0 0 0 0 0 53 3928 115 0 0 0 0 0 400 3696 0 0 0 0 0
0 11 795 3290 0 0 0 0 0 37 2265 1794 0 0 0 0 0 167 3619 310 0 0 0 0
0 2 147 1680 2267 0 0 0 0 6 375 2414 1301 0 0 0 0 29 989 2363 715 0 0 0
0 0 14 391 1178 2513 0 0 0 4 72 594 3409 17 0 0 0 5 127 702 3259 3 0 0
0 0 21 365 927 2783 0 0 0 3 58 511 3476 48 0 0 0 9 150 538 3396 3 0 0
0 0 19 375 1193 2509 0 0 0 6 104 480 3482 24 0 0 0 9 214 481 3390 2 0 0
0 2 25 295 1275 2499 0 0 0 5 146 278 3618 49 0 0 0 8 212 305 3571 0 0 0
0 1 28 281 1656 2130 0 0 0 3 126 270 3660 37 0 0 0 10 231 272 3582 1 0 0
0 1 23 255 1597 2220 0 0 0 2 129 254 3696 15 0 0 0 7 225 277 3587 0 0 0
0 2 44 259 1677 2114 0 0 0 5 166 235 3677 13 0 0 2 27 256 550 3261 0 0 0
0 5 105 281 2895 810 0 0 1 9 233 579 3260 14 0 0 7 135 270 2563 1121 0 0 0
0 5 126 283 3599 83 0 0 1 22 270 898 2905 0 0 0 11 197 359 3514 15 0 0 0
0 4 84 222 3734 52 0 0 1 12 205 681 3197 0 0 0 16 161 299 3615 5 0 0 0
0 9 134 271 3143 539 0 0 1 33 265 272 3515 10 0 0 34 244 272 3516 30 0 0 0
0 11 107 316 934 2650 78 0 7 49 265 306 3023 446 0 0 49 218 290 2727 796 16 0 0
0 11 102 364 997 2513 109 0 32 135 212 255 2898 553 11 0 95 233 277 2446 988 57 0 0
0 15 195 314 3120 452 0 0 4 71 319 897 2801 4 0 0 83 299 855 2849 10 0 0 0
0 20 264 350 3453 9 0 0 7 103 346 3359 281 0 0 0 91 349 3048 608 0 0 0 0
0 11 165 240 3503 42 111 24 2 51 246 1879 1770 24 115 9 57 226 1338 2318 14 24 113 6
0 0 3 82 1841 583 1271 316 0 0 8 607 1459 876 937 209 0 8 290 1586 309 811 915 177
0 0 0 0 3733 94 100 169 0 0 0 432 3343 88 114 119 0 0 103 3602 92 73 135 91
0 0 0 2 3790 87 87 130 0 0 0 208 3625 83 83 97 0 0 71 3706 71 80 86 82
0 0 0 1 3816 108 68 103 0 0 0 505 3369 76 93 53 0 0 203 3597 105 70 107 14
0 0 0 4 3744 122 145 81 0 0 0 970 2824 149 101 52 0 0 610 3122 106 138 116 4
0 0 0 19 3028 731 230 88 0 0 2 717 3014 138 199 26 0 0 473 3024 262 136 196 5
0 1 33 95 2938 695 198 136 0 28 67 293 3281 178 212 37 21 45 178 3330 124 172 212 14
56 62 663 1244 1672 171 173 55 62 90 1092 1795 721 189 124 23 74 229 1798 1563 138 188 81 25
0 3 234 90 3502 186 67 14 0 21 226 1203 2465 138 35 8 2 130 456 3192 188 93 31 4
0 0 0 0 4095 1 0 0 0 0 0 444 3652 0 0 0 0 0 298 3798 0 0 0 0
0 0 0 0 4095 1 0 0 0 0 0 44 4052 0 0 0 0 0 106 3990 0 0 0 0
1511 129 21 46 2374 15 0 0 1619 33 36 176 2232 0 0 0 1627 28 48 2371 22 0 0 0
4096 0 0 0 0 0 0 0 4096 0 0 0 0 0 0 0 4096 0 0 0 0 0 0 0
4096 0 0 0 0 0 0 0 4096 0 0 0 0 0 0 0 4096 0 0 0 0 0 0 0
3026 148 39 53 830 0 0 0 2985 185 50 56 820 0 0 0 3193 29 57 817 0 0 0 0
0 0 0 0 4092 4 0 0 0 0 0 7 4089 0 0 0 0 0 4 4092 0 0 0 0
234 136 2870 856 0 0 0 0 255 233 3522 86 0 0 0 0 259 460 3364 13 0 0 0 0
77 393 1699 1910 17 0 0 0 168 868 2399 661 0 0 0 0 250 952 2742 152 0 0 0 0
0 0 84 1093 2919 0 0 0 0 0 319 3136 641 0 0 0 0 3 317 3210 566 0 0 0
0 0 7 254 1636 2199 0 0 0 1 19 569 3493 14 0 0 0 2 50 742 3300 2 0 0
0 0 8 267 1273 2548 0 0 0 1 31 390 3661 13 0 0 0 2 119 386 3589 0 0 0
0 0 8 290 1291 2507 0 0 0 2 76 375 3617 26 0 0 0 4 155 366 3568 3 0 0
0 1 12 301 1512 2270 0 0 0 5 98 310 3646 37 0 0 0 8 182 321 3581 4 0 0
0 3 31 313 1425 2324 0 0 0 6 137 367 3559 27 0 0 0 12 265 387 3432 0 0 0
0 1 56 373 1633 2033 0 0 0 9 180 393 3478 36 0 0 1 37 303 404 3351 0 0 0
0 3 52 385 1461 2195 0 0 0 10 199 420 3446 21 0 0 3 37 342 548 3165 1 0 0
0 5 90 358 1398 2245 0 0 0 14 241 347 3460 34 0 0 5 91 330 766 2904 0 0 0
0 8 108 336 2275 1369 0 0 0 25 283 356 3415 17 0 0 12 161 338 2286 1299 0 0 0
0 3 62 335 3168 528 0 0 2 14 251 298 3529 2 0 0 12 138 306 3559 81 0 0 0
0 7 110 301 1064 2613 1 0 4 24 262 262 3368 176 0 0 24 198 277 2500 1097 0 0 0
0 8 102 158 135 3421 269 3 3 24 138 158 789 2924 60 0 19 128 159 281 3342 166 1 0
0 3 82 164 152 3347 342 6 0 23 136 151 401 3333 52 0 18 113 146 222 3302 295 0 0
0 8 97 198 1755 2037 1 0 2 21 176 184 3372 341 0 0 43 152 191 3020 690 0 0 0
0 5 173 223 3654 41 0 0 0 64 224 1484 2324 0 0 0 72 211 920 2893 0 0 0 0
0 9 88 166 2737 745 351 0 3 41 130 182 3307 206 227 0 46 114 183 3273 83 249 148 0
0 0 0 7 841 1530 1611 107 0 0 0 51 1993 1674 342 36 0 0 3 1680 545 1636 211 21
0 0 0 1 2525 1524 26 20 0 0 0 13 4029 15 25 14 0 0 1 3966 76 22 19 12
0 0 0 0 3773 323 0 0 0 0 0 0 4096 0 0 0 0 0 0 4084 12 0 0 0
0 0 0 0 3411 685 0 0 0 0 0 0 4096 0 0 0 0 0 0 4094 2 0 0 0
0 0 0 0 2499 1597 0 0 0 0 0 0 4096 0 0 0 0 0 0 4031 65 0 0 0
0 0 0 0 1883 2213 0 0 0 0 0 0 3618 478 0 0 0 0 0 2560 1536 0 0 0
0 0 0 0 650 3446 0 0 0 0 0 0 4045 51 0 0 0 0 0 1983 2113 0 0 0
48 47 952 1077 1924 48 0 0 55 83 1370 731 1857 0 0 0 66 287 1489 2251 3 0 0 0
0 0 468 71 2952 605 0 0 0 0 487 61 3518 30 0 0 0 292 229 3339 236 0 0 0
0 0 0 58 1880 2118 25 15 1 74 21 18 3923 26 24 9 0 55 37 3508 442 26 20 8
0 0 129 863 1950 1145 8 1 7 1049 253 171 2614 2 0 0 170 756 357 2453 356 4 0 0
915 147 207 778 1476 572 1 0 1061 1158 254 128 1495 0 0 0 1136 900 418 1529 113 0 0 0
2578 271 511 465 259 11 1 0 2849 1090 147 9 1 0 0 0 2871 862 345 15 3 0 0 0
4082 11 3 0 0 0 0 0 4089 6 1 0 0 0 0 0 4092 4 0 0 0 0 0 0
3193 179 65 58 572 29 0 0 3241 151 59 50 592 3 0 0 3370 62 64 579 21 0 0 0
1 33 40 95 3017 910 0 0 44 65 55 35 3897 0 0 0 46 94 38 3811 107 0 0 0
68 1169 1754 174 292 639 0 0 141 1593 1286 209 487 380 0 0 364 1526 1147 125 280 654 0 0
305 339 2332 1082 29 9 0 0 327 569 2787 391 20 2 0 0 337 488 2306 946 16 3 0 0
115 120 426 1395 2040 0 0 0 137 139 907 2697 216 0 0 0 119 134 452 3160 231 0 0 0
0 0 10 417 3033 636 0 0 0 0 43 789 3263 1 0 0 0 2 62 831 3201 0 0 0
89 213 242 682 2308 562 0 0 136 337 397 564 2658 4 0 0 223 334 419 570 2550 0 0 0
0 77 98 492 2283 1146 0 0 45 100 170 579 3197 5 0 0 39 107 275 572 3103 0 0 0
0 0 21 400 2194 1481 0 0 0 6 107 454 3516 13 0 0 0 13 260 443 3380 0 0 0
0 0 24 344 1971 1757 0 0 0 6 135 362 3584 9 0 0 0 15 279 363 3439 0 0 0
0 0 21 258 1902 1915 0 0 0 5 123 297 3665 6 0 0 0 11 214 331 3540 0 0 0
0 8 58 324 2346 1360 0 0 0 28 171 548 3344 5 0 0 8 64 324 1108 2592 0 0 0
0 1 37 319 1739 2000 0 0 0 8 200 438 3443 7 0 0 1 53 336 1183 2523 0 0 0
244 109 130 301 1280 2032 0 0 290 86 277 412 2981 50 0 0 315 174 322 1272 2013 0 0 0
0 5 68 205 1678 2140 0 0 0 10 177 302 3548 59 0 0 7 122 212 2421 1334 0 0 0
0 3 99 286 592 3115 1 0 2 26 222 335 2621 890 0 0 22 160 285 909 2719 1 0 0
0 6 83 290 173 3139 381 24 2 93 175 200 258 3300 68 0 83 160 179 229 3150 291 4 0
0 3 43 236 114 3340 353 7 1 86 108 141 174 3548 38 0 64 91 146 159 3362 274 0 0
0 9 126 197 466 3260 38 0 1 36 206 182 2718 953 0 0 42 166 188 1565 2128 7 0 0
0 5 81 184 3207 619 0 0 2 43 145 187 3718 1 0 0 33 108 184 3680 91 0 0 0
0 111 126 137 735 2198 788 1 20 145 153 130 2644 653 351 0 103 174 145 1960 823 630 261 0
0 0 0 0 32 3113 939 12 0 0 0 0 2919 722 455 0 0 0 0 510 2607 561 418 0
0 0 0 0 70 4026 0 0 0 0 0 0 4085 11 0 0 0 0 0 1823 2273 0 0 0
0 0 0 0 218 3878 0 0 0 0 0 0 4096 0 0 0 0 0 0 2768 1328 0 0 0
0 0 0 0 204 3892 0 0 0 0 0 0 4095 1 0 0 0 0 0 1927 2169 0 0 0
0 0 0 0 2 4094 0 0 0 0 0 0 4096 0 0 0 0 0 0 1297 2799 0 0 0
0 0 0 0 130 3961 5 0 0 0 0 0 2546 1550 0 0 0 0 0 958 3091 47 0 0
111 36 27 41 120 3178 572 11 127 25 40 29 1005 2707 158 5 137 25 41 182 2686 912 112 1
0 0 27 234 224 541 3035 35 0 0 49 234 260 2934 597 22 0 11 69 435 47 2944 556 34
0 0 81 28 470 2885 516 116 0 0 83 42 1232 2397 282 60 0 22 67 560 1001 2077 274 95
0 0 1 47 199 3544 253 52 0 30 14 39 1454 2396 136 27 0 28 14 346 1503 2053 121 31
0 13 50 1101 1405 1319 202 6 12 34 314 1446 1723 425 141 1 28 60 995 1248 1194 362 208 1
1245 89 508 781 453 926 94 0 1298 133 863 448 1049 250 55 0 1297 483 687 641 638 249 101 0
2096 117 48 50 57 1454 258 16 2056 157 62 38 85 1601 92 5 2216 54 44 49 675 1004 54 0
2996 45 27 30 32 508 458 0 3022 32 31 27 57 774 153 0 3001 42 29 27 46 683 268 0
3613 133 46 49 107 148 0 0 3584 155 53 50 182 72 0 0 3744 52 46 83 171 0 0 0
30 266 197 536 635 2349 83 0 238 252 265 371 2204 699 67 0 271 310 416 747 1701 596 55 0
226 332 604 604 2086 244 0 0 282 763 239 892 1883 37 0 0 460 600 160 577 1760 539 0 0
744 589 1279 1225 259 0 0 0 812 1092 1981 210 1 0 0 0 662 1741 1371 321 1 0 0 0
149 222 582 2299 844 0 0 0 202 444 1076 2368 6 0 0 0 261 486 856 2486 7 0 0 0
0 0 8 416 3593 79 0 0 0 0 49 784 3263 0 0 0 0 1 105 908 3082 0 0 0
0 23 115 999 1887 1065 7 0 0 86 783 986 1549 692 0 0 23 184 925 669 1268 1006 21 0
0 11 28 311 1951 1764 31 0 7 20 79 437 2338 1213 2 0 8 24 127 380 2057 1252 248 0
0 0 15 328 3313 440 0 0 0 0 93 318 3683 2 0 0 0 7 189 425 3475 0 0 0
0 0 69 383 2860 784 0 0 0 5 158 399 3529 5 0 0 0 11 287 505 3293 0 0 0
318 612 841 476 1289 560 0 0 407 1066 635 265 1718 5 0 0 673 1111 405 345 1562 0 0 0
0 103 93 465 2230 1205 0 0 3 140 298 487 3162 6 0 0 50 214 429 858 2545 0 0 0
329 443 171 682 1404 1067 0 0 356 479 605 440 2193 23 0 0 440 710 513 787 1646 0 0 0
425 1075 521 807 461 807 0 0 476 1340 944 222 1065 49 0 0 508 1702 648 369 868 1 0 0
0 0 41 216 240 3599 0 0 0 3 144 186 3545 218 0 0 3 72 206 343 3472 0 0 0
0 32 90 236 368 3364 6 0 14 39 205 199 2917 722 0 0 47 127 224 548 3149 1 0 0
0 180 149 225 339 3003 193 7 56 169 214 360 651 2611 33 2 157 185 223 397 2901 219 12 2
0 3 53 164 131 3625 117 3 1 5 101 148 974 2835 30 2 5 69 162 135 3586 129 9 1
0 5 104 180 229 3565 13 0 1 28 154 183 3092 637 1 0 15 135 174 993 2774 5 0 0
0 4 115 252 1464 2205 48 8 0 33 262 249 3334 191 23 4 9 180 291 2567 933 78 34 4
0 63 287 593 1238 1301 611 3 15 271 630 1263 966 658 293 0 102 390 1068 781 918 529 306 2
0 0 0 0 16 3601 477 2 0 0 0 0 3144 854 98 0 0 0 0 36 3424 549 87 0
0 0 0 0 0 4096 0 0 0 0 0 0 3852 244 0 0 0 0 0 113 3983 0 0 0
0 0 0 0 0 4096 0 0 0 0 0 0 3978 118 0 0 0 0 0 340 3756 0 0 0
0 0 0 0 0 4096 0 0 0 0 0 0 3983 113 0 0 0 0 0 188 3908 0 0 0
0 0 0 0 1 4095 0 0 0 0 0 0 3985 111 0 0 0 0 0 286 3810 0 0 0
0 0 0 0 16 4076 4 0 0 0 0 0 2450 1646 0 0 0 0 0 441 3614 41 0 0
77 56 44 59 272 3212 376 0 87 57 46 64 430 3397 15 0 130 35 45 140 2738 1008 0 0
0 0 0 0 0 2302 1794 0 0 0 0 0 0 4096 0 0 0 0 0 0 0 4095 1 0
0 0 0 0 66 3969 61 0 0 0 0 0 604 3492 0 0 0 0 0 0 907 3189 0 0
0 0 0 0 755 3319 22 0 0 0 0 0 1448 2648 0 0 0 0 0 108 1952 2036 0 0
0 0 0 0 26 4070 0 0 0 0 0 0 2801 1295 0 0 0 0 0 63 4033 0 0 0
929 68 26 28 48 2996 1 0 973 39 30 35 2344 675 0 0 977 40 27 64 2966 22 0 0
2771 250 225 40 52 758 0 0 2777 414 57 41 159 648 0 0 3010 242 36 50 663 95 0 0
1669 65 31 29 31 1409 862 0 1719 37 27 26 45 2038 204 0 1684 55 29 24 409 1524 371 0
3985 82 17 8 4 0 0 0 3967 95 20 9 4 1 0 0 4069 16 8 3 0 0 0 0
195 271 175 589 812 2054 0 0 264 235 184 782 1667 964 0 0 405 181 422 846 1628 614 0 0
1908 604 285 162 189 948 0 0 2138 523 184 168 880 203 0 0 2008 621 181 171 547 568 0 0
128 171 1273 1309 168 1047 0 0 258 2054 588 140 585 471 0 0 659 1925 342 126 489 555 0 0
0 133 1228 1475 198 1052 10 0 61 2197 477 289 415 657 0 0 454 1910 364 296 387 685 0 0
0 0 42 644 2336 1073 1 0 0 69 195 2125 997 710 0 0 0 69 271 2252 883 621 0 0
0 0 116 900 704 2370 6 0 0 66 671 661 928 1770 0 0 3 152 639 480 631 2189 2 0
0 0 44 657 1423 1885 87 0 0 25 531 659 1439 1442 0 0 0 104 662 734 920 1666 10 0
0 0 13 234 2546 1232 71 0 0 3 70 375 2592 1054 2 0 0 6 152 580 2357 997 4 0
0 58 1025 470 1307 1107 129 0 0 154 1162 357 1408 1003 12 0 0 168 1032 649 1191 1035 21 0
0 123 1999 663 100 1003 208 0 0 220 2352 244 148 1116 16 0 0 184 1808 834 104 1129 37 0
0 9 183 341 1810 1369 384 0 0 35 306 316 2252 1178 9 0 7 55 400 836 1601 1137 60 0
34 513 139 214 1366 1255 575 0 34 535 228 232 1903 1127 37 0 203 390 237 580 1554 1017 115 0
670 1464 451 147 123 770 471 0 830 1395 454 90 222 1061 44 0 781 1442 437 156 201 988 91 0
1 67 39 201 280 2866 642 0 41 42 178 188 2430 1189 28 0 50 67 225 256 2427 943 128 0
0 17 127 474 403 2433 642 0 32 162 359 300 1830 1378 35 0 54 295 368 338 1991 947 103 0
0 97 281 1098 610 1523 484 3 264 526 983 271 535 1433 84 0 190 1084 587 252 783 1142 58 0
0 4 74 188 182 2980 668 0 3 8 150 183 2188 1444 120 0 5 99 172 427 2300 877 216 0
0 14 111 237 513 2694 527 0 1 40 183 254 2184 1315 119 0 33 138 226 856 1891 780 172 0
0 6 80 205 541 2502 724 38 3 12 173 158 1584 1941 207 18 6 67 142 876 796 1762 381 66
1 5 69 149 355 2705 811 1 2 29 146 243 966 2567 143 0 8 56 238 138 566 2664 420 6
68 68 17 49 175 2600 1106 13 111 34 30 67 2065 1370 415 4 113 30 42 160 2105 1247 395 4
44 25 14 46 135 3560 206 66 58 16 27 64 3392 326 203 10 55 19 42 250 3409 134 182 5
0 0 0 0 26 3866 120 84 0 0 0 0 3240 707 124 25 0 0 0 10 3837 114 130 5
0 0 0 0 8 3910 145 33 0 0 0 0 3038 929 129 0 0 0 0 3 3878 113 102 0
4 138 71 61 88 3712 16 6 11 166 65 60 3497 281 16 0 72 137 66 107 3683 21 10 0
19 54 11 10 53 3949 0 0 25 50 12 11 3067 931 0 0 66 15 10 353 3652 0 0 0
0 0 0 0 0 2688 1408 0 0 0 0 0 855 3175 66 0 0 0 0 0 2280 1776 40 0
0 0 0 0 0 3380 716 0 0 0 0 0 0 4096 0 0 0 0 0 0 0 4096 0 0
0 0 0 0 82 3811 203 0 0 0 0 3 420 3669 4 0 0 0 0 9 925 3155 7 0
0 0 0 0 320 3773 3 0 0 0 0 1 1407 2688 0 0 0 0 0 104 1883 2109 0 0
0 0 0 0 0 4096 0 0 0 0 0 0 2237 1859 0 0 0 0 0 0 4096 0 0 0
51 143 81 72 174 3575 0 0 147 69 88 90 2452 1250 0 0 187 81 68 112 3639 9 0 0
17 32 784 1584 1416 263 0 0 18 862 1082 1179 905 50 0 0 42 1266 1185 892 706 5 0 0
62 35 54 778 115 2496 556 0 80 73 744 104 333 2709 53 0 79 271 571 111 1254 1656 154 0
113 86 129 1234 372 2160 2 0 122 163 1127 419 1841 424 0 0 190 228 1330 216 2126 6 0 0
58 154 96 233 552 3003 0 0 144 115 99 555 2976 207 0 0 174 109 132 601 3065 15 0 0
3298 408 179 154 19 12 12 14 3486 380 216 11 3 0 0 0 3465 421 162 17 25 6 0 0
31 1255 2123 565 65 22 32 3 494 2971 619 12 0 0 0 0 2147 1506 382 35 26 0 0 0
120 901 2401 624 50 0 0 0 420 3011 660 5 0 0 0 0 2378 1237 481 0 0 0 0 0
267 119 97 3487 126 0 0 0 334 103 560 3099 0 0 0 0 306 311 971 2508 0 0 0 0
2696 146 99 482 417 252 4 0 2699 147 105 575 505 65 0 0 2722 146 133 427 382 259 27 0
622 495 94 176 2633 69 7 0 456 626 162 2132 659 61 0 0 552 593 126 2609 141 57 18 0
0 0 0 0 4096 0 0 0 0 0 0 299 3797 0 0 0 0 0 0 3492 604 0 0 0
476 51 1180 567 1819 3 0 0 472 253 1422 318 1631 0 0 0 532 556 1165 1342 501 0 0 0
1024 203 2494 254 80 41 0 0 1050 557 2346 72 71 0 0 0 1058 688 2202 67 81 0 0 0
0 0 66 135 3588 300 7 0 0 61 130 112 3744 49 0 0 0 151 55 2137 1714 39 0 0
0 80 85 309 3093 529 0 0 9 82 213 870 2885 37 0 0 19 89 246 1623 2071 48 0 0
30 300 99 202 1213 2244 8 0 52 314 127 332 3084 187 0 0 33 378 140 714 2618 213 0 0
0 0 2 485 228 3335 46 0 0 0 454 185 3270 187 0 0 0 170 408 271 3098 149 0 0
0 268 401 238 102 2997 90 0 524 232 176 60 2843 261 0 0 581 266 115 80 2858 196 0 0
0 600 2734 133 129 369 131 0 3240 155 99 109 193 291 9 0 2426 1000 70 107 201 281 11 0
0 47 506 602 113 2682 146 0 664 293 251 61 2449 378 0 0 287 756 181 767 1775 324 6 0
0 0 2 24 1704 2240 126 0 0 0 4 137 3513 441 1 0 0 3 86 2942 732 325 8 0
0 0 2 465 1684 1591 354 0 0 7 449 699 1783 1145 13 0 0 157 715 1208 811 1085 120 0
0 0 0 0 303 3372 421 0 0 0 0 11 1951 2123 11 0 0 0 0 22 1379 2403 292 0
1409 420 281 564 710 488 176 48 1570 513 712 370 513 336 54 28 1750 558 696 228 395 383 70 16
1795 465 196 152 186 1120 82 100 1835 511 157 166 1087 183 96 61 1919 420 220 175 1147 71 90 54
0 0 0 0 44 3839 116 97 0 0 0 0 3649 283 138 26 0 0 0 27 3808 108 140 13
0 0 0 0 6 4057 28 5 0 0 0 0 3838 251 5 2 0 0 0 49 3991 50 5 1
19 38 171 869 759 1953 249 38 41 242 897 656 1917 191 151 1 70 664 749 491 1805 191 126 0
183 265 161 488 553 2135 242 69 243 311 505 201 2316 292 227 1 331 562 282 525 1999 209 183 5
0 0 0 0 8 3098 983 7 0 0 0 0 1810 2159 127 0 0 0 0 14 2002 2020 60 0
45 206 64 61 58 3332 330 0 120 151 63 54 67 3590 51 0 207 77 61 50 76 3603 22 0
2 9 53 72 141 3502 317 0 6 10 71 73 1354 2549 33 0 11 12 81 99 1510 2364 19 0
0 0 0 0 140 3956 0 0 0 0 0 4 1629 2463 0 0 0 0 0 75 2405 1616 0 0
0 0 0 0 0 4096 0 0 0 0 0 0 3805 291 0 0 0 0 0 0 4096 0 0 0
33 132 49 102 439 3341 0 0 116 79 75 83 3415 328 0 0 156 54 88 204 3574 20 0 0
0 0 0 932 1864 1300 0 0 0 0 881 1258 1872 85 0 0 0 0 1135 1481 1480 0 0 0
0 0 0 1645 130 2200 121 0 0 0 1608 125 379 1983 1 0 0 12 1693 113 1337 941 0 0
0 0 9 1547 558 1704 278 0 0 47 1448 499 1376 724 2 0 0 0 1874 249 1224 666 83 0
7 13 5 9 23 4039 0 0 15 7 8 10 4029 27 0 0 16 6 8 53 4012 1 0 0
1088 267 136 106 165 2111 164 59 1214 286 317 80 1695 504 0 0 1251 221 121 128 1201 1174 0 0
2023 1072 378 332 220 42 24 5 2522 1145 401 28 0 0 0 0 3197 489 301 80 29 0 0 0
1878 772 736 605 105 0 0 0 2130 1313 619 34 0 0 0 0 2752 892 452 0 0 0 0 0
1837 272 337 1650 0 0 0 0 1900 242 1062 892 0 0 0 0 1806 312 1633 345 0 0 0 0
2060 662 865 509 0 0 0 0 2108 1169 551 268 0 0 0 0 2400 1047 501 148 0 0 0 0
1395 432 330 1254 685 0 0 0 1366 620 240 1870 0 0 0 0 1406 611 208 1871 0 0 0 0
259 110 103 1148 2476 0 0 0 278 110 145 3136 427 0 0 0 262 107 117 3600 10 0 0 0
1823 312 134 394 1433 0 0 0 1840 333 126 1520 277 0 0 0 2064 150 134 1726 22 0 0 0
2769 290 191 125 707 14 0 0 2799 351 137 201 607 1 0 0 2947 247 128 552 222 0 0 0
0 0 50 765 3274 7 0 0 0 22 80 1473 2521 0 0 0 12 43 566 3128 347 0 0 0
0 0 228 961 2877 30 0 0 0 171 247 1824 1854 0 0 0 15 252 501 2622 706 0 0 0
5 157 325 959 2188 462 0 0 32 358 632 1157 1890 27 0 0 73 620 577 1809 971 46 0 0
0 0 0 630 2291 1175 0 0 0 0 22 1535 2539 0 0 0 0 4 477 2196 1419 0 0 0
28 60 117 534 875 2482 0 0 63 141 520 442 2924 6 0 0 70 413 514 556 2543 0 0 0
1731 468 260 856 496 284 1 0 2055 323 1030 294 342 52 0 0 2188 764 677 178 276 13 0 0
446 222 269 1159 468 1532 0 0 575 451 1056 198 1816 0 0 0 675 848 689 1023 861 0 0 0
622 249 101 94 2672 358 0 0 675 253 119 397 2652 0 0 0 770 188 162 2917 59 0 0 0
1396 120 106 131 1334 839 170 0 1422 144 139 545 1049 754 43 0 1409 201 167 1202 238 633 239 7
1917 58 30 17 311 1256 505 2 1952 43 18 54 665 1142 222 0 1887 82 31 35 394 895 733 39
471 441 360 1137 475 340 828 44 493 690 1269 222 398 215 785 24 484 1428 606 237 316 156 716 153
1507 2124 287 170 7 1 0 0 1454 2338 296 6 2 0 0 0 938 1804 1270 83 1 0 0 0
199 2350 502 118 103 823 1 0 152 2330 646 71 892 5 0 0 46 1091 1448 609 898 4 0 0
1 724 733 275 704 1457 109 93 6 615 933 286 1935 145 106 70 3 70 768 1392 1571 106 104 82
553 650 380 547 874 715 233 144 621 864 763 400 955 217 177 99 678 1112 626 433 758 200 197 92
979 597 247 603 880 450 206 134 1020 713 924 546 368 255 211 59 1176 840 1029 211 402 176 242 20
0 7 7 13 52 3227 779 11 1 10 8 15 1929 2073 60 0 7 5 11 24 2032 1968 49 0
223 272 213 187 408 2248 541 4 317 245 201 223 550 2364 196 0 430 191 178 275 635 2301 86 0
279 239 119 141 402 2749 167 0 304 229 132 178 1570 1576 107 0 448 137 133 261 1735 1338 44 0
0 0 0 0 82 4013 1 0 0 0 7 25 1957 2107 0 0 0 0 4 65 2762 1265 0 0
0 0 6 98 221 3771 0 0 0 108 127 88 3758 15 0 0 0 39 117 156 3784 0 0 0
121 295 319 329 487 2545 0 0 326 548 152 234 2802 34 0 0 370 460 201 386 2677 2 0 0
0 0 2 381 1562 2151 0 0 0 0 378 985 2732 1 0 0 0 1 385 1503 2207 0 0 0
0 0 0 2938 115 1043 0 0 0 0 2900 92 455 649 0 0 0 264 2717 148 905 62 0 0
0 0 0 590 360 2931 215 0 0 19 525 169 1416 1935 32 0 0 22 608 273 1614 1531 48 0
0 0 0 0 212 3884 0 0 0 0 0 0 4096 0 0 0 0 0 0 64 4032 0 0 0
263 46 898 225 214 2450 0 0 260 811 312 62 1485 1166 0 0 418 959 60 70 737 1852 0 0
2456 593 761 286 0 0 0 0 2567 853 536 140 0 0 0 0 2764 776 464 92 0 0 0 0
3249 480 289 78 0 0 0 0 3277 692 120 7 0 0 0 0 3527 517 44 8 0 0 0 0
3653 296 43 104 0 0 0 0 3673 294 128 1 0 0 0 0 3829 196 71 0 0 0 0 0
2134 1086 615 232 23 6 0 0 2237 1343 468 25 20 3 0 0 2486 1244 318 23 19 6 0 0
3264 631 194 7 0 0 0 0 3305 711 80 0 0 0 0 0 3627 457 12 0 0 0 0 0
3179 511 406 0 0 0 0 0 3192 904 0 0 0 0 0 0 3850 246 0 0 0 0 0 0
1482 570 831 519 582 112 0 0 1540 1077 477 585 410 7 0 0 1955 870 467 403 344 57 0 0
695 448 1198 489 1254 12 0 0 764 1337 427 1021 533 14 0 0 1240 1076 632 987 150 11 0 0
1 77 115 514 3386 3 0 0 17 105 238 2392 1342 2 0 0 55 113 837 2603 488 0 0 0
0 0 17 517 3558 4 0 0 0 1 78 2587 1430 0 0 0 0 15 886 2764 431 0 0 0
291 281 229 527 2603 165 0 0 354 296 397 1463 1578 8 0 0 531 236 1052 1499 711 67 0 0
0 0 91 457 3341 207 0 0 0 0 165 1716 2215 0 0 0 0 46 1433 1892 725 0 0 0
313 117 407 1368 1857 34 0 0 300 233 1502 499 1562 0 0 0 431 1279 664 1593 129 0 0 0
157 133 284 991 2303 228 0 0 152 270 1116 198 2360 0 0 0 250 1169 321 2356 0 0 0 0
2 77 1042 1066 1766 143 0 0 6 1080 1056 210 1744 0 0 0 487 1636 221 1752 0 0 0 0
0 4 453 352 3287 0 0 0 0 64 681 504 2847 0 0 0 7 769 793 2527 0 0 0 0
2991 151 236 178 515 25 0 0 3025 222 253 252 344 0 0 0 3152 308 235 401 0 0 0 0
2980 209 106 112 629 60 0 0 3037 190 146 480 240 3 0 0 3162 138 361 418 17 0 0 0
84 193 100 474 1716 401 1112 16 126 233 576 1253 562 445 901 0 161 295 1243 791 217 215 1080 94
2346 446 698 101 225 273 7 0 2347 1191 38 33 359 126 2 0 2333 1232 21 62 280 160 8 0
3760 336 0 0 0 0 0 0 3614 482 0 0 0 0 0 0 3292 804 0 0 0 0 0 0
2676 1392 28 0 0 0 0 0 2424 1646 26 0 0 0 0 0 1905 1771 366 54 0 0 0 0
744 2502 353 237 260 0 0 0 739 2533 666 158 0 0 0 0 520 1293 2102 181 0 0 0 0
1792 672 262 385 948 37 0 0 1863 724 766 692 43 8 0 0 2035 511 1210 289 47 4 0 0
262 175 102 414 311 2379 453 0 287 177 379 186 803 2184 80 0 390 467 128 519 402 2164 26 0
0 0 0 1 80 3943 72 0 0 0 0 9 161 3918 8 0 0 0 0 22 194 3878 2 0
0 0 0 15 222 3842 17 0 0 0 0 42 1550 2504 0 0 0 0 3 77 1919 2097 0 0
170 86 241 597 621 2374 7 0 210 496 381 146 1297 1566 0 0 243 712 204 380 1843 714 0 0
720 245 787 1285 674 385 0 0 735 1169 909 431 852 0 0 0 992 1848 399 847 10 0 0 0
483 452 718 713 1460 270 0 0 657 813 580 1008 1027 11 0 0 888 1180 334 1261 433 0 0 0
515 217 323 565 1907 569 0 0 531 266 618 1061 1620 0 0 0 620 797 255 1441 983 0 0 0
0 16 129 3800 84 67 0 0 0 124 3800 78 92 2 0 0 14 326 3634 81 41 0 0 0
66 49 224 88 412 3154 103 0 96 210 94 75 1103 2513 5 0 74 253 89 167 1971 1495 47 0
804 240 476 336 1706 534 0 0 829 282 692 117 2176 0 0 0 909 804 76 864 1443 0 0 0
287 155 2260 326 976 92 0 0 337 1873 696 254 921 15 0 0 586 2278 190 759 188 95 0 0
123 310 2037 1458 117 51 0 0 178 2024 1828 66 0 0 0 0 649 2535 848 64 0 0 0 0
194 363 2874 347 111 207 0 0 222 2905 969 0 0 0 0 0 1163 2635 196 102 0 0 0 0
19 426 2864 787 0 0 0 0 29 2829 1236 2 0 0 0 0 1607 2400 89 0 0 0 0 0
0 106 2513 1458 19 0 0 0 0 1811 2226 56 3 0 0 0 864 3089 123 19 1 0 0 0
0 59 3209 804 24 0 0 0 0 2408 1245 443 0 0 0 0 1586 2002 508 0 0 0 0 0
0 12 1512 898 1674 0 0 0 0 1186 585 2325 0 0 0 0 770 951 2372 3 0 0 0 0
0 0 468 1476 2152 0 0 0 0 278 1284 2490 44 0 0 0 200 1197 2035 663 1 0 0 0
0 0 46 1266 2784 0 0 0 0 3 1082 2988 23 0 0 0 29 997 2004 1066 0 0 0 0
0 0 0 277 3819 0 0 0 0 0 55 3976 65 0 0 0 0 27 3137 932 0 0 0 0
0 0 1 133 3962 0 0 0 0 0 29 3777 290 0 0 0 0 26 3299 771 0 0 0 0
0 0 199 845 3052 0 0 0 0 32 646 2815 603 0 0 0 15 499 2218 1332 32 0 0 0
0 0 0 22 4073 1 0 0 0 0 0 1504 2592 0 0 0 0 0 1190 2906 0 0 0 0
0 0 3 1060 2924 109 0 0 0 0 896 458 2737 5 0 0 0 693 562 2817 20 4 0 0
0 0 0 2 3984 110 0 0 0 0 1 11 4084 0 0 0 0 2 28 4066 0 0 0 0
0 0 599 480 2962 55 0 0 0 497 360 422 2817 0 0 0 331 431 301 3023 10 0 0 0
79 41 116 428 3431 1 0 0 92 106 403 1025 2470 0 0 0 113 347 1351 2285 0 0 0 0
0 0 677 729 2675 15 0 0 0 447 942 880 1827 0 0 0 45 1192 960 1899 0 0 0 0
0 0 314 1316 2459 7 0 0 0 239 1538 591 1728 0 0 0 176 1161 946 1813 0 0 0 0
0 0 0 664 3312 120 0 0 0 0 620 320 3156 0 0 0 2 466 403 3225 0 0 0 0
0 71 630 668 1926 785 16 0 3 881 469 149 2356 234 4 0 214 1112 51 1309 1110 286 14 0
1511 329 264 657 84 532 708 11 1494 596 623 76 85 735 481 6 1740 850 122 69 64 214 987 50
3829 217 30 9 4 3 4 0 3803 272 8 4 5 3 1 0 3545 516 20 5 6 2 2 0
3400 696 0 0 0 0 0 0 3278 818 0 0 0 0 0 0 2674 1416 6 0 0 0 0 0
1797 314 216 1170 598 1 0 0 1725 504 1539 320 7 1 0 0 1772 895 1404 17 7 1 0 0
48 30 58 117 797 2910 136 0 57 41 85 189 1766 1953 5 0 81 79 176 1629 399 1730 2 0
0 0 0 0 0 3975 121 0 0 0 0 0 0 4096 0 0 0 0 0 0 28 4068 0 0
0 0 0 0 2 4064 30 0 0 0 0 0 1217 2878 1 0 0 0 0 0 1638 2458 0 0
0 0 0 0 1332 2759 5 0 0 0 0 54 3023 1017 2 0 0 0 0 1024 2593 479 0 0
0 0 0 0 532 3534 30 0 0 0 0 0 3991 80 25 0 0 0 0 3992 39 59 6 0
29 161 122 170 1766 1844 4 0 121 132 94 984 2732 30 3 0 136 131 98 3210 497 24 0 0
0 0 90 620 1857 1529 0 0 0 0 161 961 2971 3 0 0 0 3 205 3541 344 3 0 0
0 0 32 3398 633 33 0 0 0 39 2995 759 303 0 0 0 0 33 3031 734 297 1 0 0
0 0 600 612 288 2590 6 0 0 407 527 410 857 1895 0 0 21 536 445 337 1679 1078 0 0
0 0 2 258 2553 1283 0 0 0 0 150 230 3274 442 0 0 0 212 205 3074 170 435 0 0
49 353 1050 1582 1025 37 0 0 97 920 1462 1285 331 1 0 0 197 1131 1311 1091 350 16 0 0
0 0 27 117 1419 2533 0 0 0 179 3917 0 0 0 0 0 1 85 2121 1889 0 0 0 0
0 4 612 908 1204 1368 0 0 0 162 3934 0 0 0 0 0 9 1418 1779 890 0 0 0 0
95 264 781 2715 227 14 0 0 132 497 2131 1163 161 12 0 0 213 1009 2212 392 210 56 4 0
0 0 203 3893 0 0 0 0 0 0 3903 193 0 0 0 0 0 2922 1174 0 0 0 0 0
0 0 35 2443 1618 0 0 0 0 0 717 3379 0 0 0 0 0 470 3621 5 0 0 0 0
0 0 0 445 3651 0 0 0 0 0 1 4095 0 0 0 0 0 0 4012 84 0 0 0 0
0 0 427 2116 1553 0 0 0 0 28 2126 1942 0 0 0 0 0 2133 1951 12 0 0 0 0
0 9 745 2834 508 0 0 0 0 209 2930 957 0 0 0 0 3 2863 1215 15 0 0 0 0
0 0 0 157 3939 0 0 0 0 0 26 4028 42 0 0 0 0 0 3475 621 0 0 0 0
0 0 0 538 3558 0 0 0 0 0 36 4013 47 0 0 0 0 50 3410 636 0 0 0 0
0 0 0 477 3619 0 0 0 0 0 19 3641 436 0 0 0 0 29 3436 631 0 0 0 0
0 0 0 0 4094 2 0 0 0 0 0 1577 2519 0 0 0 0 0 1266 2830 0 0 0 0
0 69 225 626 3170 6 0 0 19 90 371 1956 1660 0 0 0 38 303 1593 2114 42 6 0 0
0 0 0 0 4022 74 0 0 0 0 0 303 3793 0 0 0 0 0 447 3649 0 0 0 0
0 33 104 516 3435 8 0 0 7 43 200 1244 2602 0 0 0 13 363 1507 2205 8 0 0 0
663 436 488 472 2032 5 0 0 713 479 541 1235 1128 0 0 0 864 509 1195 1510 18 0 0 0
0 11 50 28 4007 0 0 0 2 26 53 1591 2424 0 0 0 10 65 2202 1819 0 0 0 0
32 64 217 256 3515 12 0 0 44 161 266 369 3256 0 0 0 148 276 887 2761 24 0 0 0
1 96 247 589 3050 113 0 0 6 136 677 657 2620 0 0 0 30 377 774 2833 82 0 0 0
249 180 171 1572 1701 223 0 0 304 214 1842 507 1211 18 0 0 345 916 1398 1014 357 66 0 0
2001 364 450 1138 68 71 4 0 2154 928 855 73 43 43 0 0 2104 1478 352 53 33 51 25 0
3934 90 55 17 0 0 0 0 3939 157 0 0 0 0 0 0 3968 113 15 0 0 0 0 0
4096 0 0 0 0 0 0 0 4096 0 0 0 0 0 0 0 4096 0 0 0 0 0 0 0
930 92 59 2337 523 155 0 0 936 285 2158 272 445 0 0 0 1012 1873 731 480 0 0 0 0
0 0 0 2 1303 2258 533 0 0 0 0 138 1554 2346 58 0 0 0 61 1601 100 2316 18 0
0 0 0 0 0 3858 238 0 0 0 0 0 18 4072 6 0 0 0 0 0 324 3750 22 0
0 0 0 0 4 3934 158 0 0 0 0 0 902 3175 19 0 0 0 0 5 1485 2572 34 0
0 28 176 145 228 2351 1168 0 51 202 88 62 694 2388 611 0 77 183 86 132 1321 1417 878 2
0 0 135 267 451 1463 1780 0 33 155 373 170 427 2155 783 0 0 31 552 289 212 2036 968 8
0 30 161 591 1610 866 838 0 8 135 226 763 1592 1096 276 0 45 119 263 563 1271 1497 338 0
3 184 292 530 2324 525 238 0 19 232 349 708 2130 507 151 0 5 293 212 510 2098 846 132 0
0 270 240 2134 1343 109 0 0 0 346 253 2574 849 74 0 0 1 319 266 2404 1054 52 0 0
4 168 488 985 917 1533 1 0 51 352 504 1148 1306 734 1 0 54 284 467 1033 1997 261 0 0
1 84 79 252 1668 1935 77 0 72 154 186 31 1776 1834 43 0 0 133 256 1646 489 1524 48 0
0 0 128 3510 458 0 0 0 0 0 3409 687 0 0 0 0 0 2029 2062 5 0 0 0 0
0 0 0 2063 2026 7 0 0 0 0 4068 28 0 0 0 0 0 922 3154 20 0 0 0 0
0 0 21 2883 1191 1 0 0 0 0 3639 457 0 0 0 0 0 1872 2221 3 0 0 0 0
0 0 0 2095 2001 0 0 0 0 0 507 3589 0 0 0 0 0 375 3708 13 0 0 0 0
0 0 0 2640 1456 0 0 0 0 0 1052 3044 0 0 0 0 0 191 3678 227 0 0 0 0
0 0 0 561 3535 0 0 0 0 0 14 3972 110 0 0 0 0 2 3888 206 0 0 0 0
0 0 0 0 4096 0 0 0 0 0 0 3849 247 0 0 0 0 0 3600 496 0 0 0 0
0 0 0 1461 2635 0 0 0 0 0 119 3932 45 0 0 0 0 213 3804 79 0 0 0 0
0 0 0 2375 1721 0 0 0 0 0 397 3699 0 0 0 0 0 472 3617 7 0 0 0 0
0 0 0 0 4096 0 0 0 0 0 0 3543 553 0 0 0 0 0 3281 815 0 0 0 0
0 0 0 126 3970 0 0 0 0 0 0 3839 257 0 0 0 0 0 3708 388 0 0 0 0
0 0 0 91 4005 0 0 0 0 0 0 3942 154 0 0 0 0 21 3836 239 0 0 0 0
0 0 0 0 4088 8 0 0 0 0 0 1332 2764 0 0 0 0 0 2494 1602 0 0 0 0
0 0 0 0 4073 23 0 0 0 0 0 2192 1904 0 0 0 0 53 3285 758 0 0 0 0
0 0 0 0 3517 579 0 0 0 0 0 317 3779 0 0 0 0 0 1551 2545 0 0 0 0
0 0 0 138 3793 165 0 0 0 0 70 2037 1989 0 0 0 0 404 2285 1407 0 0 0 0
52 106 299 1331 2225 83 0 0 74 169 802 1761 1290 0 0 0 166 1130 1824 962 14 0 0 0
0 0 0 92 4000 4 0 0 0 0 0 2455 1641 0 0 0 0 0 3379 717 0 0 0 0
17 67 64 286 3648 14 0 0 27 74 137 1961 1897 0 0 0 60 148 2548 1340 0 0 0 0
42 73 338 2011 1615 17 0 0 55 417 1763 1218 643 0 0 0 109 1871 1409 683 24 0 0 0
0 4 205 1387 2459 41 0 0 0 273 1265 552 2006 0 0 0 80 1443 980 1587 6 0 0 0
1529 250 202 678 817 593 27 0 1589 351 811 462 448 426 9 0 1758 422 787 391 344 372 22 0
3305 116 81 466 128 0 0 0 3281 149 276 367 23 0 0 0 3391 261 247 196 1 0 0 0
2877 235 131 153 700 0 0 0 2846 281 149 607 213 0 0 0 3063 164 553 316 0 0 0 0
133 72 164 1270 2101 356 0 0 143 90 1033 662 2146 22 0 0 187 853 462 2499 79 16 0 0
0 0 0 38 1270 2404 384 0 0 0 0 529 1020 2539 8 0 0 0 444 1088 67 2494 3 0
0 0 0 0 0 4095 1 0 0 0 0 0 0 4096 0 0 0 0 0 0 101 3995 0 0
0 0 0 0 150 3946 0 0 0 0 0 0 1426 2670 0 0 0 0 0 49 2506 1541 0 0
0 0 9 1066 1830 1191 0 0 0 7 745 1381 1453 510 0 0 2 470 1022 1645 759 198 0 0
0 0 0 0 2085 1977 34 0 0 0 0 0 3574 522 0 0 0 0 16 3271 527 282 0 0
82 82 62 362 1499 1696 313 0 122 66 72 940 1814 1082 0 0 148 75 829 1632 589 823 0 0
0 0 0 0 1476 1883 737 0 0 0 0 20 2501 1493 82 0 0 0 55 2051 659 1234 97 0
0 0 18 29 1210 1965 874 0 0 3 29 80 2038 1775 171 0 0 9 289 1356 723 1458 261 0
2 72 91 126 967 2644 194 0 22 135 100 293 1943 1602 1 0 46 194 330 1033 1046 1401 46 0
0 0 22 240 572 2996 266 0 12 183 330 95 982 2386 108 0 0 50 424 280 1645 1505 192 0
