4096 0 0 0 0 0 0 0 123 3973 0 0 0 0 0 0 0 2936 1160 0 0 0 0 0
4096 0 0 0 0 0 0 0 445 3651 0 0 0 0 0 0 0 3880 216 0 0 0 0 0
4096 0 0 0 0 0 0 0 512 3584 0 0 0 0 0 0 1 4025 70 0 0 0 0 0
2376 121 76 116 67 1149 191 0 30 2278 158 124 100 69 1326 11 0 1751 521 241 1353 230 0 0
0 0 0 0 0 3081 1015 0 0 0 0 0 0 0 2781 1315 0 0 0 0 4095 1 0 0
0 0 0 0 0 1652 2444 0 0 0 0 0 0 0 516 3580 0 0 0 0 3989 107 0 0
0 0 0 0 95 2933 1068 0 0 0 0 0 0 49 2121 1926 0 0 0 39 3733 324 0 0
0 0 0 0 90 1065 2941 0 0 0 0 0 0 37 484 3575 0 0 0 40 2487 1569 0 0
0 0 0 0 0 449 3647 0 0 0 0 0 0 0 3 4093 0 0 0 0 2934 1162 0 0
3131 21 38 29 36 415 426 0 0 3070 77 29 39 29 261 591 140 430 2631 78 786 31 0 0
4096 0 0 0 0 0 0 0 4 4091 1 0 0 0 0 0 0 741 3355 0 0 0 0 0
228 83 44 44 46 347 3304 0 0 98 193 53 50 46 666 2990 0 0 162 171 3227 446 90 0
0 0 0 0 1 696 3399 0 0 0 0 0 0 0 2142 1954 0 0 0 38 4025 33 0 0
0 0 0 0 108 1458 2530 0 0 0 0 0 0 176 2271 1649 0 0 56 474 2725 841 0 0
0 0 33 49 269 816 2929 0 0 0 0 31 33 184 998 2850 1 29 34 275 3357 400 0 0
2082 29 8 33 24 85 1835 0 1 1872 228 16 34 22 216 1707 100 187 1766 113 1589 341 0 0
4095 1 0 0 0 0 0 0 1 4092 3 0 0 0 0 0 0 131 3886 79 0 0 0 0
1756 41 27 47 2124 101 0 0 0 1660 125 38 42 1212 1019 0 8 105 1581 2260 138 4 0 0
3567 52 58 59 71 160 129 0 521 3010 76 68 66 93 239 23 0 3339 282 112 307 56 0 0
4096 0 0 0 0 0 0 0 703 3390 3 0 0 0 0 0 0 3991 105 0 0 0 0 0
4096 0 0 0 0 0 0 0 628 3468 0 0 0 0 0 0 0 4068 28 0 0 0 0 0
2331 117 97 97 81 1055 318 0 37 2260 137 125 92 72 1370 3 0 1512 702 251 1413 218 0 0
0 0 0 0 0 3397 699 0 0 0 0 0 0 0 3870 226 0 0 0 0 4095 1 0 0
0 0 0 0 0 2363 1733 0 0 0 0 0 0 0 2760 1336 0 0 0 0 4095 1 0 0
0 0 0 2 339 3270 485 0 0 0 0 0 0 163 3418 515 0 0 0 220 3862 14 0 0
0 0 0 0 32 1220 2844 0 0 0 0 0 0 7 1003 3086 0 0 0 27 3961 108 0 0
0 0 0 10 52 477 3557 0 0 0 0 0 8 26 485 3577 0 0 6 45 4001 44 0 0
3189 28 30 30 37 397 385 0 3 3149 54 29 30 44 513 274 162 783 2329 105 716 1 0 0
4096 0 0 0 0 0 0 0 2 4093 1 0 0 0 0 0 0 1860 2236 0 0 0 0 0
197 60 56 39 51 852 2841 0 0 74 178 54 44 40 1756 1950 0 2 220 101 3441 269 63 0
0 0 0 0 46 1804 2246 0 0 0 0 0 0 228 2492 1376 0 0 94 694 3304 4 0 0
0 0 3 41 896 2849 307 0 0 0 0 4 122 1840 1974 156 0 179 690 1709 1455 63 0 0
0 0 5 41 311 981 2758 0 0 0 0 4 37 293 1582 2180 0 6 40 356 3589 105 0 0
2144 23 28 49 19 189 1640 4 2 2060 101 49 32 44 603 1205 125 377 1731 56 1690 117 0 0
4096 0 0 0 0 0 0 0 2 4094 0 0 0 0 0 0 0 358 3738 0 0 0 0 0
1704 39 28 48 2259 18 0 0 0 1665 64 41 42 2250 34 0 20 201 1817 1985 72 1 0 0
2563 50 62 79 267 669 406 0 705 1850 53 81 107 558 682 60 159 2453 112 617 646 109 0 0
2089 98 117 148 299 806 539 0 224 1826 129 148 182 620 797 170 116 1906 286 581 1007 200 0 0
2155 83 116 136 234 765 607 0 255 1830 135 129 168 418 1003 158 99 1873 365 362 1081 316 0 0
1395 119 90 123 147 1406 816 0 64 1282 151 118 127 259 1918 177 0 984 388 331 2022 371 0 0
0 0 0 0 0 3339 757 0 0 0 0 0 0 0 4044 52 0 0 0 0 4044 52 0 0
0 0 0 0 5 3248 843 0 0 0 0 0 0 2 4075 19 0 0 0 14 4082 0 0 0
0 0 0 22 340 3239 495 0 0 0 0 0 19 220 3829 28 0 0 7 348 3737 4 0 0
0 0 0 40 530 2507 1019 0 0 0 0 1 42 409 3149 495 0 0 9 492 3574 21 0 0
0 0 5 70 381 1357 2283 0 0 0 0 9 61 307 2681 1038 0 2 37 354 3666 37 0 0
3258 13 25 40 24 527 209 0 7 3208 50 31 35 28 684 53 168 1847 1316 93 672 0 0 0
4096 0 0 0 0 0 0 0 17 4073 6 0 0 0 0 0 0 2798 1298 0 0 0 0 0
173 68 133 484 786 1626 826 0 0 87 131 133 454 728 2412 151 22 106 552 1048 2069 268 31 0
0 5 7 30 202 2035 1817 0 0 0 2 9 27 157 3331 570 4 7 17 251 3814 3 0 0
0 1 41 334 750 2016 954 0 0 0 1 57 316 610 2607 505 3 47 262 940 2792 52 0 0
0 1 12 11 32 293 3747 0 0 0 1 13 10 32 2300 1740 1 8 11 30 4001 45 0 0
2217 23 23 74 50 279 1422 8 11 2159 69 53 62 51 1360 331 180 966 1209 63 1597 81 0 0
4096 0 0 0 0 0 0 0 7 4089 0 0 0 0 0 0 0 1656 2440 0 0 0 0 0
1651 20 30 35 2348 12 0 0 4 1628 33 38 34 2349 10 0 52 366 2358 1232 87 1 0 0
4096 0 0 0 0 0 0 0 2402 1694 0 0 0 0 0 0 195 3870 31 0 0 0 0 0
4096 0 0 0 0 0 0 0 2179 1917 0 0 0 0 0 0 209 3869 18 0 0 0 0 0
4096 0 0 0 0 0 0 0 1250 2846 0 0 0 0 0 0 36 3996 64 0 0 0 0 0
2113 106 110 108 289 1345 25 0 107 1971 122 143 110 333 1307 3 41 1678 463 529 1314 71 0 0
0 0 0 9 346 2962 779 0 0 0 0 0 4 309 3612 171 0 0 8 754 3149 185 0 0
0 0 0 0 207 2656 1233 0 0 0 0 0 1 319 3551 225 0 0 1 370 3456 269 0 0
0 0 11 53 346 2568 1118 0 0 0 0 13 50 406 3500 127 0 3 50 614 3289 140 0 0
0 1 10 60 215 2123 1686 1 0 0 0 11 60 270 3514 241 0 6 44 244 3588 214 0 0
0 0 0 0 0 2136 1960 0 0 0 0 0 0 0 3976 120 0 0 0 0 4092 4 0 0
3309 36 22 47 32 514 136 0 21 3278 42 33 37 35 650 0 191 2473 757 216 459 0 0 0
4094 2 0 0 0 0 0 0 6 4067 23 0 0 0 0 0 0 2990 1105 1 0 0 0 0
112 68 76 81 88 1946 1725 0 0 39 129 73 92 156 3581 26 14 22 180 472 3207 195 6 0
3 42 99 304 897 1939 812 0 0 2 31 188 623 1446 1741 65 77 265 812 1713 1192 37 0 0
0 0 0 13 93 1240 2750 0 0 0 0 4 14 91 3758 229 3 8 15 123 3944 3 0 0
0 0 0 0 0 832 3264 0 0 0 0 0 0 0 3865 231 0 0 0 0 4096 0 0 0
2262 18 57 45 51 471 1187 5 20 2192 74 69 49 70 1551 71 163 1534 707 82 1578 32 0 0
4096 0 0 0 0 0 0 0 8 4088 0 0 0 0 0 0 0 2133 1963 0 0 0 0 0
1587 35 32 46 2391 5 0 0 3 1572 33 42 30 2405 11 0 79 475 2919 572 51 0 0 0
3027 83 129 710 147 0 0 0 1259 1741 93 389 572 42 0 0 189 3261 421 223 2 0 0 0
3019 74 138 683 182 0 0 0 1243 1750 87 335 577 104 0 0 173 3284 430 201 8 0 0 0
3005 79 177 629 205 1 0 0 970 2012 83 476 438 117 0 0 150 3197 485 249 15 0 0 0
1642 123 163 670 513 981 4 0 146 1467 143 375 627 381 957 0 65 1771 640 675 907 38 0 0
0 0 45 530 776 2736 9 0 0 0 2 190 501 608 2795 0 41 388 331 1183 2153 0 0 0
0 0 40 572 817 2647 20 0 0 0 2 188 593 646 2663 4 43 389 432 1092 2140 0 0 0
0 3 60 531 912 2562 28 0 0 0 3 164 592 755 2579 3 27 222 563 1091 2186 7 0 0
0 0 45 471 696 2736 148 0 0 0 4 170 535 537 2837 13 38 308 444 794 2508 4 0 0
0 2 59 562 570 2133 770 0 0 0 6 163 587 443 2826 71 41 294 499 551 2671 40 0 0
1168 147 208 681 583 883 426 0 5 1095 213 422 670 605 1077 9 163 1017 964 831 1100 21 0 0
1788 68 147 507 590 738 258 0 1 1737 118 250 633 581 761 15 50 1103 1400 640 874 29 0 0
37 33 18 77 211 2543 1177 0 0 14 55 38 104 423 3461 1 2 20 151 601 3220 102 0 0
0 0 1 21 1227 2494 353 0 0 0 0 25 1498 1122 1449 2 125 1311 841 702 1117 0 0 0
0 0 6 251 851 1887 1096 5 0 0 0 162 962 923 2037 12 175 622 920 643 1736 0 0 0
0 0 0 206 460 2122 1308 0 0 0 0 5 564 138 3387 2 0 73 528 226 3269 0 0 0
1698 51 78 248 649 849 513 10 11 1622 116 138 585 296 1284 44 151 1201 1053 401 1272 18 0 0
3000 25 56 255 646 114 0 0 9 2932 71 80 624 278 102 0 0 1094 2398 427 177 0 0 0
1126 15 50 276 2393 236 0 0 1 1089 42 81 603 2084 196 0 73 568 2295 1033 127 0 0 0
0 0 39 2134 1923 0 0 0 0 0 0 330 3406 360 0 0 0 407 3043 646 0 0 0 0
0 0 44 2253 1799 0 0 0 0 0 0 318 3295 483 0 0 0 396 3113 587 0 0 0 0
0 0 41 1670 2385 0 0 0 0 0 0 218 3294 584 0 0 0 255 3096 745 0 0 0 0
0 0 27 1819 2250 0 0 0 0 0 0 334 3379 383 0 0 2 352 3084 658 0 0 0 0
0 0 85 1893 2118 0 0 0 0 0 3 395 3397 301 0 0 11 500 2867 718 0 0 0 0
0 0 58 1385 2653 0 0 0 0 0 0 238 3343 515 0 0 5 244 2660 1187 0 0 0 0
0 0 146 1255 2693 2 0 0 0 0 0 302 2532 1262 0 0 3 308 2172 1611 2 0 0 0
0 0 122 1521 2450 3 0 0 0 0 2 361 2687 1046 0 0 13 360 2179 1541 3 0 0 0
0 0 111 1204 2777 4 0 0 0 0 3 364 2484 1243 2 0 28 354 1979 1733 2 0 0 0
0 0 149 1202 2738 7 0 0 0 0 3 387 2571 1132 3 0 7 406 2026 1656 1 0 0 0
0 0 135 1153 2799 9 0 0 0 0 5 351 2518 1219 3 0 21 338 1945 1792 0 0 0 0
0 1 128 1020 2889 58 0 0 0 0 4 397 2362 1333 0 0 13 383 1813 1885 2 0 0 0
0 0 37 389 2146 1340 184 0 0 0 0 204 2096 1587 204 5 190 1265 1621 978 42 0 0 0
0 0 1 221 1756 1655 433 30 0 0 0 406 1256 1682 706 46 476 881 1353 1041 344 1 0 0
0 0 13 149 2256 1162 516 0 0 0 0 42 701 2397 883 73 54 209 989 2201 635 8 0 0
0 16 48 155 2664 590 619 4 5 9 33 67 481 2538 821 142 53 84 492 2675 778 14 0 0
0 0 3 82 3993 18 0 0 0 0 0 11 353 3726 6 0 0 13 483 3591 9 0 0 0
0 0 0 0 4096 0 0 0 0 0 0 0 216 3880 0 0 0 0 72 4024 0 0 0 0
0 0 9 1843 2244 0 0 0 0 0 0 143 2418 1535 0 0 0 213 3114 769 0 0 0 0
0 0 11 1316 2769 0 0 0 0 0 0 69 1955 2072 0 0 0 155 2741 1200 0 0 0 0
0 0 8 1104 2731 240 13 0 0 0 0 66 1787 2077 163 3 3 234 2492 1365 2 0 0 0
0 0 65 927 2599 501 4 0 0 0 41 350 1629 1903 173 0 664 934 1758 733 7 0 0 0
0 0 65 1268 2760 3 0 0 0 0 0 199 1999 1897 1 0 3 326 2495 1270 2 0 0 0
0 0 62 1223 2811 0 0 0 0 0 0 162 1813 2121 0 0 2 279 2594 1221 0 0 0 0
0 0 114 1094 2883 5 0 0 0 0 0 229 1620 2247 0 0 13 357 1925 1800 1 0 0 0
0 2 140 1006 2939 9 0 0 0 0 1 233 1446 2412 4 0 12 299 1757 2024 4 0 0 0
0 1 150 847 3086 12 0 0 0 0 1 252 1208 2630 5 0 10 287 1238 2554 7 0 0 0
0 0 136 915 3027 18 0 0 0 0 0 236 1285 2566 9 0 15 320 1588 2169 4 0 0 0
0 1 131 905 3048 11 0 0 0 0 0 192 1318 2584 2 0 17 295 1587 2197 0 0 0 0
0 1 185 905 2964 41 0 0 0 0 2 301 1402 2370 21 0 29 407 1402 2254 4 0 0 0
3 8 122 660 2320 947 36 0 0 7 12 511 1565 1865 133 3 444 1086 1211 1247 59 49 0 0
867 750 402 520 870 543 133 11 504 986 453 766 611 334 407 35 2554 540 211 251 240 263 31 6
505 463 448 844 1155 539 138 4 195 654 387 818 983 911 144 4 1894 679 988 530 5 0 0 0
128 160 197 869 1818 672 251 1 71 154 207 629 974 1513 496 52 1280 589 914 1103 210 0 0 0
8 137 296 507 2784 357 7 0 0 100 322 473 669 2313 219 0 1271 366 582 1877 0 0 0 0
0 0 0 2 3761 333 0 0 0 0 0 0 81 3894 121 0 5 161 296 3634 0 0 0 0
2506 161 176 1069 184 0 0 0 309 1878 379 303 1220 7 0 0 294 1093 2188 521 0 0 0 0
2421 195 147 1031 302 0 0 0 281 1848 380 280 1281 26 0 0 238 1101 2112 645 0 0 0 0
2240 245 195 1056 296 59 5 0 260 1675 443 392 1141 149 36 0 202 1165 2184 545 0 0 0 0
142 242 449 1324 1499 411 29 0 8 191 480 1168 1590 578 81 0 1909 1461 615 111 0 0 0 0
1789 237 254 867 822 99 24 4 67 1497 367 545 1361 231 28 0 162 1019 2392 501 22 0 0 0
2288 219 207 809 573 0 0 0 48 1975 390 322 1245 116 0 0 114 947 2411 621 3 0 0 0
2310 166 199 686 735 0 0 0 75 1932 371 306 942 470 0 0 55 591 2435 1011 4 0 0 0
2263 170 236 965 462 0 0 0 56 1875 394 358 1179 234 0 0 10 497 2585 997 7 0 0 0
2313 147 232 886 518 0 0 0 47 1872 437 349 1100 291 0 0 22 852 2295 919 8 0 0 0
2273 159 224 868 572 0 0 0 18 1835 471 365 914 493 0 0 13 933 2233 917 0 0 0 0
2210 181 227 667 810 1 0 0 15 1768 516 339 821 637 0 0 8 870 2267 937 14 0 0 0
2169 185 256 715 771 0 0 0 14 1844 405 360 953 520 0 0 29 804 2201 1043 19 0 0 0
2659 384 207 372 347 73 47 7 2036 873 256 267 438 164 53 9 2367 555 790 292 69 18 5 0
2831 212 182 217 206 212 217 19 2328 564 222 212 219 202 300 49 2626 414 396 329 253 75 3 0
1579 296 175 1119 865 60 2 0 459 1104 292 1135 835 271 0 0 1484 946 1314 352 0 0 0 0
1021 582 345 598 780 313 352 105 938 543 475 550 539 422 373 256 2209 371 332 464 249 338 111 22
1102 130 105 407 2347 5 0 0 0 657 477 201 1092 1669 0 0 24 168 1532 2344 28 0 0 0
1983 143 149 374 1447 0 0 0 0 1209 784 244 333 1526 0 0 0 6 1488 2572 30 0 0 0
2925 144 94 259 542 115 17 0 232 1843 1047 481 433 59 1 0 242 1092 2006 754 2 0 0 0
3910 94 73 19 0 0 0 0 358 2388 1226 110 14 0 0 0 132 861 2293 804 6 0 0 0
3926 94 57 19 0 0 0 0 374 2137 1457 111 17 0 0 0 181 818 2058 1035 4 0 0 0
1955 382 424 760 519 55 1 0 200 1275 1223 1253 130 15 0 0 1743 1085 946 322 0 0 0 0
1943 454 438 766 380 70 36 9 760 906 1188 976 172 56 38 0 2050 845 852 320 23 6 0 0
2133 1461 297 133 41 19 12 0 1208 1696 948 172 39 25 8 0 3667 243 154 32 0 0 0 0
2844 316 324 455 155 2 0 0 295 1488 1607 567 137 2 0 0 713 891 1943 542 7 0 0 0
3968 98 25 5 0 0 0 0 435 2005 1588 57 11 0 0 0 334 551 2348 856 7 0 0 0
4002 65 17 12 0 0 0 0 509 1921 1617 35 14 0 0 0 334 555 2359 848 0 0 0 0
3920 118 39 17 2 0 0 0 526 1815 1668 66 19 2 0 0 322 648 2282 836 8 0 0 0
3879 147 34 34 2 0 0 0 533 1790 1680 63 29 1 0 0 338 693 2138 910 16 1 0 0
3892 133 46 23 2 0 0 0 512 1864 1620 82 17 1 0 0 426 729 2011 920 10 0 0 0
3511 254 113 98 84 33 3 0 2553 815 495 113 85 31 4 0 2752 486 539 258 53 8 0 0
3332 353 74 63 52 91 129 2 2443 829 428 106 51 86 140 13 2501 379 803 288 109 16 0 0
3518 417 42 71 42 6 0 0 2407 1016 556 65 51 1 0 0 2437 499 941 197 22 0 0 0
2326 506 175 194 118 150 494 133 1814 319 534 421 183 102 396 327 2157 250 340 576 417 287 69 0
3475 454 108 59 0 0 0 0 178 414 2073 1359 72 0 0 0 132 501 797 2299 367 0 0 0
3918 87 37 39 15 0 0 0 463 1089 2387 107 41 9 0 0 257 659 1304 1827 46 3 0 0
2336 244 172 302 194 171 639 38 242 2172 350 281 131 96 386 438 2144 671 254 117 241 644 25 0
2994 108 49 65 74 179 625 2 158 2201 715 67 75 86 478 316 25 1096 1518 552 251 654 0 0
2927 165 84 60 78 177 605 0 159 1961 876 144 91 106 457 302 22 828 1756 605 245 640 0 0
1630 412 376 345 551 193 589 0 499 961 736 823 231 120 370 356 1471 893 659 262 268 543 0 0
1425 303 208 355 639 454 675 37 1022 539 228 479 513 350 727 238 1500 616 394 446 468 595 76 1
1552 821 428 217 244 330 502 2 750 1515 488 169 226 296 559 93 2535 369 258 284 251 399 0 0
753 342 475 975 631 552 368 0 2 298 1113 1148 530 509 468 28 968 784 1249 587 290 218 0 0
1393 363 441 652 488 457 302 0 2 895 985 857 531 447 365 14 95 575 2277 645 243 261 0 0
3214 156 105 103 113 196 209 0 189 1778 1366 137 123 126 361 16 134 544 1992 938 261 227 0 0
3328 157 121 113 107 172 98 0 53 1878 1494 172 125 123 239 12 13 528 2073 1061 252 169 0 0
3400 153 111 138 110 150 34 0 22 1885 1593 176 140 120 157 3 8 515 2256 963 289 65 0 0
3374 197 132 164 148 81 0 0 35 1783 1681 206 194 148 49 0 6 474 2230 1178 205 3 0 0
3549 218 78 75 76 82 18 0 2538 791 487 83 73 89 33 2 2688 382 606 301 90 29 0 0
3566 433 41 34 18 2 2 0 2940 731 314 51 42 14 4 0 3112 329 522 90 32 8 3 0
3357 398 97 62 102 80 0 0 1650 1110 1016 93 105 92 30 0 1778 510 1272 400 134 2 0 0
2417 744 102 121 65 100 482 65 1983 423 598 302 109 79 358 244 2212 431 282 481 350 235 102 3
3815 266 15 0 0 0 0 0 13 436 2827 818 2 0 0 0 28 358 866 2615 229 0 0 0
3788 126 79 80 23 0 0 0 74 889 2914 144 59 16 0 0 4 327 1404 2298 53 10 0 0
3504 158 99 95 92 105 43 0 3252 309 129 113 92 82 108 11 3573 177 118 93 113 22 0 0
3597 84 82 75 90 152 16 0 541 2364 776 93 95 105 118 4 346 584 1825 1184 155 2 0 0
3528 132 100 79 90 166 1 0 90 2234 1296 149 98 119 110 0 109 485 1925 1406 171 0 0 0
1818 149 133 823 941 232 0 0 62 1225 745 1441 374 140 109 0 1294 1070 1063 532 137 0 0 0
2502 181 158 308 368 461 118 0 1655 840 208 340 250 307 442 54 2359 468 284 311 483 187 4 0
2850 105 159 473 214 189 106 0 2780 155 252 406 138 120 241 4 3464 145 112 114 236 25 0 0
634 313 781 1377 587 259 145 0 170 483 1469 1243 252 146 333 0 2502 489 535 220 261 89 0 0
2991 86 112 130 165 282 302 28 164 1984 922 151 211 183 466 15 316 457 1797 1033 331 162 0 0
2399 152 173 312 324 393 325 18 64 1172 1471 327 321 290 431 20 377 595 1322 1326 354 122 0 0
3263 111 101 109 105 193 214 0 120 1993 1219 151 142 97 371 3 67 692 1655 1227 320 135 0 0
3206 115 102 137 101 354 81 0 109 1797 1386 150 143 121 390 0 89 612 1665 1274 399 57 0 0
3194 156 126 161 300 159 0 0 78 1669 1552 221 212 257 107 0 1 667 1581 1676 170 1 0 0
2829 97 123 755 214 74 4 0 2331 327 537 697 98 82 23 1 3263 311 315 189 18 0 0 0
3364 230 258 225 10 2 3 4 3070 471 385 144 8 10 4 4 3673 159 209 30 9 9 5 2
3424 139 45 60 67 102 237 22 1141 1095 1323 76 64 77 283 37 1239 427 1134 971 275 40 10 0
3623 273 30 33 20 32 53 32 3345 270 257 69 24 31 49 51 3537 98 103 223 37 62 36 0
2694 281 166 256 409 260 30 0 7 388 1721 1123 531 163 127 36 159 572 980 1822 382 93 78 10
3872 114 60 38 12 0 0 0 14 1406 2546 91 29 10 0 0 0 344 2391 1332 25 4 0 0
1098 500 2438 60 0 0 0 0 968 636 2226 266 0 0 0 0 4059 36 1 0 0 0 0 0
2615 170 266 538 67 187 253 0 328 2070 435 690 73 76 399 25 623 778 1600 659 436 0 0 0
3111 86 83 56 73 232 455 0 171 2295 689 101 76 84 572 108 36 521 2098 874 567 0 0 0
3020 178 129 234 523 12 0 0 178 1965 972 201 431 340 9 0 4 408 2177 1371 136 0 0 0
3957 25 33 56 25 0 0 0 2935 914 128 52 60 7 0 0 3137 540 349 69 1 0 0 0
3964 122 10 0 0 0 0 0 3527 519 48 2 0 0 0 0 3795 236 65 0 0 0 0 0
1605 366 1128 786 195 13 3 0 617 1279 1365 671 130 18 16 0 2681 729 535 115 24 12 0 0
1929 77 258 1403 333 93 3 0 271 1538 1015 1010 214 48 0 0 1758 810 1214 308 6 0 0 0
2365 229 436 754 221 91 0 0 163 1975 1020 521 256 130 31 0 671 874 1858 670 23 0 0 0
3739 122 128 98 9 0 0 0 127 2621 1095 197 56 0 0 0 88 503 2201 1286 18 0 0 0
3870 114 76 31 5 0 0 0 194 2453 1295 109 43 2 0 0 42 432 1987 1604 31 0 0 0
3864 105 77 44 6 0 0 0 110 2205 1621 118 40 2 0 0 0 322 1668 2063 41 2 0 0
691 50 66 3231 58 0 0 0 26 323 852 2855 40 0 0 0 3136 378 374 208 0 0 0 0
1384 223 1203 1265 21 0 0 0 56 1022 2104 873 36 5 0 0 2155 465 917 521 36 2 0 0
2311 84 68 1417 216 0 0 0 266 1105 1072 1614 39 0 0 0 1665 565 1084 782 0 0 0 0
2099 177 100 1553 57 64 35 11 804 452 1875 784 43 72 50 16 2312 401 475 730 93 48 33 4
2161 768 264 202 237 122 182 160 478 418 1221 1308 225 48 158 240 1386 544 374 856 550 179 130 77
3214 199 96 57 78 118 201 133 718 1649 1004 145 78 112 187 203 911 680 1200 860 174 127 83 61
266 591 2694 393 137 15 0 0 37 635 2626 580 92 107 19 0 3713 180 80 92 31 0 0 0
1075 151 550 777 476 875 192 0 677 382 423 861 365 519 861 8 1792 464 570 927 330 13 0 0
695 149 128 213 549 1603 572 187 215 390 202 196 329 646 1808 310 305 175 587 1071 864 764 185 145
0 6 91 929 416 462 739 1453 0 0 11 232 914 330 753 1856 30 138 797 447 367 689 717 911
3892 97 63 29 8 7 0 0 3579 303 103 83 13 8 7 0 3940 128 15 11 2 0 0 0
4025 41 23 5 2 0 0 0 3122 870 79 21 4 0 0 0 3177 695 223 1 0 0 0 0
3973 69 45 9 0 0 0 0 1432 1352 1252 56 4 0 0 0 1411 446 1555 684 0 0 0 0
4083 13 0 0 0 0 0 0 1257 889 1942 8 0 0 0 0 1054 422 1422 1193 5 0 0 0
3642 232 179 42 1 0 0 0 890 1095 1909 171 31 0 0 0 1210 298 1567 1009 12 0 0 0
3778 238 37 38 5 0 0 0 896 1091 1989 91 29 0 0 0 997 462 1638 975 24 0 0 0
4001 45 33 15 2 0 0 0 1400 770 1829 79 16 2 0 0 1260 325 1419 1079 13 0 0 0
3861 112 37 45 38 3 0 0 570 1380 1930 122 48 32 14 0 518 349 1872 1276 80 1 0 0
807 67 86 1059 915 879 243 40 97 380 376 1454 305 444 920 120 1118 486 580 578 504 668 122 40
2169 106 104 635 743 271 61 7 595 702 1060 696 315 458 233 37 1251 623 848 714 478 166 16 0
1626 64 71 1542 263 351 121 58 480 447 907 1604 85 110 348 115 2196 305 443 576 286 164 96 30
2300 354 237 946 117 73 40 29 961 497 1261 1054 149 68 53 53 2050 456 516 852 131 50 22 19
2689 779 403 143 52 29 1 0 753 493 1389 1288 149 20 4 0 1615 468 432 1301 201 79 0 0
2640 518 248 299 150 213 28 0 1251 1067 865 375 217 156 158 7 2107 827 482 395 137 134 14 0
410 443 1952 985 306 0 0 0 311 268 2037 904 548 28 0 0 3500 417 175 4 0 0 0 0
381 445 1433 1348 489 0 0 0 165 389 1325 1012 1160 45 0 0 3088 833 143 32 0 0 0 0
262 298 645 1927 913 51 0 0 117 238 360 1444 1664 251 22 0 2266 1131 393 261 45 0 0 0
517 203 314 1896 774 284 108 0 334 253 174 1486 1146 425 253 25 2214 730 355 462 209 108 18 0
2119 93 99 825 680 142 138 0 1924 228 98 341 865 434 168 38 2756 463 244 395 206 32 0 0
633 65 82 1388 1140 788 0 0 590 94 280 1578 1209 345 0 0 2198 1193 696 9 0 0 0 0
384 141 153 281 1537 1600 0 0 236 208 171 521 1422 1493 45 0 2439 1657 0 0 0 0 0 0
488 180 191 292 1023 1922 0 0 163 388 211 335 954 1862 183 0 2185 1842 69 0 0 0 0 0
585 186 173 275 946 1930 1 0 196 458 198 304 903 1935 102 0 2448 1520 127 1 0 0 0 0
698 152 180 289 918 1859 0 0 205 459 293 317 871 1913 38 0 2528 1354 214 0 0 0 0 0
783 169 198 289 832 1824 1 0 210 492 353 321 752 1900 68 0 2412 1367 317 0 0 0 0 0
909 161 182 279 511 2050 4 0 207 504 441 327 451 1738 428 0 1707 1954 435 0 0 0 0 0
256 83 122 2126 518 868 109 14 58 153 425 2000 356 668 410 26 2564 766 304 241 198 23 0 0
505 107 102 1285 826 1166 95 10 104 240 400 1416 634 880 398 24 2343 959 382 73 299 37 3 0
478 88 129 1101 691 1369 216 24 84 240 298 1376 321 1040 660 77 2086 482 313 221 613 337 39 5
1190 425 289 640 483 875 178 16 334 398 556 1220 461 653 399 75 1838 745 424 709 65 285 30 0
3650 227 34 33 87 54 11 0 9 1345 1595 985 85 51 25 1 1298 432 465 1881 20 0 0 0
1440 330 230 317 657 1016 105 1 470 1032 406 340 644 963 237 4 2300 1302 453 41 0 0 0 0
501 850 976 740 787 242 0 0 45 732 1128 917 877 378 19 0 1982 1122 802 188 2 0 0 0
501 695 862 733 763 542 0 0 11 565 1058 959 761 736 6 0 1260 1063 1466 304 3 0 0 0
206 321 500 1120 1407 531 11 0 0 22 550 1164 1493 793 74 0 455 1191 1653 742 55 0 0 0
418 340 363 956 1589 404 26 0 0 215 588 922 1705 603 63 0 1406 601 1274 750 61 4 0 0
546 246 249 731 2087 237 0 0 0 245 546 691 1576 1001 37 0 915 449 1205 1032 469 26 0 0
232 140 511 1553 817 646 197 0 0 220 1113 972 723 433 595 40 1669 796 516 423 535 157 0 0
70 58 87 557 2063 967 294 0 0 14 185 1014 1323 455 1063 42 968 652 965 270 990 249 2 0
828 249 160 224 2590 45 0 0 0 178 868 263 2250 537 0 0 12 417 2641 1026 0 0 0 0
342 586 221 215 2455 277 0 0 0 31 857 354 1949 905 0 0 0 306 2940 850 0 0 0 0
646 371 96 128 2609 246 0 0 0 56 922 160 1915 1043 0 0 37 402 2490 1167 0 0 0 0
748 193 66 112 2552 425 0 0 0 87 820 119 1786 1284 0 0 276 440 2196 1184 0 0 0 0
545 270 62 113 2495 611 0 0 0 9 787 99 1863 1338 0 0 350 562 1907 1273 4 0 0 0
153 86 75 316 2038 1264 149 15 37 42 157 124 893 2131 621 91 111 209 612 1558 1349 177 79 1
138 137 58 122 1848 1481 215 97 0 42 220 77 672 1882 987 216 216 309 1072 631 1400 285 148 35
90 64 106 515 1034 1642 546 99 50 35 81 585 529 1262 1317 237 630 309 533 897 1293 408 26 0
273 656 567 584 1742 270 4 0 12 54 577 1234 1498 710 11 0 762 827 1637 870 0 0 0 0
2178 687 309 267 564 85 6 0 5 334 1448 1539 585 153 32 0 162 760 917 2076 181 0 0 0
191 411 543 659 1732 488 72 0 46 142 418 909 1654 669 254 4 596 1444 1561 493 2 0 0 0
0 272 676 185 492 2471 0 0 0 0 384 719 406 2570 17 0 767 2301 898 130 0 0 0 0
0 4 52 327 367 3346 0 0 0 0 17 247 421 3411 0 0 403 2812 785 96 0 0 0 0
0 0 11 48 168 3834 35 0 0 0 0 40 102 3817 137 0 0 1451 2389 256 0 0 0 0
0 0 0 4 287 3229 575 1 0 0 0 0 206 3112 777 1 0 503 2686 711 196 0 0 0
1 34 37 102 679 2339 771 133 0 0 24 89 356 2544 981 102 23 209 2491 1027 346 0 0 0
2 12 19 149 502 3273 139 0 0 1 8 40 358 2905 778 6 11 622 1659 602 1080 122 0 0
0 0 0 18 1410 2474 194 0 0 0 0 0 266 2819 935 76 0 1 635 1254 1989 217 0 0
0 0 0 0 193 3903 0 0 0 0 0 0 97 3990 9 0 0 40 4054 2 0 0 0 0
0 0 0 19 208 3844 25 0 0 0 0 2 162 3688 244 0 0 44 4050 2 0 0 0 0
0 14 52 102 193 3724 11 0 0 0 9 111 183 3716 77 0 0 17 4054 25 0 0 0 0
25 81 88 95 196 3611 0 0 0 5 102 148 184 3657 0 0 0 21 4029 46 0 0 0 0
81 148 75 104 184 3504 0 0 0 3 209 149 180 3538 17 0 0 0 3639 457 0 0 0 0
127 516 430 658 740 1619 6 0 0 143 622 599 796 1660 276 0 810 488 1524 1138 130 6 0 0
581 700 235 415 440 1413 151 161 0 804 536 466 384 1474 216 216 1423 374 1443 485 111 130 105 25
1 64 239 688 987 1699 343 75 0 4 67 485 872 1903 449 316 194 466 1768 732 533 284 103 16
193 523 636 293 275 2139 19 18 0 6 388 1115 296 2224 37 30 73 370 2524 1068 23 11 27 0
2497 658 148 144 186 463 0 0 1 343 1578 1435 205 532 2 0 129 817 967 1914 269 0 0 0
381 381 292 397 469 2176 0 0 0 88 691 563 512 2242 0 0 42 1428 2130 496 0 0 0 0
2 2061 1301 376 356 0 0 0 0 124 2353 1144 364 111 0 0 11 1420 2271 394 0 0 0 0
0 343 1169 1384 1110 90 0 0 0 2 501 1637 919 997 40 0 0 120 652 2763 561 0 0 0
0 0 335 645 2447 663 6 0 0 0 0 426 1253 2091 326 0 0 0 96 1880 2120 0 0 0
0 0 0 120 2526 936 464 50 0 0 0 0 242 2675 1064 115 0 0 0 527 3545 24 0 0
786 453 231 642 1170 443 224 147 0 119 1097 397 822 1234 264 163 0 9 1240 2032 815 0 0 0
992 571 169 149 668 1364 183 0 0 132 1316 325 370 1506 402 45 0 13 1258 1811 656 344 14 0
171 97 146 345 1924 1267 146 0 48 58 124 194 798 2036 784 54 120 75 309 1877 1574 141 0 0
58 169 220 311 1015 2284 39 0 16 22 152 345 699 2660 181 21 36 151 3098 471 248 77 15 0
6 17 74 264 621 3110 4 0 0 0 20 247 325 3204 300 0 0 16 3391 533 156 0 0 0
0 0 0 8 373 3694 21 0 0 0 0 0 229 3000 867 0 0 1 2812 1138 145 0 0 0
0 0 0 0 386 3694 16 0 0 0 0 0 213 3265 618 0 0 0 3107 960 29 0 0 0
0 0 0 0 371 3722 3 0 0 0 0 0 208 3509 379 0 0 0 3365 727 4 0 0 0
0 0 0 0 475 3621 0 0 0 0 0 0 323 3723 50 0 0 11 3960 125 0 0 0 0
0 67 102 172 576 3179 0 0 0 0 86 145 482 3337 46 0 0 108 3758 230 0 0 0 0
0 42 131 199 619 3105 0 0 0 0 56 176 443 3392 29 0 1 174 3648 273 0 0 0 0
5 15 126 203 532 3214 1 0 0 2 45 189 432 3277 151 0 169 1120 2373 434 0 0 0 0
3 4 10 63 456 3559 1 0 0 0 5 26 226 3723 116 0 264 1068 1804 960 0 0 0 0
0 0 0 0 411 3589 96 0 0 0 0 0 192 3508 396 0 86 2576 1422 12 0 0 0 0
0 72 168 336 3520 0 0 0 0 5 131 311 572 3077 0 0 0 99 487 3509 1 0 0 0
122 113 126 1217 2518 0 0 0 0 0 203 186 919 2788 0 0 0 1 71 2311 1713 0 0 0
105 127 106 1161 2596 1 0 0 0 6 202 165 991 2732 0 0 0 0 20 1929 2147 0 0 0
0 0 15 1406 2675 0 0 0 0 0 0 18 1241 2837 0 0 0 0 0 1990 2106 0 0 0
0 0 0 1148 2721 227 0 0 0 0 0 0 1237 2802 57 0 0 0 0 2050 2046 0 0 0
179 99 163 791 1708 992 158 6 0 8 227 246 822 1911 809 73 3 24 163 2015 1533 304 54 0
175 155 245 788 1121 940 603 69 24 104 150 346 848 1052 1092 480 182 291 439 1093 1064 803 223 1
118 412 851 1377 986 236 93 23 3 51 286 1391 1145 868 248 104 86 394 804 2051 528 189 44 0
1352 636 375 1229 504 0 0 0 0 21 1871 624 1171 409 0 0 0 1 207 3563 324 1 0 0
1445 583 328 1280 385 75 0 0 0 40 1867 558 1411 219 1 0 0 0 165 3647 284 0 0 0
445 492 562 1704 328 559 6 0 0 11 780 1064 1573 548 120 0 0 34 887 3157 18 0 0 0
771 485 588 821 256 1141 34 0 0 14 1075 1017 762 943 285 0 0 58 1396 2624 18 0 0 0
803 615 667 822 510 675 4 0 0 38 1212 1055 904 624 263 0 2 81 1039 2920 54 0 0 0
1202 655 593 334 245 1067 0 0 0 121 1559 913 307 1124 72 0 1 49 1123 2912 11 0 0 0
1763 445 426 224 238 1000 0 0 0 128 1976 654 198 924 216 0 0 12 883 3192 9 0 0 0
1577 864 269 253 278 855 0 0 0 29 2326 482 308 620 331 0 20 133 874 3038 31 0 0 0
846 431 739 789 467 814 10 0 0 24 933 1485 695 673 286 0 38 167 736 3076 79 0 0 0
1191 734 496 544 541 512 78 0 0 187 1527 917 577 693 190 5 119 412 670 2541 353 1 0 0
