0 235 218 1410 1414 229 234 356 19 208 206 1015 1725 362 190 371 0 173 372 1592 1115 291 163 390
2 40 107 725 1782 516 388 536 18 34 120 618 1654 528 402 722 4 49 254 1057 1270 354 354 754
0 0 0 327 1704 1345 309 411 0 0 0 366 1339 1393 520 478 0 0 143 787 1449 820 411 486
0 196 236 868 2056 667 48 25 33 245 265 717 1796 893 113 34 1 294 652 1159 1482 423 55 30
0 49 366 703 1203 846 356 573 0 544 218 405 1047 847 408 627 0 568 403 569 1131 471 343 611
0 26 196 816 2174 821 53 10 0 459 147 522 1431 1406 108 23 0 472 382 724 1858 570 68 22
0 110 162 759 1746 927 124 268 32 473 172 470 1298 1167 198 286 0 537 364 790 1420 563 143 279
0 75 168 586 2223 581 181 282 23 266 159 418 1646 1050 198 336 0 313 281 812 1795 423 166 306
0 0 77 326 2555 596 164 378 0 61 49 308 1978 1092 205 403 0 70 186 666 2125 502 154 393
0 53 59 290 1902 1106 240 446 0 15 126 346 1254 1337 493 525 0 13 353 414 1424 985 372 535
0 356 64 346 2654 600 43 33 0 285 124 328 1355 1788 170 46 0 59 418 517 1824 1089 141 48
50 592 173 593 1703 602 165 218 0 619 159 592 1021 1059 334 312 0 188 883 428 1140 801 326 330
100 1414 866 540 740 136 51 249 6 1200 918 582 759 258 92 281 0 144 1788 872 637 253 103 299
3043 676 370 7 0 0 0 0 3258 493 318 23 2 2 0 0 411 3324 336 18 3 3 1 0
2451 598 482 386 176 3 0 0 2618 544 297 377 251 9 0 0 1063 2106 393 374 145 15 0 0
656 911 933 681 321 327 71 196 1429 660 678 618 331 117 68 195 1105 1355 696 389 185 95 64 207
1503 842 388 716 338 130 55 124 1095 1353 365 585 324 153 87 134 30 2503 529 519 193 117 70 135
110 2468 151 367 337 160 183 320 0 2510 223 390 283 138 143 409 0 1118 1916 194 207 120 124 417
3 2787 142 256 777 131 0 0 0 2551 379 452 381 317 16 0 0 226 3097 219 414 130 10 0
0 3011 152 197 486 75 30 145 0 2657 511 290 375 69 39 155 0 529 2860 316 160 35 32 164
6 2837 213 481 515 43 1 0 0 2780 495 406 330 77 8 0 0 502 3056 286 119 129 4 0
74 2711 197 331 715 68 0 0 1 2683 337 353 241 479 2 0 0 1614 1593 191 142 489 67 0
188 3264 146 391 107 0 0 0 56 3124 481 326 109 0 0 0 0 659 3003 338 93 3 0 0
461 3593 29 13 0 0 0 0 108 3702 267 19 0 0 0 0 5 228 3833 25 5 0 0 0
1357 2281 128 172 158 0 0 0 0 3558 189 211 138 0 0 0 0 311 3555 226 4 0 0 0
2917 700 120 186 173 0 0 0 0 3531 181 235 149 0 0 0 0 22 3724 303 47 0 0 0
3527 305 252 12 0 0 0 0 3595 293 208 0 0 0 0 0 5 4053 38 0 0 0 0 0
3659 243 194 0 0 0 0 0 3704 319 73 0 0 0 0 0 67 4027 2 0 0 0 0 0
2945 495 536 63 16 36 5 0 3232 484 375 5 0 0 0 0 1186 2834 71 5 0 0 0 0
2909 807 283 95 1 1 0 0 2098 1748 249 1 0 0 0 0 228 3674 194 0 0 0 0 0
852 2877 207 135 25 0 0 0 371 3313 235 165 12 0 0 0 71 2266 1678 51 30 0 0 0
577 3173 114 127 105 0 0 0 374 3198 328 194 2 0 0 0 45 928 3123 0 0 0 0 0
184 3538 121 109 144 0 0 0 163 2926 772 216 19 0 0 0 118 630 3342 6 0 0 0 0
160 3118 164 325 319 10 0 0 108 2249 1313 149 224 53 0 0 58 681 3063 83 86 125 0 0
0 3219 145 208 513 11 0 0 0 3000 344 235 247 270 0 0 0 225 3290 53 166 351 11 0
6 3387 107 384 212 0 0 0 0 2934 715 385 62 0 0 0 0 118 3648 261 69 0 0 0
1060 2936 25 75 0 0 0 0 355 3457 261 23 0 0 0 0 168 666 3219 43 0 0 0 0
1983 1670 128 168 147 0 0 0 0 3623 177 285 11 0 0 0 0 245 3837 14 0 0 0 0
3243 434 145 265 9 0 0 0 455 3179 214 246 2 0 0 0 14 705 3351 23 3 0 0 0
1413 362 1047 1274 0 0 0 0 1583 378 1959 176 0 0 0 0 18 2493 1585 0 0 0 0 0
1633 284 1608 571 0 0 0 0 1694 442 1892 68 0 0 0 0 340 2310 1446 0 0 0 0 0
1478 439 2119 60 0 0 0 0 1620 763 1684 29 0 0 0 0 900 2604 574 18 0 0 0 0
797 331 2226 601 67 55 19 0 514 855 2233 367 47 40 38 2 12 2456 1446 61 38 32 42 9
641 420 1051 1964 15 2 3 0 606 470 1083 1876 55 3 2 1 164 1150 2298 419 59 3 2 1
374 793 154 910 1865 0 0 0 262 864 405 876 1689 0 0 0 53 849 1093 2097 4 0 0 0
0 1200 62 348 2390 96 0 0 0 442 896 411 2347 0 0 0 0 37 1860 2199 0 0 0 0
0 1217 96 199 2327 257 0 0 0 464 856 315 2461 0 0 0 0 3 1902 2185 6 0 0 0
0 1279 162 483 1784 388 0 0 1 1061 519 504 1593 417 1 0 0 125 2064 1327 146 265 169 0
0 1276 85 734 1967 34 0 0 0 1141 272 695 1988 0 0 0 0 30 2010 2056 0 0 0 0
47 1425 56 963 1441 164 0 0 0 1451 137 554 1954 0 0 0 0 16 1831 2248 1 0 0 0
225 1090 101 1672 1002 6 0 0 4 1246 244 1114 1488 0 0 0 0 55 1987 2053 1 0 0 0
990 383 200 2229 294 0 0 0 408 976 299 1985 428 0 0 0 6 636 1473 1972 9 0 0 0
322 516 2158 895 181 24 0 0 628 479 2642 228 84 35 0 0 464 883 2580 74 72 23 0 0
563 535 2169 381 428 20 0 0 832 849 1931 338 140 5 1 0 828 1206 1983 55 19 4 1 0
1216 542 685 289 689 620 55 0 1265 832 535 507 607 265 69 16 904 1430 834 501 190 136 73 28
404 802 737 433 646 870 204 0 501 964 625 440 635 556 375 0 230 1030 842 766 474 320 417 17
421 669 617 895 363 929 202 0 175 364 857 1313 497 773 115 2 22 278 1387 1070 959 303 70 7
274 759 483 1563 415 385 217 0 272 391 790 1548 464 495 136 0 159 442 798 1617 629 378 72 1
523 683 418 1282 446 623 120 1 559 499 647 1163 540 572 91 25 369 523 1007 1402 480 221 60 34
410 599 336 823 1267 423 237 1 359 845 746 663 868 277 332 6 130 968 694 1403 386 214 286 15
77 417 605 1187 964 718 128 0 137 203 678 1335 599 695 411 38 84 294 906 845 755 682 473 57
157 387 383 2125 429 485 128 2 71 343 514 2115 416 339 286 12 22 247 1038 1777 327 298 354 33
542 656 403 2447 41 7 0 0 183 744 542 2513 106 8 0 0 10 314 1042 2633 80 15 2 0
753 510 623 2139 52 16 3 0 594 436 590 2427 21 13 15 0 288 476 1440 1677 174 22 11 8
826 428 569 2149 108 16 0 0 683 358 486 2438 82 42 7 0 400 470 1174 1717 269 61 5 0
0 0 314 1106 973 1458 245 0 17 772 1305 228 1115 582 77 0 62 1990 401 1377 149 84 33 0
0 10 21 304 1391 813 1556 1 7 139 1069 388 707 1596 190 0 8 1066 529 1487 896 87 22 1
0 439 186 87 415 1225 1743 1 434 249 137 170 743 2054 309 0 523 236 239 1322 1556 186 34 0
0 727 124 203 1105 616 1271 50 689 654 558 191 431 906 663 4 690 1121 219 409 1080 494 83 0
0 162 52 77 443 852 2488 22 70 226 235 247 443 1704 1167 4 80 323 306 551 1906 804 117 9
0 309 185 277 861 863 1584 17 126 414 590 425 521 1038 963 19 136 741 496 491 1378 716 132 6
0 7 104 133 297 835 2390 330 0 50 444 302 348 675 2169 108 0 293 398 362 1410 1456 175 2
0 0 0 7 85 201 3433 370 0 31 58 38 74 998 2836 61 0 78 50 215 2032 1550 163 8
0 3 40 57 252 388 2938 418 0 110 262 140 127 618 2635 204 1 269 186 152 914 2204 327 43
0 173 100 164 351 818 1798 692 88 147 432 374 413 658 1663 321 47 307 513 523 625 1566 485 30
108 188 52 93 296 244 2628 487 13 90 583 123 115 308 2726 138 2 170 250 338 482 2486 343 25
332 191 105 221 192 632 2324 99 37 348 463 82 139 996 1889 142 3 154 293 470 720 2140 261 55
578 202 103 183 60 556 2069 345 211 535 300 60 62 916 1803 209 59 254 304 502 726 1788 333 130
0 0 0 29 157 2411 1475 24 0 0 10 130 1388 2358 177 33 0 3 228 2472 1174 119 87 13
0 0 0 0 35 1687 2318 56 0 0 0 11 731 2772 506 76 0 0 32 2007 1698 218 96 45
0 758 408 138 79 1049 1661 3 768 502 68 44 505 2051 140 18 970 348 80 1080 1435 95 84 4
0 342 220 113 2004 426 879 112 359 1265 1052 74 397 373 530 46 436 2203 206 325 511 350 32 33
0 6 20 70 262 576 2918 244 1 11 117 172 378 1682 1553 182 0 74 221 615 2127 753 203 103
0 10 67 143 174 527 2918 257 0 77 105 117 338 1545 1763 151 0 99 159 600 2315 680 137 106
0 0 0 0 7 23 3215 851 0 0 0 0 28 643 3121 304 0 0 2 91 2498 1132 210 163
0 0 0 2 66 98 1297 2633 0 0 0 33 83 138 3114 728 0 0 25 97 728 2870 294 82
0 60 22 25 92 261 1171 2465 19 60 24 72 164 331 2171 1255 5 84 89 167 532 2262 928 29
0 4 6 44 102 344 927 2669 0 10 17 73 219 347 2603 827 0 14 71 231 639 2542 599 0
0 0 0 0 74 352 2541 1129 0 1 65 91 249 619 2960 111 0 35 122 298 1280 2268 93 0
0 1648 97 80 597 215 1228 231 1470 388 486 98 147 366 977 164 1144 1093 167 170 470 847 65 140
0 0 0 13 2142 938 722 281 0 744 2139 112 162 243 459 237 0 2482 486 165 286 356 99 222
38 1725 339 1550 163 222 59 0 1444 1978 277 95 139 163 0 0 1296 2168 272 319 40 1 0 0
0 1267 266 1048 282 478 751 4 1100 1256 215 127 313 897 141 47 1062 1398 170 526 716 70 67 87
0 80 72 641 1685 435 1183 0 73 1801 542 118 362 1153 47 0 126 2272 158 869 652 19 0 0
0 37 68 103 1130 764 1985 9 25 710 844 128 458 1761 170 0 32 1492 260 1057 1234 21 0 0
0 0 0 0 31 891 2917 257 0 0 806 115 77 1418 1662 18 0 699 198 298 2469 407 23 2
0 0 0 38 34 177 2407 1440 0 0 130 93 83 666 2991 133 0 68 131 144 2296 1303 122 32
0 0 61 72 144 142 789 2888 0 37 66 126 139 206 2638 884 0 43 147 181 997 2330 398 0
0 0 36 16 50 83 98 3813 0 21 23 40 74 72 1182 2684 0 29 27 103 125 2466 1205 141
0 0 0 0 57 47 142 3850 0 0 0 40 49 45 1735 2227 0 0 3 81 206 2493 1120 193
0 0 0 2 74 47 1726 2247 0 0 0 60 46 216 3331 443 0 0 16 93 967 2552 320 148
0 0 0 3 167 181 2222 1523 0 2 58 62 155 334 2957 528 0 29 70 119 858 2316 585 119
0 649 137 88 127 489 1453 1153 222 489 122 137 243 637 1911 335 14 703 195 344 732 1616 367 125
0 0 0 0 2 144 1741 2209 0 0 0 15 109 315 3481 176 0 0 10 122 761 2819 384 0
98 2864 325 447 351 11 0 0 2379 645 137 353 319 262 1 0 1015 1615 428 253 326 344 115 0
14 902 423 1343 1087 250 77 0 776 234 561 604 903 862 130 26 534 637 488 279 709 963 443 43
7 1518 434 169 198 723 1047 0 602 595 1578 354 87 796 84 0 443 715 761 1303 821 53 0 0
48 2831 186 103 292 366 270 0 1931 1016 669 118 74 131 157 0 829 2216 521 185 209 136 0 0
1 1446 1367 279 149 664 103 87 897 815 1660 405 95 63 91 70 408 1939 1278 139 100 109 44 79
0 326 129 30 32 2082 245 1252 85 202 2048 236 78 85 885 477 22 2057 341 75 254 828 382 137
0 0 0 1 7 1947 381 1760 0 0 1730 291 158 156 578 1183 0 1334 596 166 180 710 648 462
0 6 48 19 24 2687 281 1031 0 40 2435 315 85 113 832 276 0 2322 454 107 176 884 153 0
0 56 143 154 95 1968 429 1251 1 155 1942 201 121 179 1430 67 0 1922 328 170 351 1249 76 0
0 55 78 76 64 958 560 2305 0 96 865 221 149 179 1765 821 0 663 416 153 246 1583 823 212
0 95 92 59 296 474 348 2732 0 144 520 210 113 159 1903 1047 0 539 256 154 200 1702 1226 19
0 44 23 22 99 139 324 3445 7 47 37 56 116 161 1362 2310 0 65 50 104 202 1414 2255 6
0 75 46 44 113 301 901 2616 0 96 48 125 173 336 2207 1111 0 97 94 202 378 1919 1400 6
