0 3 7 6 69 1242 2486 283 0 6 8 11 331 3384 356 0 0 3 8 6 124 2633 1322 0
0 0 0 0 7 296 2763 1030 0 0 0 0 95 1874 2127 0 0 0 0 0 49 1371 2673 3
0 0 15 103 14 892 2703 369 0 72 31 35 160 2027 1771 0 0 5 67 30 116 1777 2100 1
0 3 58 162 172 1367 2323 11 0 105 68 99 240 2666 918 0 0 22 97 101 234 1677 1964 1
0 4 519 1580 116 25 1363 489 15 248 159 1793 38 460 1383 0 1 66 168 162 701 1215 1783 0
72 172 905 2016 166 27 192 546 33 293 234 2231 546 72 687 0 43 28 137 241 526 2369 737 15
0 1 829 2557 501 152 51 5 1 49 44 2693 1042 225 42 0 0 0 34 41 380 3237 366 38
94 167 1317 1776 497 176 60 9 137 140 448 2575 600 131 64 1 66 113 193 438 1091 1982 169 44
2 1519 2237 172 114 48 4 0 0 18 2841 1061 107 63 6 0 0 0 18 289 3172 606 11 0
60 1786 1657 276 202 99 16 0 46 40 1605 1984 313 94 14 0 41 8 21 149 1340 2398 138 1
50 55 823 1135 1081 645 289 18 58 50 175 1298 1485 766 255 9 59 45 77 100 335 1840 1396 244
26 586 1817 958 441 212 53 3 24 19 547 2436 735 247 85 3 9 21 19 121 696 2660 494 76
