0 0 0 0 4096 0 0 0 0 0 0 1537 2559 0 0 0 0 0 0 4096 0 0 0 0
0 0 0 56 4040 0 0 0 0 0 0 2333 1763 0 0 0 0 0 111 3985 0 0 0 0
0 0 0 0 4096 0 0 0 0 0 0 2396 1700 0 0 0 0 0 59 4037 0 0 0 0
0 0 0 0 4096 0 0 0 0 0 0 1136 2960 0 0 0 0 0 7 4089 0 0 0 0
0 0 0 0 4093 3 0 0 0 0 0 98 3998 0 0 0 0 0 0 4096 0 0 0 0
0 0 0 0 4092 4 0 0 0 0 0 1 4095 0 0 0 0 0 0 4096 0 0 0 0
0 0 0 0 4079 17 0 0 0 0 0 2 4094 0 0 0 0 0 0 4096 0 0 0 0
0 0 0 0 4045 51 0 0 0 0 0 1 4095 0 0 0 0 0 0 4096 0 0 0 0
0 0 0 0 3265 831 0 0 0 0 0 0 4096 0 0 0 0 0 0 4096 0 0 0 0
0 0 0 0 2054 2042 0 0 0 0 0 0 4096 0 0 0 0 0 0 4096 0 0 0 0
0 0 0 0 1975 2121 0 0 0 0 0 2 4094 0 0 0 0 0 0 4094 2 0 0 0
0 0 0 0 1695 2401 0 0 0 0 0 0 4096 0 0 0 0 0 0 4096 0 0 0 0
0 0 0 0 1847 2249 0 0 0 0 0 4 4092 0 0 0 0 0 0 4072 24 0 0 0
0 0 0 0 1928 2168 0 0 0 0 0 2 4094 0 0 0 0 0 0 3970 126 0 0 0
0 0 0 0 2421 1675 0 0 0 0 0 2 4094 0 0 0 0 0 0 3601 495 0 0 0
0 0 0 0 3253 843 0 0 0 0 0 1 4095 0 0 0 0 0 0 2993 1103 0 0 0
0 0 0 0 3729 367 0 0 0 0 0 10 4086 0 0 0 0 0 0 2492 1604 0 0 0
0 0 0 0 4057 39 0 0 0 0 0 170 3926 0 0 0 0 0 0 2759 1337 0 0 0
0 0 0 107 3989 0 0 0 0 0 0 688 3408 0 0 0 0 0 99 2584 1413 0 0 0
0 0 0 736 3360 0 0 0 0 0 249 1112 2735 0 0 0 0 73 537 2292 1194 0 0 0
0 0 136 1475 2477 2 3 3 0 0 995 1489 1606 2 2 2 0 821 457 2500 317 1 0 0
0 0 163 1809 1720 24 23 357 0 0 1123 1991 595 23 18 346 15 1013 483 2212 28 29 37 279
0 0 182 1332 1070 67 42 1403 0 0 803 1659 167 33 49 1385 2 556 539 1317 140 39 109 1394
0 0 0 0 4096 0 0 0 0 0 0 436 3660 0 0 0 0 0 0 4096 0 0 0 0
838 1635 456 557 610 0 0 0 925 1678 420 773 300 0 0 0 2412 580 560 544 0 0 0 0
1213 1630 632 303 318 0 0 0 1399 1640 516 533 8 0 0 0 2694 871 344 187 0 0 0 0
167 2592 309 314 714 0 0 0 245 2697 177 702 275 0 0 0 2545 562 398 591 0 0 0 0
7 1297 249 432 2111 0 0 0 16 1392 233 1034 1421 0 0 0 1145 453 596 1902 0 0 0 0
0 0 0 28 4037 31 0 0 0 1 90 117 3888 0 0 0 0 45 121 3930 0 0 0 0
0 0 0 0 3917 179 0 0 0 0 0 36 4060 0 0 0 0 0 3 4093 0 0 0 0
0 0 0 0 3927 169 0 0 0 0 0 0 4096 0 0 0 0 0 0 4096 0 0 0 0
0 0 0 0 2203 1893 0 0 0 0 0 0 4096 0 0 0 0 0 0 4068 28 0 0 0
0 0 0 0 870 3226 0 0 0 0 0 0 4096 0 0 0 0 0 0 3944 152 0 0 0
0 0 0 0 589 3507 0 0 0 0 0 0 4096 0 0 0 0 0 0 3934 162 0 0 0
0 0 0 0 388 3708 0 0 0 0 0 0 4096 0 0 0 0 0 0 3966 130 0 0 0
0 0 0 0 354 3742 0 0 0 0 0 0 4096 0 0 0 0 0 0 4026 70 0 0 0
0 0 0 0 141 3955 0 0 0 0 0 0 4096 0 0 0 0 0 0 3970 126 0 0 0
0 0 0 0 266 3830 0 0 0 0 0 0 4096 0 0 0 0 0 0 3985 111 0 0 0
0 0 0 0 562 3534 0 0 0 0 0 0 4096 0 0 0 0 0 0 4060 36 0 0 0
0 0 0 0 1378 2718 0 0 0 0 0 0 4096 0 0 0 0 0 0 4085 11 0 0 0
0 0 0 0 3148 948 0 0 0 0 0 2 4094 0 0 0 0 0 0 4096 0 0 0 0
0 0 0 0 4085 11 0 0 0 0 0 3 4093 0 0 0 0 0 0 4096 0 0 0 0
0 0 0 0 4081 15 0 0 0 0 0 4 4092 0 0 0 0 0 1 4095 0 0 0 0
0 0 0 0 4088 8 0 0 0 0 0 29 4067 0 0 0 0 0 0 4095 1 0 0 0
0 0 0 19 4074 3 0 0 0 0 0 474 3622 0 0 0 0 0 0 4082 14 0 0 0
0 0 0 71 3265 157 117 486 42 234 109 1373 2169 20 5 144 173 187 238 3256 52 30 20 140
0 0 45 95 3956 0 0 0 0 1 81 225 3789 0 0 0 0 64 101 3931 0 0 0 0
131 1521 213 683 1548 0 0 0 159 1579 286 910 1162 0 0 0 1473 391 619 1613 0 0 0 0
556 1956 261 404 919 0 0 0 636 1949 267 404 840 0 0 0 2329 439 406 920 2 0 0 0
67 2496 544 490 499 0 0 0 89 2663 465 572 307 0 0 0 2192 931 459 514 0 0 0 0
3 1226 665 580 1622 0 0 0 5 1423 614 855 1199 0 0 0 964 924 644 1564 0 0 0 0
0 0 0 834 3242 20 0 0 0 361 621 320 2794 0 0 0 76 787 340 2891 2 0 0 0
0 0 0 356 3458 282 0 0 0 204 197 261 3434 0 0 0 83 244 220 3521 28 0 0 0
0 0 0 0 3704 392 0 0 0 0 0 0 4096 0 0 0 0 0 0 4072 24 0 0 0
0 0 0 0 1278 2818 0 0 0 0 0 13 4083 0 0 0 0 0 5 3828 263 0 0 0
0 0 0 0 446 3650 0 0 0 0 0 0 4096 0 0 0 0 0 0 3094 1002 0 0 0
0 0 0 0 253 3843 0 0 0 0 0 0 4096 0 0 0 0 0 0 2677 1419 0 0 0
0 0 0 0 57 4039 0 0 0 0 0 0 4096 0 0 0 0 0 0 3111 985 0 0 0
0 0 0 0 177 3919 0 0 0 0 0 0 4096 0 0 0 0 0 0 3120 976 0 0 0
0 0 0 0 33 4063 0 0 0 0 0 0 4096 0 0 0 0 0 0 3194 902 0 0 0
0 0 0 0 21 4075 0 0 0 0 0 0 4096 0 0 0 0 0 0 2977 1119 0 0 0
0 0 0 0 62 4034 0 0 0 0 0 0 4096 0 0 0 0 0 0 3326 770 0 0 0
0 0 0 0 139 3957 0 0 0 0 0 0 4096 0 0 0 0 0 0 3585 511 0 0 0
0 0 0 0 1266 2830 0 0 0 0 0 0 4096 0 0 0 0 0 0 3980 116 0 0 0
0 819 128 306 2695 148 0 0 0 845 192 424 2635 0 0 0 726 297 337 2736 0 0 0 0
5 576 166 228 3104 17 0 0 18 608 183 359 2928 0 0 0 594 211 281 3010 0 0 0 0
0 189 74 175 3651 7 0 0 0 210 85 337 3464 0 0 0 176 126 219 3575 0 0 0 0
0 0 0 0 4095 1 0 0 0 0 0 1 4095 0 0 0 0 0 0 4094 2 0 0 0
0 0 0 0 3177 149 83 687 0 0 160 224 3255 73 9 375 0 119 176 3094 154 61 79 413
0 603 2188 1305 0 0 0 0 102 2122 820 1052 0 0 0 0 1495 1232 1263 106 0 0 0 0
0 553 2214 1126 203 0 0 0 50 2017 981 942 106 0 0 0 1179 1587 1116 214 0 0 0 0
0 495 2196 871 534 0 0 0 10 1846 1131 634 475 0 0 0 1161 1573 808 554 0 0 0 0
0 459 2145 598 894 0 0 0 10 1659 1246 359 822 0 0 0 1071 1603 544 878 0 0 0 0
0 478 2089 282 1241 6 0 0 9 1587 1179 167 1154 0 0 0 879 1759 229 1228 1 0 0 0
0 189 774 1782 1338 13 0 0 2 910 2038 205 941 0 0 0 288 2553 258 996 1 0 0 0
0 318 1254 660 1679 185 0 0 0 1232 934 549 1381 0 0 0 555 1492 571 1447 31 0 0 0
0 44 364 881 2558 249 0 0 1 185 1855 581 1474 0 0 0 89 1560 784 1651 12 0 0 0
0 72 484 350 2409 781 0 0 0 292 1527 769 1508 0 0 0 158 1086 1191 1591 70 0 0 0
0 6 548 276 1016 2250 0 0 0 88 1114 368 2526 0 0 0 30 875 571 1814 806 0 0 0
0 0 495 264 381 2956 0 0 0 1 696 119 3280 0 0 0 0 678 122 1798 1498 0 0 0
0 0 124 283 189 3500 0 0 0 0 357 119 3620 0 0 0 0 326 117 1726 1927 0 0 0
0 0 10 91 330 3665 0 0 0 0 59 80 3957 0 0 0 0 46 73 2255 1722 0 0 0
0 0 0 0 36 4060 0 0 0 0 0 0 4096 0 0 0 0 0 0 1557 2539 0 0 0
0 0 0 0 18 4078 0 0 0 0 0 0 4095 1 0 0 0 0 0 1657 2439 0 0 0
0 0 0 0 20 4076 0 0 0 0 0 0 4096 0 0 0 0 0 0 2025 2071 0 0 0
0 0 0 0 69 4027 0 0 0 0 0 0 4096 0 0 0 0 0 0 2093 2003 0 0 0
0 0 0 0 482 3614 0 0 0 0 0 0 4096 0 0 0 0 0 0 3208 888 0 0 0
2 2184 1149 313 416 32 0 0 11 2528 973 343 241 0 0 0 1565 1848 311 351 21 0 0 0
38 2838 1075 145 0 0 0 0 86 3154 850 6 0 0 0 0 2595 1457 44 0 0 0 0 0
0 1886 330 144 1613 54 20 49 0 2038 210 206 1549 28 16 49 1316 880 210 1493 73 46 22 56
0 0 0 0 3320 158 61 557 0 0 0 0 3406 89 56 545 0 0 0 3085 229 68 82 632
0 0 0 0 2069 240 158 1629 0 0 9 72 2375 170 180 1290 0 0 11 1911 388 165 283 1338
0 0 0 4096 0 0 0 0 0 0 2 4094 0 0 0 0 0 0 1631 2465 0 0 0 0
0 0 0 4090 6 0 0 0 0 0 0 4096 0 0 0 0 0 0 1514 2582 0 0 0 0
0 0 0 4082 14 0 0 0 0 0 0 4096 0 0 0 0 0 0 1129 2967 0 0 0 0
0 0 0 4021 75 0 0 0 0 0 0 4096 0 0 0 0 0 0 755 3341 0 0 0 0
0 0 1 3989 106 0 0 0 0 6 532 3558 0 0 0 0 2 390 1170 2534 0 0 0 0
0 0 353 3597 146 0 0 0 0 1759 1657 680 0 0 0 0 970 2229 445 452 0 0 0 0
0 0 394 3536 166 0 0 0 0 121 579 3396 0 0 0 0 12 520 488 3076 0 0 0 0
10 35 199 1772 2071 9 0 0 10 250 2500 815 521 0 0 0 18 2417 564 793 304 0 0 0
27 122 386 654 2136 757 14 0 0 234 1323 1314 685 532 8 0 35 947 1180 736 701 489 8 0
0 237 602 2089 1070 98 0 0 0 469 971 2656 0 0 0 0 330 786 1163 1817 0 0 0 0
0 358 1148 2435 155 0 0 0 0 728 1181 2187 0 0 0 0 525 1224 343 2004 0 0 0 0
0 355 1400 2221 120 0 0 0 0 683 1539 1874 0 0 0 0 443 1610 367 1676 0 0 0 0
4 361 1396 2225 110 0 0 0 5 687 1793 1611 0 0 0 0 448 1872 409 1367 0 0 0 0
9 314 1322 2025 318 108 0 0 15 666 1827 1324 261 3 0 0 497 1829 517 1174 79 0 0 0
0 320 1357 1131 326 858 104 0 0 674 1773 507 737 405 0 0 456 1821 433 685 671 30 0 0
0 315 1000 576 246 1495 431 33 0 637 1175 250 1459 383 191 1 398 1313 383 939 688 334 41 0
0 25 423 512 222 1509 470 935 0 109 756 168 1518 365 395 785 11 620 306 971 855 303 348 682
0 0 2 149 190 1391 69 2295 0 0 59 144 1439 111 52 2291 0 0 65 394 1069 98 89 2381
0 22 535 384 362 347 84 2362 0 145 535 380 491 124 71 2350 8 511 364 325 268 117 106 2397
4 449 932 223 88 68 310 2022 6 911 538 184 81 56 604 1716 349 959 217 127 78 61 1062 1243
0 298 903 246 184 58 39 2368 1 574 753 158 164 44 52 2350 239 898 232 167 97 50 166 2247
0 159 776 210 789 90 18 2054 0 300 744 167 781 37 15 2052 181 779 201 608 162 76 31 2058
0 4 618 307 1561 93 455 1058 198 178 683 291 1197 71 466 1012 255 694 232 1280 103 235 333 964
0 0 0 2536 1560 0 0 0 0 0 0 4094 2 0 0 0 0 0 67 4029 0 0 0 0
0 49 166 2705 1176 0 0 0 0 108 231 3755 2 0 0 0 43 149 532 3372 0 0 0 0
0 3 30 1876 2187 0 0 0 0 10 44 3972 70 0 0 0 3 19 115 3959 0 0 0 0
0 0 0 1249 2847 0 0 0 0 0 0 3892 204 0 0 0 0 0 6 4090 0 0 0 0
0 131 555 2191 1219 0 0 0 156 1447 748 1705 40 0 0 0 1243 1038 244 1571 0 0 0 0
0 137 948 1334 1661 10 5 1 181 1619 257 1822 208 7 2 0 1456 498 199 1925 11 6 1 0
0 0 0 703 3145 88 148 12 0 0 130 3401 350 135 80 0 0 112 75 3651 96 161 1 0
607 125 91 974 2299 0 0 0 479 309 2565 726 17 0 0 0 171 2568 998 356 3 0 0 0
308 70 108 191 3212 207 0 0 3 337 264 2840 635 17 0 0 0 85 2751 743 508 9 0 0
0 0 0 573 3166 269 88 0 0 0 105 3261 552 160 18 0 0 41 962 2791 222 80 0 0
0 0 0 633 2909 187 335 32 0 0 9 3099 546 187 252 3 0 0 139 3420 186 288 63 0
0 0 3 687 2856 229 311 10 0 0 22 2987 674 201 212 0 0 0 152 3424 239 245 36 0
0 0 23 830 2734 319 190 0 0 1 61 3085 665 239 45 0 0 7 565 3108 317 99 0 0
0 0 33 280 3214 519 50 0 0 0 95 3027 669 305 0 0 0 1 791 2861 443 0 0 0
0 0 2 868 2464 747 15 0 0 0 66 3256 702 72 0 0 0 0 783 3151 162 0 0 0
0 0 34 1796 1507 423 304 32 0 1 100 3211 291 406 87 0 0 7 705 2801 376 172 35 0
0 0 8 2526 1207 42 156 157 0 0 77 3604 70 53 170 122 0 0 327 3386 56 125 99 103
0 0 62 2938 1039 47 3 7 0 0 130 3487 432 37 3 7 0 0 368 3427 257 28 9 7
0 0 307 3613 176 0 0 0 0 4 617 3475 0 0 0 0 0 153 1320 2623 0 0 0 0
0 9 822 3231 34 0 0 0 0 95 1082 2919 0 0 0 0 0 643 1892 1561 0 0 0 0
0 0 1076 2957 61 2 0 0 0 186 1173 2683 52 2 0 0 7 811 1794 1461 22 1 0 0
0 198 1416 2482 0 0 0 0 0 764 1064 2268 0 0 0 0 146 1206 2211 533 0 0 0 0
0 524 915 2195 133 138 157 34 0 1079 618 1950 127 139 151 32 486 815 2033 363 156 142 96 5
0 0 2 495 2120 1479 0 0 0 0 12 2402 1289 393 0 0 0 0 115 2862 978 141 0 0
555 539 484 680 1003 834 1 0 697 629 413 1361 735 261 0 0 1001 588 510 1414 499 84 0 0
2853 285 294 363 300 1 0 0 2978 295 273 536 13 1 0 0 3106 306 298 382 4 0 0 0
2828 237 196 403 427 5 0 0 3022 186 216 613 59 0 0 0 3102 231 266 487 10 0 0 0
15 25 473 3089 437 57 0 0 35 1733 1912 314 102 0 0 0 1091 2529 211 226 39 0 0 0
0 3 292 855 2560 252 128 6 0 325 176 2181 1210 149 55 0 260 138 459 2982 165 91 1 0
0 0 42 517 3287 225 25 0 0 0 976 2354 696 57 13 0 0 450 1425 2077 105 39 0 0
0 0 42 618 3436 0 0 0 0 0 1804 1609 683 0 0 0 0 704 2047 1345 0 0 0 0
0 0 19 613 3413 51 0 0 0 48 1696 2228 124 0 0 0 0 1269 2549 278 0 0 0 0
0 6 67 607 3416 0 0 0 1 10 194 993 2898 0 0 0 4 45 463 3584 0 0 0 0
0 4 122 478 3492 0 0 0 0 18 172 839 3067 0 0 0 0 56 297 3741 2 0 0 0
0 6 66 401 3623 0 0 0 0 8 153 1270 2665 0 0 0 3 27 276 3790 0 0 0 0
0 5 36 464 3502 89 0 0 0 9 194 1829 2064 0 0 0 3 48 583 3460 2 0 0 0
0 0 41 702 3353 0 0 0 0 6 118 1436 2536 0 0 0 0 19 489 3588 0 0 0 0
0 0 73 614 3409 0 0 0 0 1 160 944 2991 0 0 0 0 9 467 3620 0 0 0 0
0 2 64 459 3566 5 0 0 0 5 128 1309 2652 2 0 0 0 11 306 3726 51 2 0 0
0 0 0 195 3898 3 0 0 0 0 11 1855 2229 1 0 0 0 0 74 3937 85 0 0 0
0 0 31 533 3479 51 2 0 0 0 80 2742 1231 41 2 0 0 0 174 3712 194 15 1 0
0 4 140 1044 2908 0 0 0 0 5 278 3643 170 0 0 0 0 19 426 3651 0 0 0 0
0 0 152 2171 1773 0 0 0 0 0 289 3789 18 0 0 0 0 12 505 3579 0 0 0 0
0 9 230 2874 983 0 0 0 0 14 348 3703 31 0 0 0 0 57 709 3323 7 0 0 0
0 16 367 3366 347 0 0 0 0 26 453 3617 0 0 0 0 1 158 1409 2528 0 0 0 0
0 25 355 3453 235 26 2 0 273 189 397 3183 34 19 1 0 335 251 2206 1268 27 9 0 0
0 0 118 1997 1981 0 0 0 0 4 259 3818 15 0 0 0 0 26 1015 3055 0 0 0 0
75 30 164 1561 2266 0 0 0 82 46 298 3627 43 0 0 0 99 76 1007 2914 0 0 0 0
2308 180 268 700 640 0 0 0 2357 221 350 1141 27 0 0 0 2432 280 569 815 0 0 0 0
1013 377 247 1936 523 0 0 0 1413 720 1963 0 0 0 0 0 1927 2169 0 0 0 0 0 0
22 27 277 2886 884 0 0 0 81 2079 631 912 393 0 0 0 1419 1200 441 1036 0 0 0 0
2493 233 102 323 945 0 0 0 2629 123 113 741 490 0 0 0 2700 103 233 1060 0 0 0 0
1268 501 306 472 1228 321 0 0 1473 561 972 1040 50 0 0 0 1789 1021 1043 243 0 0 0 0
0 0 34 383 2366 1313 0 0 0 11 663 2366 1056 0 0 0 4 248 2243 1601 0 0 0 0
0 0 15 594 2911 576 0 0 0 27 1417 1535 1117 0 0 0 2 1047 1729 1318 0 0 0 0
0 0 61 619 3416 0 0 0 0 4 123 911 3058 0 0 0 0 17 356 3723 0 0 0 0
0 0 41 695 3360 0 0 0 0 0 76 977 3043 0 0 0 0 1 333 3761 1 0 0 0
0 0 0 531 3564 1 0 0 0 0 20 1225 2851 0 0 0 0 0 223 3868 5 0 0 0
0 0 39 793 3264 0 0 0 0 154 1326 1195 1421 0 0 0 11 912 1195 1968 10 0 0 0
0 0 48 1237 2810 1 0 0 0 482 1624 1345 645 0 0 0 214 1500 1269 1113 0 0 0 0
0 0 16 640 3436 4 0 0 0 99 491 990 2516 0 0 0 57 422 561 3050 6 0 0 0
0 0 14 282 3688 99 12 1 0 0 48 384 3584 71 8 1 0 0 178 3539 338 38 2 1
0 0 0 104 3914 74 4 0 0 0 5 226 3802 60 3 0 0 0 57 3764 251 23 1 0
0 41 54 268 3689 44 0 0 0 62 72 991 2934 37 0 0 20 60 171 3648 186 11 0 0
0 82 141 462 3411 0 0 0 9 118 236 2538 1195 0 0 0 102 85 410 3499 0 0 0 0
0 0 81 491 3523 1 0 0 0 2 159 3663 272 0 0 0 0 6 281 3806 3 0 0 0
0 11 299 1074 2712 0 0 0 0 21 436 3602 37 0 0 0 1 54 709 3332 0 0 0 0
0 13 312 2239 1532 0 0 0 1 18 418 3659 0 0 0 0 1 86 682 3327 0 0 0 0
0 11 281 3127 595 82 0 0 121 88 347 3356 136 48 0 0 147 130 1059 2667 93 0 0 0
0 8 215 3051 822 0 0 0 0 11 460 3623 2 0 0 0 0 44 1184 2868 0 0 0 0
0 5 282 2094 1715 0 0 0 0 26 491 3576 3 0 0 0 0 86 1199 2811 0 0 0 0
14 94 192 864 1888 1032 12 0 1174 592 378 1723 153 76 0 0 1652 272 648 1360 107 57 0 0
367 149 187 1992 1233 168 0 0 1858 1852 386 0 0 0 0 0 3398 698 0 0 0 0 0 0
2742 227 464 493 170 0 0 0 2902 588 202 397 7 0 0 0 3416 144 273 263 0 0 0 0
3269 228 218 196 159 26 0 0 3665 148 108 172 3 0 0 0 3742 131 128 95 0 0 0 0
924 417 390 392 546 1356 71 0 2799 830 467 0 0 0 0 0 3339 721 36 0 0 0 0 0
0 0 0 48 755 3293 0 0 67 100 446 2775 708 0 0 0 143 334 2264 1355 0 0 0 0
0 2 39 750 3267 38 0 0 0 6 742 1427 1921 0 0 0 0 304 1037 2755 0 0 0 0
0 0 25 695 3376 0 0 0 0 0 87 1148 2861 0 0 0 0 7 421 3668 0 0 0 0
0 0 43 688 3365 0 0 0 0 2 104 1076 2914 0 0 0 0 7 424 3664 1 0 0 0
0 0 6 599 3491 0 0 0 0 0 57 1306 2733 0 0 0 0 1 370 3723 2 0 0 0
0 0 12 516 3568 0 0 0 0 0 88 1017 2991 0 0 0 0 2 402 3691 1 0 0 0
0 0 64 654 3378 0 0 0 0 96 149 1041 2810 0 0 0 76 105 358 3557 0 0 0 0
1417 426 305 880 1068 0 0 0 1448 1142 478 305 723 0 0 0 2161 773 271 875 16 0 0 0
1242 238 194 421 1971 29 1 0 1228 226 249 623 1748 22 0 0 1253 251 378 2037 163 14 0 0
9 6 9 249 3754 67 2 0 9 8 60 626 3366 26 1 0 10 15 146 3778 134 13 0 0
51 300 324 592 2133 696 0 0 116 488 1343 1338 810 1 0 0 327 1003 1515 1212 39 0 0 0
1116 1435 1050 243 252 0 0 0 1698 1713 385 279 21 0 0 0 3077 692 110 217 0 0 0 0
1 111 306 487 3191 0 0 0 28 238 300 3380 150 0 0 0 258 100 500 3238 0 0 0 0
0 18 355 856 2867 0 0 0 0 27 493 3562 14 0 0 0 1 89 708 3298 0 0 0 0
0 13 311 2125 1647 0 0 0 0 24 402 3670 0 0 0 0 1 114 677 3304 0 0 0 0
0 27 354 3048 478 188 1 0 148 65 364 3253 138 128 0 0 167 161 1083 2480 205 0 0 0
0 12 372 3612 100 0 0 0 0 24 708 3364 0 0 0 0 0 91 1623 2382 0 0 0 0
0 5 235 3400 456 0 0 0 0 6 555 3535 0 0 0 0 0 49 1609 2438 0 0 0 0
0 23 152 1204 2208 509 0 0 1887 469 447 1293 0 0 0 0 2308 297 621 870 0 0 0 0
109 76 128 1336 2206 241 0 0 3641 438 17 0 0 0 0 0 3880 216 0 0 0 0 0 0
303 149 213 861 2500 70 0 0 2367 471 388 861 9 0 0 0 2662 367 432 635 0 0 0 0
0 0 42 581 2624 845 4 0 2395 608 519 454 104 16 0 0 2973 627 373 123 0 0 0 0
0 0 0 0 209 3350 537 0 3458 200 433 5 0 0 0 0 3586 309 201 0 0 0 0 0
0 0 48 706 1750 1592 0 0 1728 346 738 1227 57 0 0 0 1975 514 1231 376 0 0 0 0
0 0 114 823 3159 0 0 0 0 0 262 2456 1378 0 0 0 0 28 577 3491 0 0 0 0
0 4 43 748 3301 0 0 0 0 9 128 2091 1868 0 0 0 0 17 487 3592 0 0 0 0
0 0 21 726 3349 0 0 0 0 0 57 2312 1727 0 0 0 0 6 458 3632 0 0 0 0
0 0 100 523 3473 0 0 0 0 0 185 1927 1984 0 0 0 0 25 369 3702 0 0 0 0
0 0 87 481 3528 0 0 0 0 2 225 1270 2599 0 0 0 0 16 396 3684 0 0 0 0
0 0 24 470 3576 26 0 0 0 0 68 1061 2951 16 0 0 0 3 236 3766 88 3 0 0
80 28 41 258 3599 78 12 0 82 35 52 657 3203 55 12 0 92 38 163 3614 157 26 6 0
1909 258 172 128 1582 47 0 0 1912 237 206 459 1245 37 0 0 1943 254 208 1567 114 10 0 0
2440 373 183 304 742 54 0 0 2436 440 462 556 202 0 0 0 2565 566 442 516 7 0 0 0
172 98 167 1080 2403 176 0 0 215 542 2973 344 22 0 0 0 675 2487 874 60 0 0 0 0
1121 1313 1027 416 192 27 0 0 2419 1273 322 82 0 0 0 0 3654 327 115 0 0 0 0 0
85 226 375 689 2721 0 0 0 203 298 389 3189 17 0 0 0 513 190 549 2844 0 0 0 0
0 0 279 1217 2600 0 0 0 0 0 397 3692 7 0 0 0 0 41 611 3444 0 0 0 0
0 0 185 2742 1169 0 0 0 0 0 235 3861 0 0 0 0 0 64 645 3387 0 0 0 0
0 1 310 3534 235 16 0 0 325 155 240 3338 38 0 0 0 374 155 1414 2144 9 0 0 0
555 629 784 2113 15 0 0 0 46 1088 1078 1878 6 0 0 0 721 789 1987 595 4 0 0 0
8 37 502 3549 0 0 0 0 2 41 774 3279 0 0 0 0 9 108 3205 774 0 0 0 0
0 32 431 1718 616 1299 0 0 1689 357 653 1397 0 0 0 0 1976 320 1261 539 0 0 0 0
0 0 0 304 3413 379 0 0 3696 350 50 0 0 0 0 0 3816 274 6 0 0 0 0 0
0 10 245 817 2950 74 0 0 2539 632 384 541 0 0 0 0 3026 358 450 262 0 0 0 0
351 319 213 342 1022 1832 17 0 2000 971 714 357 53 1 0 0 2604 838 516 128 10 0 0 0
0 0 0 0 484 2903 709 0 3585 163 239 109 0 0 0 0 3678 150 268 0 0 0 0 0
0 0 0 103 1166 2813 14 0 3524 470 102 0 0 0 0 0 3919 173 4 0 0 0 0 0
0 7 141 1867 1983 98 0 0 2 169 400 3432 93 0 0 0 133 145 923 2895 0 0 0 0
1103 489 589 668 1247 0 0 0 1422 609 228 1721 116 0 0 0 1931 169 416 1578 2 0 0 0
237 92 193 1150 2424 0 0 0 240 112 222 3403 119 0 0 0 277 144 566 3109 0 0 0 0
273 623 925 1067 1208 0 0 0 412 1260 592 1666 166 0 0 0 1096 820 543 1636 1 0 0 0
0 12 98 1156 2830 0 0 0 0 1 213 3193 689 0 0 0 0 4 694 3398 0 0 0 0
23 414 838 1205 1581 33 2 0 285 840 427 1778 735 29 2 0 642 643 496 2186 117 12 0 0
0 0 5 421 3628 39 3 0 0 0 41 2790 1230 33 2 0 0 0 170 3808 103 14 1 0
0 0 62 651 3377 6 0 0 0 0 122 3158 814 2 0 0 0 1 337 3732 26 0 0 0
531 138 119 649 2659 0 0 0 583 159 194 2881 279 0 0 0 696 137 229 3026 8 0 0 0
1378 205 304 1079 551 380 197 2 1368 457 1417 161 223 326 143 1 1393 1616 262 151 250 276 148 0
2070 690 325 337 170 159 294 51 2515 548 354 116 97 221 225 20 2812 479 149 95 101 216 189 55
2185 124 239 831 602 24 54 37 2107 237 261 1340 37 23 53 38 1920 470 414 1146 32 22 56 36
21 24 462 3011 578 0 0 0 21 38 565 3472 0 0 0 0 19 195 1083 2799 0 0 0 0
0 18 334 3604 140 0 0 0 0 21 434 3641 0 0 0 0 0 133 1369 2594 0 0 0 0
73 98 297 3189 426 13 0 0 100 83 400 3324 189 0 0 0 63 214 2060 1734 25 0 0 0
1031 719 1309 1037 0 0 0 0 1122 1174 1122 678 0 0 0 0 1714 932 1435 15 0 0 0 0
0 15 1025 3056 0 0 0 0 0 21 2105 1970 0 0 0 0 0 348 3747 1 0 0 0 0
0 15 500 1759 490 1296 36 0 1424 253 1330 1089 0 0 0 0 1645 447 2002 2 0 0 0 0
0 0 0 662 2954 465 15 0 3968 52 37 35 4 0 0 0 4005 41 46 4 0 0 0 0
16 153 253 915 2711 48 0 0 3360 592 144 0 0 0 0 0 3547 521 28 0 0 0 0 0
286 185 143 214 354 2857 55 2 2688 853 299 181 63 12 0 0 3349 432 238 70 7 0 0 0
0 0 0 0 175 3186 714 21 3462 287 199 121 27 0 0 0 3690 127 216 58 5 0 0 0
0 0 1 93 1054 2650 298 0 3699 211 126 60 0 0 0 0 3863 132 101 0 0 0 0 0
0 17 534 3451 94 0 0 0 0 71 1020 3005 0 0 0 0 20 235 3100 739 2 0 0 0
1235 446 848 1416 151 0 0 0 1327 372 1020 1290 87 0 0 0 1429 286 802 1353 226 0 0 0
980 593 745 1707 71 0 0 0 1108 642 918 1417 11 0 0 0 1275 601 1696 486 38 0 0 0
1264 1177 1275 380 0 0 0 0 1280 1864 621 328 3 0 0 0 1541 1576 474 438 67 0 0 0
184 396 1183 2013 320 0 0 0 140 615 1140 2167 34 0 0 0 215 815 2126 928 12 0 0 0
397 437 1224 1966 66 6 0 0 520 927 840 1725 77 7 0 0 957 743 906 1443 42 5 0 0
409 489 769 1384 1043 2 0 0 670 854 475 2012 84 1 0 0 1153 575 551 1802 15 0 0 0
0 0 158 2634 1304 0 0 0 0 1 282 3775 38 0 0 0 0 6 1000 3088 2 0 0 0
215 380 573 1999 929 0 0 0 400 564 361 2746 25 0 0 0 679 366 642 2408 1 0 0 0
2696 205 209 332 112 142 393 7 2694 211 243 337 124 149 337 1 2661 289 391 183 131 248 193 0
3413 101 90 99 152 193 48 0 3399 117 91 97 152 186 54 0 3246 236 99 95 140 193 87 0
2639 90 79 151 223 364 389 161 2484 342 350 405 409 106 0 0 2172 1020 507 383 14 0 0 0
325 56 381 3076 169 89 0 0 309 83 480 3224 0 0 0 0 240 326 2226 1304 0 0 0 0
0 14 357 3516 209 0 0 0 0 16 437 3588 55 0 0 0 0 90 2340 1511 155 0 0 0
1165 865 648 1379 39 0 0 0 1934 587 413 1148 14 0 0 0 2098 553 1170 275 0 0 0 0
3171 663 255 7 0 0 0 0 3499 514 82 1 0 0 0 0 3926 130 40 0 0 0 0 0
1023 559 2193 321 0 0 0 0 1025 701 2369 1 0 0 0 0 1192 1524 1380 0 0 0 0 0
311 288 1772 532 447 746 0 0 1405 692 1993 6 0 0 0 0 1708 1569 819 0 0 0 0 0
1106 126 226 321 1750 567 0 0 3923 173 0 0 0 0 0 0 4095 1 0 0 0 0 0 0
356 269 903 664 1725 176 3 0 2930 1046 85 35 0 0 0 0 3874 150 70 2 0 0 0 0
0 0 0 0 23 1613 2314 146 3312 682 102 0 0 0 0 0 3926 170 0 0 0 0 0 0
0 0 0 1 214 1008 1788 1085 2777 1122 86 95 16 0 0 0 3864 90 86 56 0 0 0 0
67 116 165 161 785 757 1269 776 2247 1712 137 0 0 0 0 0 3850 230 16 0 0 0 0 0
58 512 951 1684 891 0 0 0 305 1414 2239 138 0 0 0 0 903 2816 377 0 0 0 0 0
1782 556 714 769 275 0 0 0 1989 1084 810 207 6 0 0 0 2572 1012 248 219 45 0 0 0
2483 1060 386 149 18 0 0 0 2912 888 168 117 11 0 0 0 3346 500 116 126 8 0 0 0
2656 1131 114 192 3 0 0 0 2120 1602 318 54 2 0 0 0 1771 1910 408 6 1 0 0 0
1693 855 824 699 24 1 0 0 1565 1292 797 418 23 1 0 0 1790 1291 895 115 5 0 0 0
1556 841 1005 641 53 0 0 0 1864 1406 698 121 7 0 0 0 2533 1101 388 74 0 0 0 0
1675 1559 752 108 2 0 0 0 2248 1679 144 19 6 0 0 0 3388 572 113 20 3 0 0 0
791 244 321 2687 53 0 0 0 856 241 421 2553 25 0 0 0 971 214 2460 444 7 0 0 0
1951 830 730 540 45 0 0 0 2746 915 141 294 0 0 0 0 3425 299 323 49 0 0 0 0
1573 339 305 500 337 419 479 144 1756 306 390 522 309 331 438 44 1874 363 642 302 345 280 290 0
3715 184 25 40 36 28 41 27 3618 260 68 36 28 30 28 28 3589 236 141 21 31 27 46 5
349 143 40 125 219 287 602 2331 324 187 296 383 614 836 955 501 273 332 611 727 947 1098 96 12
184 122 481 2440 219 562 88 0 115 259 745 2948 29 0 0 0 119 643 3213 121 0 0 0 0
503 191 533 2869 0 0 0 0 569 181 629 2717 0 0 0 0 372 576 3106 42 0 0 0 0
3265 256 264 134 170 7 0 0 3624 131 122 141 78 0 0 0 1947 1817 186 146 0 0 0 0
3667 226 203 0 0 0 0 0 3635 461 0 0 0 0 0 0 3846 250 0 0 0 0 0 0
1338 710 2048 0 0 0 0 0 1329 1556 1211 0 0 0 0 0 1760 2178 158 0 0 0 0 0
2773 269 1053 1 0 0 0 0 2787 591 718 0 0 0 0 0 3074 998 24 0 0 0 0 0
4096 0 0 0 0 0 0 0 4096 0 0 0 0 0 0 0 4096 0 0 0 0 0 0 0
2638 273 87 49 47 84 431 487 3306 789 1 0 0 0 0 0 4095 1 0 0 0 0 0 0
0 0 0 0 0 0 513 3583 33 3023 367 446 159 68 0 0 3661 378 57 0 0 0 0 0
0 0 0 0 0 5 44 4047 104 693 544 549 729 1329 148 0 1534 942 1594 26 0 0 0 0
50 175 114 124 745 410 234 2244 1308 755 488 453 413 484 172 23 2650 607 647 121 25 19 10 17
246 396 1489 1824 113 28 0 0 473 2335 1141 97 37 13 0 0 2268 1566 138 76 30 18 0 0
1651 899 715 567 217 47 0 0 1951 1251 601 122 171 0 0 0 1955 1404 445 133 159 0 0 0
3563 281 236 16 0 0 0 0 3341 754 1 0 0 0 0 0 3318 345 433 0 0 0 0 0
2129 1235 582 143 6 1 0 0 2062 1366 601 54 12 1 0 0 2524 1313 229 25 5 0 0 0
1974 1016 918 176 10 2 0 0 2019 1111 789 163 11 3 0 0 2443 985 554 98 13 3 0 0
2758 736 559 42 1 0 0 0 2745 1140 200 11 0 0 0 0 3285 671 134 6 0 0 0 0
1444 1424 1028 197 3 0 0 0 1225 1752 1008 108 3 0 0 0 1573 1708 755 59 1 0 0 0
780 540 1354 1361 59 2 0 0 954 610 1751 751 30 0 0 0 1209 604 1858 411 14 0 0 0
599 461 1099 1538 385 14 0 0 1705 862 734 766 29 0 0 0 2268 448 673 695 12 0 0 0
824 244 318 451 603 699 273 684 1179 563 563 781 341 253 210 206 1619 593 852 361 272 212 90 97
931 219 119 123 353 138 139 2074 985 268 505 160 130 177 306 1565 1234 372 213 272 206 351 436 1012
238 151 173 242 363 539 466 1924 333 373 488 575 610 469 403 845 685 486 694 702 471 356 340 362
1419 592 335 871 278 434 166 1 819 1264 745 1099 145 8 15 1 704 1671 1536 149 10 8 13 5
2039 299 447 1308 3 0 0 0 2165 283 587 1061 0 0 0 0 2277 340 1454 25 0 0 0 0
2101 543 598 380 462 12 0 0 2233 782 387 642 52 0 0 0 2123 1084 673 215 1 0 0 0
1707 574 253 280 257 1022 3 0 1723 644 234 279 968 248 0 0 1805 620 386 166 1097 22 0 0
324 737 1231 440 192 1172 0 0 335 1397 745 332 952 335 0 0 640 1449 657 204 1146 0 0 0
3019 283 364 129 52 249 0 0 3042 393 280 106 183 92 0 0 3237 360 208 65 226 0 0 0
3302 67 77 241 409 0 0 0 3359 144 593 0 0 0 0 0 3497 599 0 0 0 0 0 0
2215 560 290 346 193 40 89 363 2301 1064 717 14 0 0 0 0 2958 877 235 26 0 0 0 0
0 46 687 1977 42 32 28 1284 2 113 565 2614 291 452 59 0 327 362 1014 2392 1 0 0 0
0 75 279 2505 148 57 30 1002 17 118 188 2432 500 276 565 0 47 213 825 2522 451 38 0 0
1464 481 502 687 602 36 24 300 1611 531 525 1175 47 61 115 31 1809 550 902 755 36 7 8 29
1169 285 568 794 942 260 78 0 1192 840 526 817 551 170 0 0 1401 786 574 770 429 136 0 0
2303 211 208 237 262 298 323 254 2297 227 227 264 345 324 186 226 2297 234 232 270 361 295 179 228
2258 515 514 188 88 112 190 231 2406 829 225 76 81 133 171 175 2604 783 107 77 81 106 162 176
911 1042 1643 262 32 39 39 128 882 1183 1612 183 34 34 41 127 1318 1936 574 39 29 33 40 127
1636 984 1394 82 0 0 0 0 1646 1310 1123 17 0 0 0 0 2372 1626 93 5 0 0 0 0
1414 1250 898 364 170 0 0 0 1580 1368 666 373 109 0 0 0 2204 991 555 328 18 0 0 0
2812 929 228 86 41 0 0 0 2729 1059 192 96 20 0 0 0 2653 1171 191 79 2 0 0 0
1613 880 1234 337 32 0 0 0 1881 1146 914 153 2 0 0 0 2519 612 832 133 0 0 0 0
748 1004 1572 682 83 7 0 0 1040 1397 1202 437 20 0 0 0 1799 710 1162 418 7 0 0 0
3137 567 79 93 187 33 0 0 3597 200 187 112 0 0 0 0 3675 259 162 0 0 0 0 0
3131 250 89 106 363 156 1 0 3203 300 462 126 5 0 0 0 3264 624 188 20 0 0 0 0
3514 147 39 54 120 192 14 16 3477 191 148 200 21 25 18 16 3298 456 240 21 21 26 15 19
1396 1633 892 13 18 50 42 52 1029 1517 1130 298 52 37 5 28 645 959 1165 807 472 15 4 29
2476 534 917 168 1 0 0 0 2559 537 774 224 2 0 0 0 2748 357 199 487 305 0 0 0
2658 484 345 398 211 0 0 0 2741 470 407 473 5 0 0 0 2931 576 572 17 0 0 0 0
1580 1534 613 361 8 0 0 0 1616 1599 607 274 0 0 0 0 2478 1014 481 123 0 0 0 0
711 2117 845 419 4 0 0 0 795 2336 678 287 0 0 0 0 2174 1346 482 94 0 0 0 0
556 1952 720 682 186 0 0 0 612 2372 873 239 0 0 0 0 2064 1555 375 102 0 0 0 0
0 0 0 53 4038 5 0 0 0 45 4037 14 0 0 0 0 194 3890 12 0 0 0 0 0
610 1566 575 238 1107 0 0 0 471 1776 1736 113 0 0 0 0 789 2771 401 135 0 0 0 0
47 511 2015 1523 0 0 0 0 24 395 1207 2470 0 0 0 0 34 391 1073 2598 0 0 0 0
0 69 3521 506 0 0 0 0 0 15 2749 1324 8 0 0 0 0 8 2673 1404 11 0 0 0
653 894 1750 375 373 15 16 20 817 1078 1830 316 22 16 17 0 1314 907 1654 184 15 18 4 0
841 360 372 404 730 1146 243 0 916 439 458 627 1016 640 0 0 1184 482 626 690 1046 68 0 0
962 186 266 487 584 386 714 511 992 290 475 630 288 785 166 470 1098 360 610 478 671 234 150 495
468 155 390 1562 165 153 244 959 557 1805 224 148 120 113 350 779 2119 378 154 101 100 106 281 857
1713 106 106 191 155 68 61 1696 1720 123 155 227 66 60 57 1688 1765 114 173 156 63 61 56 1708
1537 385 180 86 56 69 65 1718 1739 227 180 60 61 65 75 1689 1791 215 117 66 67 61 78 1701
1540 429 166 90 42 37 75 1717 1570 397 175 92 41 50 66 1705 1515 385 193 107 41 54 72 1729
1375 787 94 77 73 152 898 640 1543 649 97 85 121 402 857 342 1816 397 101 99 185 502 644 352
1718 455 76 77 116 605 1049 0 1702 499 93 104 304 1260 134 0 1625 605 114 236 560 952 4 0
848 1002 329 134 164 1535 84 0 901 1131 213 185 814 852 0 0 891 1199 260 351 1382 13 0 0
790 190 48 45 278 2191 554 0 832 171 51 106 1801 1132 3 0 969 58 77 539 1980 473 0 0
630 531 156 114 530 1917 83 135 614 515 167 552 1998 124 31 95 522 422 608 1083 1237 145 32 47
185 178 33 32 792 1272 1205 399 210 180 72 486 2699 439 10 0 192 166 532 2568 628 10 0 0
5 355 63 76 1029 1331 546 691 0 277 316 1013 1796 455 239 0 2 165 1125 1962 604 238 0 0
1297 842 331 179 1125 322 0 0 1265 797 446 631 957 0 0 0 1462 562 572 1255 245 0 0 0
976 719 437 440 1234 290 0 0 992 760 511 681 1152 0 0 0 1285 724 722 1015 350 0 0 0
2952 758 386 0 0 0 0 0 3012 769 315 0 0 0 0 0 3500 533 63 0 0 0 0 0
2622 1181 293 0 0 0 0 0 2709 1167 220 0 0 0 0 0 3617 430 49 0 0 0 0 0
1348 1846 636 132 134 0 0 0 1710 1724 659 3 0 0 0 0 3249 648 199 0 0 0 0 0
0 0 12 30 1771 2283 0 0 0 24 1395 2677 0 0 0 0 14 1563 2519 0 0 0 0 0
335 274 56 321 1617 281 61 1151 402 448 1376 652 51 55 75 1037 555 1405 895 53 53 70 89 976
396 526 302 38 40 36 39 2719 485 456 360 33 31 32 48 2651 534 449 341 31 39 45 110 2547
0 115 426 79 32 31 23 3390 0 47 483 130 29 28 34 3345 0 41 521 104 28 26 40 3336
498 329 426 596 194 117 132 1804 589 523 692 321 124 170 290 1387 752 734 457 293 148 209 408 1095
2278 286 217 228 289 635 163 0 2304 324 240 296 502 430 0 0 2511 298 280 359 645 3 0 0
2378 167 165 233 509 339 305 0 2419 211 260 583 297 326 0 0 2499 251 514 495 316 21 0 0
1003 413 491 1862 314 13 0 0 1306 2298 438 47 7 0 0 0 3203 830 56 7 0 0 0 0
3110 613 354 19 0 0 0 0 3242 708 144 2 0 0 0 0 3799 252 45 0 0 0 0 0
1492 1558 842 204 0 0 0 0 1787 1858 336 115 0 0 0 0 3211 556 328 1 0 0 0 0
1717 1077 1267 35 0 0 0 0 1822 2046 228 0 0 0 0 0 3452 644 0 0 0 0 0 0
1442 1326 1275 53 0 0 0 0 1553 2302 241 0 0 0 0 0 3355 741 0 0 0 0 0 0
1992 1170 934 0 0 0 0 0 2229 1867 0 0 0 0 0 0 3864 232 0 0 0 0 0 0
2432 1022 642 0 0 0 0 0 2525 1571 0 0 0 0 0 0 3406 690 0 0 0 0 0 0
643 241 219 220 815 778 1177 3 727 552 1301 229 212 1074 1 0 1366 1294 145 236 802 253 0 0
0 0 2 12 62 431 916 2673 0 1 83 249 156 1172 448 1987 0 39 286 324 916 696 832 1003
0 0 0 0 8 515 670 2903 0 0 0 679 580 300 273 2264 0 0 677 629 280 289 250 1971
0 295 256 487 322 128 78 2530 74 406 578 311 172 113 216 2226 411 521 290 306 127 254 433 1754
39 1326 982 1154 595 0 0 0 180 1816 1351 749 0 0 0 0 1706 1544 792 54 0 0 0 0
391 755 1335 731 884 0 0 0 521 1349 1308 731 187 0 0 0 1424 1691 534 447 0 0 0 0
534 1126 2436 0 0 0 0 0 795 3294 7 0 0 0 0 0 3869 227 0 0 0 0 0 0
378 1004 2609 105 0 0 0 0 442 3096 558 0 0 0 0 0 3170 926 0 0 0 0 0 0
0 579 2875 642 0 0 0 0 49 2334 1713 0 0 0 0 0 2212 1884 0 0 0 0 0 0
0 38 397 120 173 1986 291 1091 3 424 237 1818 270 107 228 1009 314 429 1670 320 73 104 282 904
0 1 394 526 545 498 219 1913 15 612 675 491 110 166 196 1831 518 691 520 110 110 162 199 1786
0 0 0 0 0 0 0 4096 0 0 0 0 0 0 6 4090 0 0 0 0 0 0 299 3797
0 0 0 0 0 0 37 4059 0 0 0 0 0 373 1167 2556 0 0 0 0 262 712 1741 1381
1164 209 423 709 464 387 401 339 1331 850 502 523 484 215 149 42 1952 643 503 498 270 146 81 3
4019 33 31 13 0 0 0 0 4015 37 31 13 0 0 0 0 4017 35 34 10 0 0 0 0
3850 95 108 38 5 0 0 0 3854 116 103 23 0 0 0 0 3868 142 79 7 0 0 0 0
681 389 2460 336 230 0 0 0 818 3130 148 0 0 0 0 0 3754 323 19 0 0 0 0 0
0 111 3679 306 0 0 0 0 0 3614 482 0 0 0 0 0 3850 246 0 0 0 0 0 0
0 39 3442 615 0 0 0 0 1 2967 1128 0 0 0 0 0 3410 686 0 0 0 0 0 0
0 18 4061 17 0 0 0 0 0 4021 75 0 0 0 0 0 3963 133 0 0 0 0 0 0
0 0 4056 40 0 0 0 0 0 3909 187 0 0 0 0 0 3626 470 0 0 0 0 0 0
0 10 4015 71 0 0 0 0 0 3920 176 0 0 0 0 0 3365 731 0 0 0 0 0 0
0 2 3919 175 0 0 0 0 0 3691 405 0 0 0 0 0 2373 1723 0 0 0 0 0 0
0 0 1534 1355 1116 91 0 0 0 2387 1709 0 0 0 0 0 2252 1844 0 0 0 0 0 0
0 7 412 135 484 884 581 1593 3 417 674 321 1223 1308 150 0 408 590 442 1609 1045 2 0 0
0 0 0 0 112 1796 508 1680 0 0 317 1680 476 367 438 818 0 132 1883 463 353 405 412 448
343 70 147 1906 396 311 171 752 360 205 1332 1064 225 310 183 417 449 657 1807 218 246 280 217 222
111 141 1413 2431 0 0 0 0 99 757 2972 268 0 0 0 0 357 2788 951 0 0 0 0 0
384 157 2657 898 0 0 0 0 393 1058 2645 0 0 0 0 0 757 3307 32 0 0 0 0 0
0 0 3798 298 0 0 0 0 0 2696 1400 0 0 0 0 0 2118 1951 27 0 0 0 0 0
0 0 1439 2657 0 0 0 0 0 578 3518 0 0 0 0 0 432 3664 0 0 0 0 0 0
0 0 184 3494 31 15 20 352 0 36 3621 42 18 14 17 348 19 3517 112 38 24 17 12 357
0 0 73 21 14 16 23 3949 0 47 41 11 16 17 23 3941 14 48 24 13 14 16 22 3945
0 0 30 1524 328 199 182 1833 0 6 1330 465 179 177 162 1777 0 348 1281 224 161 167 167 1748
0 0 0 0 0 0 0 4096 0 0 0 0 0 0 356 3740 0 0 0 0 0 259 606 3231
0 0 0 0 0 3 21 4072 0 0 0 3 15 83 414 3581 0 0 1 13 73 353 578 3078
578 229 1721 550 409 169 209 231 849 2031 562 161 198 228 37 30 2509 893 207 193 222 37 5 30
588 112 447 911 2038 0 0 0 676 1292 2128 0 0 0 0 0 1772 2324 0 0 0 0 0 0
1426 309 1095 1266 0 0 0 0 1881 2215 0 0 0 0 0 0 4087 9 0 0 0 0 0 0
586 198 1290 2022 0 0 0 0 699 3135 262 0 0 0 0 0 3513 583 0 0 0 0 0 0
1277 291 849 1679 0 0 0 0 1341 600 2155 0 0 0 0 0 2355 1725 16 0 0 0 0 0
1323 269 1215 1289 0 0 0 0 1403 949 1744 0 0 0 0 0 2849 1218 29 0 0 0 0 0
954 639 1079 1424 0 0 0 0 992 1338 1756 10 0 0 0 0 2428 1585 83 0 0 0 0 0
1406 235 1370 1085 0 0 0 0 1418 1018 1660 0 0 0 0 0 2426 1613 57 0 0 0 0 0
679 954 810 1653 0 0 0 0 831 1292 1937 36 0 0 0 0 1624 2356 116 0 0 0 0 0
380 1181 462 2073 0 0 0 0 699 1158 2211 28 0 0 0 0 1414 2563 119 0 0 0 0 0
468 213 335 1897 1179 4 0 0 563 799 2643 91 0 0 0 0 1436 2485 175 0 0 0 0 0
729 164 126 567 1466 749 235 60 821 624 1408 434 654 155 0 0 1227 1553 520 596 200 0 0 0
0 0 0 18 694 2155 1229 0 0 3 551 1003 263 1708 568 0 0 431 1107 88 342 1665 463 0
1001 226 461 894 1026 368 120 0 1073 356 1256 839 184 341 47 0 1257 1232 987 86 191 319 24 0
662 270 1333 1612 219 0 0 0 677 1360 1540 519 0 0 0 0 1880 1490 725 1 0 0 0 0
820 104 2757 415 0 0 0 0 836 2154 1106 0 0 0 0 0 2388 1708 0 0 0 0 0 0
