258 461 752 912 884 535 196 98 881 1186 804 672 301 147 34 71 621 1560 1109 469 154 69 30 84
132 409 635 926 866 718 313 97 947 1308 602 656 387 126 25 45 600 1743 948 521 160 42 25 57
11 121 544 1048 1028 924 289 131 739 1336 728 675 436 73 32 77 515 1660 1068 602 86 45 39 81
354 222 432 1048 1039 733 193 75 999 1283 901 576 231 41 15 50 721 1611 1126 462 68 30 21 57
67 235 575 1201 1109 744 113 52 953 1242 956 700 154 41 17 33 698 1611 1301 357 50 19 28 32
158 313 646 1094 852 829 108 96 973 1164 845 770 210 46 26 62 568 1662 1188 492 56 27 29 74
10 94 474 967 1057 1136 281 77 667 978 845 1137 325 81 14 49 491 1181 1535 625 157 28 21 58
685 252 327 325 451 686 446 924 655 529 403 674 437 271 317 810 310 1232 678 363 214 274 373 652
515 212 399 543 769 844 559 255 209 766 608 737 936 424 183 233 170 1215 905 953 312 205 126 210
162 285 426 552 337 487 1764 83 314 487 533 462 631 763 825 81 245 791 702 597 598 1052 37 74
135 115 141 240 314 673 1821 657 315 259 253 348 556 821 1534 10 186 423 467 500 603 1414 491 12
12 158 313 335 421 805 1116 936 78 225 504 728 715 700 908 238 35 360 991 785 545 783 562 35
87 169 126 147 103 451 1107 1906 197 186 225 197 620 674 1543 454 17 260 246 674 687 703 1455 54
102 194 268 169 259 434 1048 1622 329 476 292 224 578 777 1419 1 66 509 409 681 575 1538 318 0
10 19 22 79 329 2457 1120 60 16 91 675 2457 578 224 53 2 53 1067 2086 719 121 50 0 0
192 36 39 89 124 1571 1900 145 91 202 476 2362 483 367 99 16 47 1255 1912 609 163 72 32 6
74 101 27 86 606 1925 1206 71 58 104 1377 1204 667 652 32 2 43 1527 1225 842 306 151 1 1
434 162 226 483 489 549 1546 207 393 273 402 618 756 914 711 29 236 560 635 968 661 939 85 12
70 182 405 242 358 1161 1206 472 61 272 454 395 1166 1116 609 23 69 335 580 1013 1296 674 121 8
494 409 223 91 89 609 975 1206 45 801 341 160 692 861 998 198 126 949 514 445 804 225 1032 1
987 279 126 138 248 789 457 1072 141 1142 252 385 820 325 1031 0 197 1260 519 505 552 238 825 0
0 22 58 48 581 293 3093 1 0 1 176 643 1247 2029 0 0 0 114 721 2764 497 0 0 0
0 35 106 49 82 236 3428 160 0 16 137 205 561 3114 63 0 0 104 283 2355 1300 53 1 0
0 7 63 22 37 157 2795 1015 0 1 76 45 274 2870 830 0 0 60 78 1496 2005 457 0 0
1 22 53 63 114 283 1523 2037 4 42 91 121 360 1397 2081 0 15 76 133 611 1544 1715 2 0
1 3 31 40 55 190 1986 1790 1 19 41 74 304 1882 1769 6 12 35 117 566 1996 1340 30 0
0 3 17 38 44 114 1341 2539 1 7 47 67 288 1360 2318 8 5 45 105 580 1282 1959 120 0
0 2 14 10 34 148 1949 1939 0 2 24 56 384 1861 1768 1 2 31 74 963 1410 1601 15 0
0 0 10 60 37 25 1135 2829 0 0 29 73 29 988 1737 1240 0 9 80 46 1224 917 992 828
0 0 0 0 0 0 1771 2325 0 0 0 0 0 1932 1865 299 0 0 0 0 2560 941 505 90
0 0 0 0 0 0 1650 2446 0 0 0 0 0 2132 1772 192 0 0 0 33 3164 575 214 110
0 0 0 0 0 0 1289 2807 0 0 0 0 0 2239 1779 78 0 0 0 25 3443 523 59 46
0 0 0 0 0 0 873 3223 0 0 0 0 0 1702 2345 49 0 0 0 32 3090 910 47 17
0 0 0 0 0 0 1049 3047 0 0 0 0 0 1763 2249 84 0 0 0 2 2550 1414 82 48
0 0 0 0 0 3 2020 2073 0 0 1 4 7 3426 658 0 0 0 4 44 3807 235 6 0
