2227 1313 484 65 7 0 0 0 2263 1002 484 202 145 0 0 0 2421 879 431 70 47 232 16 0
1469 1249 1056 165 157 0 0 0 1452 726 839 480 599 0 0 0 1522 685 779 259 52 764 35 0
1912 1239 616 302 27 0 0 0 1715 890 579 568 325 19 0 0 1763 838 592 389 111 401 2 0
1697 1149 937 302 11 0 0 0 1835 955 755 461 90 0 0 0 1968 805 789 440 94 0 0 0
2593 952 432 106 11 2 0 0 2542 921 480 140 9 4 0 0 2649 918 402 114 9 4 0 0
2282 889 856 52 16 1 0 0 2348 821 851 59 16 1 0 0 2432 794 808 46 15 1 0 0
884 1550 601 355 329 327 46 4 198 191 266 880 2293 151 114 3 168 229 430 587 1731 843 106 2
233 532 1325 453 317 913 307 16 120 156 249 677 996 1790 90 18 121 146 352 902 846 1646 81 2
180 178 1654 692 179 572 640 1 152 164 157 235 1172 2193 23 0 176 173 141 888 645 2062 11 0
446 932 1981 211 157 226 143 0 257 257 179 253 1648 1464 38 0 258 266 182 507 1918 940 25 0
1103 1173 1409 282 111 18 0 0 852 852 576 365 855 594 2 0 883 826 564 422 1105 293 3 0
1903 1001 748 366 72 6 0 0 1581 1094 657 512 236 16 0 0 1547 1172 621 496 248 12 0 0
275 772 1208 654 400 671 116 0 926 241 391 836 1383 307 12 0 944 259 677 889 1197 130 0 0
0 0 5 238 60 993 2776 24 0 13 26 592 2685 753 27 0 5 20 122 1840 1855 252 2 0
116 111 99 202 359 675 2485 49 206 220 290 551 2260 563 6 0 244 182 399 1818 1367 55 18 13
120 103 169 127 146 722 2704 5 30 99 196 506 3009 240 15 1 21 65 250 2951 659 115 19 16
304 176 945 491 222 714 1237 7 111 66 166 473 1816 1402 54 8 118 97 234 1415 1306 864 52 10
272 1529 1495 363 52 165 220 0 54 104 155 155 2549 1075 4 0 75 123 121 404 2908 465 0 0
797 617 1944 738 0 0 0 0 117 125 66 833 2643 312 0 0 140 129 63 1380 2295 89 0 0
0 11 592 2920 46 36 461 30 0 0 0 0 558 3468 70 0 0 0 0 23 1671 2388 14 0
51 93 217 620 142 630 2279 64 1 44 102 622 1759 1484 81 3 0 35 427 1477 1320 802 35 0
54 107 60 44 125 804 2888 14 10 59 100 884 2753 281 9 0 3 49 626 2658 672 81 6 1
278 330 439 111 112 604 2207 15 14 68 122 423 2521 911 37 0 9 66 404 1803 1408 391 15 0
22 1468 608 76 55 819 1048 0 0 7 17 663 2721 670 18 0 3 5 200 1163 2536 186 3 0
