0 0 0 4 3417 675 0 0 0 0 597 3496 3 0 0 0 0 796 3296 4 0 0 0 0
0 0 0 3 3227 866 0 0 0 0 13 3760 323 0 0 0 0 276 3727 93 0 0 0 0
0 0 0 1 3671 424 0 0 0 0 1 4064 31 0 0 0 0 931 3156 9 0 0 0 0
0 0 0 1 3608 487 0 0 0 0 0 4007 89 0 0 0 0 589 3426 81 0 0 0 0
0 0 0 5 3952 139 0 0 0 0 0 3942 154 0 0 0 0 284 3680 132 0 0 0 0
0 0 0 44 4038 14 0 0 0 0 103 3979 14 0 0 0 0 671 3406 19 0 0 0 0
0 0 2 290 3693 111 0 0 0 0 243 3839 14 0 0 0 0 948 3130 18 0 0 0 0
0 0 0 1034 3062 0 0 0 0 0 1404 2692 0 0 0 0 0 2743 1353 0 0 0 0 0
0 0 73 1867 2156 0 0 0 0 11 1951 2134 0 0 0 0 0 3037 1059 0 0 0 0 0
0 0 73 2289 1734 0 0 0 0 9 2641 1446 0 0 0 0 0 3434 662 0 0 0 0 0
0 0 3 1359 2734 0 0 0 0 0 1428 2668 0 0 0 0 0 2146 1950 0 0 0 0 0
0 0 0 1687 2356 21 23 9 0 0 1814 2177 62 12 26 5 0 2235 1627 179 14 11 15 15
0 0 0 796 2234 123 131 812 0 0 661 2303 126 86 130 790 0 1259 1600 148 83 69 77 860
0 0 0 803 1181 117 131 1864 0 0 677 1232 123 91 118 1855 0 650 1153 142 84 75 75 1917
0 0 0 85 857 105 163 2886 0 0 30 829 121 79 167 2870 0 97 660 136 80 69 90 2964
0 0 0 0 116 212 362 3406 0 0 0 56 67 208 348 3417 0 0 28 37 34 163 224 3610
0 0 0 0 80 189 339 3488 0 0 0 0 73 183 311 3529 0 0 0 0 1 189 197 3709
0 0 0 0 47 238 382 3429 0 0 0 0 38 244 359 3455 0 0 0 0 5 196 201 3694
0 39 355 308 246 421 976 1751 0 126 365 240 228 462 954 1721 0 153 296 220 157 311 595 2364
0 11 700 1515 822 291 637 120 0 239 1432 1208 192 285 675 65 0 742 1743 306 164 205 334 602
0 1892 1344 860 0 0 0 0 0 2039 2057 0 0 0 0 0 0 3236 860 0 0 0 0 0
0 472 3624 0 0 0 0 0 0 729 3367 0 0 0 0 0 0 0 952 3144 0 0 0 0
0 0 0 119 3771 206 0 0 0 0 293 3792 11 0 0 0 0 942 3146 8 0 0 0 0
0 0 0 118 3591 387 0 0 0 0 447 3592 57 0 0 0 0 1592 2504 0 0 0 0 0
0 0 18 330 3206 542 0 0 0 0 988 2906 202 0 0 0 0 1653 2443 0 0 0 0 0
0 0 0 53 3664 379 0 0 0 0 236 3762 98 0 0 0 0 1345 2749 2 0 0 0 0
0 0 0 20 3813 263 0 0 0 0 49 4033 14 0 0 0 0 549 3528 19 0 0 0 0
0 0 6 212 3866 12 0 0 0 0 471 3620 5 0 0 0 0 1880 2216 0 0 0 0 0
0 0 0 171 3922 3 0 0 0 0 508 3571 17 0 0 0 0 2479 1597 20 0 0 0 0
0 0 0 36 4060 0 0 0 0 0 54 4042 0 0 0 0 0 1718 2378 0 0 0 0 0
0 0 0 248 3848 0 0 0 0 0 367 3729 0 0 0 0 0 2242 1854 0 0 0 0 0
0 0 0 390 3706 0 0 0 0 0 374 3722 0 0 0 0 0 2086 2010 0 0 0 0 0
0 0 36 1283 2777 0 0 0 0 0 1184 2912 0 0 0 0 0 2623 1473 0 0 0 0 0
0 0 7 1967 2122 0 0 0 0 0 2131 1965 0 0 0 0 0 3377 719 0 0 0 0 0
0 0 0 2411 1685 0 0 0 0 0 2287 1809 0 0 0 0 0 3194 902 0 0 0 0 0
0 0 0 2100 1996 0 0 0 0 0 1793 2303 0 0 0 0 0 2735 1361 0 0 0 0 0
0 0 3 2841 1204 46 2 0 0 64 2628 1390 14 0 0 0 0 2919 1158 19 0 0 0 0
0 0 0 2440 1437 74 48 97 0 16 1923 1898 82 44 42 91 0 2269 1496 98 53 33 38 109
0 0 0 2074 855 109 132 926 0 0 1797 1051 123 84 125 916 0 1519 1230 139 85 69 79 975
0 0 0 1142 730 107 119 1998 0 0 1006 786 116 85 114 1989 0 830 862 131 80 73 76 2044
0 0 93 515 289 167 475 2557 20 97 351 337 116 158 444 2573 44 321 340 111 93 89 252 2846
0 0 541 2229 313 283 705 25 0 26 2307 548 232 279 687 17 0 767 1823 218 189 203 339 557
0 1618 1078 1400 0 0 0 0 0 1822 2274 0 0 0 0 0 0 3776 320 0 0 0 0 0
0 2530 1566 0 0 0 0 0 0 3053 1043 0 0 0 0 0 0 86 3550 460 0 0 0 0
0 0 0 243 3853 0 0 0 0 0 397 3699 0 0 0 0 0 1493 2603 0 0 0 0 0
0 0 0 125 3970 1 0 0 0 0 190 3903 3 0 0 0 0 1872 2222 2 0 0 0 0
0 0 0 60 3387 649 0 0 0 0 306 3681 109 0 0 0 0 1671 2422 3 0 0 0 0
0 0 0 250 3806 40 0 0 0 0 436 3649 11 0 0 0 0 2171 1925 0 0 0 0 0
0 0 0 169 3863 64 0 0 0 0 508 3580 8 0 0 0 0 2538 1558 0 0 0 0 0
0 0 0 167 3704 225 0 0 0 0 325 3770 1 0 0 0 0 2087 2009 0 0 0 0 0
0 0 0 379 3621 96 0 0 0 0 1492 2604 0 0 0 0 0 2499 1597 0 0 0 0 0
0 0 0 303 3655 138 0 0 0 0 685 3401 10 0 0 0 0 1883 2213 0 0 0 0 0
0 0 0 487 3422 187 0 0 0 0 1111 2906 79 0 0 0 0 2384 1712 0 0 0 0 0
0 0 0 216 3879 1 0 0 0 0 596 3500 0 0 0 0 0 2049 2047 0 0 0 0 0
0 0 0 512 3584 0 0 0 0 0 733 3363 0 0 0 0 0 1962 2134 0 0 0 0 0
0 0 0 1736 2360 0 0 0 0 0 1945 2151 0 0 0 0 0 3329 767 0 0 0 0 0
0 0 27 1842 1823 358 46 0 0 769 1788 1444 95 0 0 0 201 2841 955 99 0 0 0 0
0 0 0 850 3041 191 14 0 0 215 1017 2848 16 0 0 0 32 2402 1635 27 0 0 0 0
0 0 0 2072 1646 242 136 0 0 722 1860 1333 161 20 0 0 39 2890 986 176 5 0 0 0
0 0 0 2782 1088 182 44 0 0 957 1882 1156 101 0 0 0 35 3253 703 105 0 0 0 0
0 0 0 2920 1176 0 0 0 0 0 2440 1656 0 0 0 0 0 2998 1098 0 0 0 0 0
0 0 91 3857 148 0 0 0 0 24 3877 195 0 0 0 0 0 3720 376 0 0 0 0 0
0 10 530 3305 251 0 0 0 178 378 3111 429 0 0 0 0 346 3254 496 0 0 0 0 0
0 0 236 3831 29 0 0 0 0 24 3773 299 0 0 0 0 0 3362 734 0 0 0 0 0
0 1299 248 2549 0 0 0 0 161 1230 2699 6 0 0 0 0 280 3647 169 0 0 0 0 0
875 3221 0 0 0 0 0 0 1164 2932 0 0 0 0 0 0 1157 1238 1701 0 0 0 0 0
0 0 0 30 4011 55 0 0 0 0 67 3983 46 0 0 0 0 702 3345 49 0 0 0 0
0 0 0 117 3886 93 0 0 0 0 122 3909 65 0 0 0 0 1370 2683 43 0 0 0 0
0 0 0 340 3608 148 0 0 0 0 443 3608 45 0 0 0 0 1685 2411 0 0 0 0 0
0 0 1 259 3826 10 0 0 0 0 424 3672 0 0 0 0 0 2139 1957 0 0 0 0 0
0 0 0 292 3618 186 0 0 0 0 631 3422 43 0 0 0 0 2491 1605 0 0 0 0 0
0 0 0 262 3634 200 0 0 0 0 247 3822 27 0 0 0 0 1865 2231 0 0 0 0 0
0 0 0 622 3407 67 0 0 0 0 631 3465 0 0 0 0 0 2495 1601 0 0 0 0 0
0 0 0 496 3517 83 0 0 0 0 459 3637 0 0 0 0 0 2151 1945 0 0 0 0 0
0 0 0 721 3349 26 0 0 0 0 1513 2571 12 0 0 0 0 2701 1395 0 0 0 0 0
0 0 0 728 3346 22 0 0 0 0 1414 2682 0 0 0 0 0 2594 1502 0 0 0 0 0
0 0 0 872 3224 0 0 0 0 0 1023 3073 0 0 0 0 0 2877 1219 0 0 0 0 0
0 0 12 1104 2980 0 0 0 0 0 1237 2859 0 0 0 0 0 3201 895 0 0 0 0 0
0 0 0 1646 2353 97 0 0 0 367 2297 1431 1 0 0 0 17 3410 664 5 0 0 0 0
0 0 280 2127 1542 108 39 0 0 1621 1670 724 77 4 0 0 554 3010 467 65 0 0 0 0
0 0 9 1270 2583 222 12 0 0 258 1618 2107 113 0 0 0 45 2622 1351 78 0 0 0 0
0 0 312 2660 936 141 47 0 0 1445 1904 682 63 2 0 0 664 2842 526 64 0 0 0 0
0 0 0 2171 958 640 327 0 0 303 1886 1243 592 72 0 0 3 2474 1086 530 3 0 0 0
0 0 0 3450 645 1 0 0 0 0 3098 998 0 0 0 0 0 3744 352 0 0 0 0 0
0 16 495 3492 93 0 0 0 224 309 3438 125 0 0 0 0 382 3646 68 0 0 0 0 0
0 0 75 3983 38 0 0 0 0 4 4046 46 0 0 0 0 0 4020 76 0 0 0 0 0
0 333 409 3307 47 0 0 0 4 532 3524 36 0 0 0 0 387 3609 100 0 0 0 0 0
90 3952 54 0 0 0 0 0 2428 1665 3 0 0 0 0 0 4063 33 0 0 0 0 0 0
0 0 0 131 3965 0 0 0 0 0 139 3957 0 0 0 0 0 1288 2804 4 0 0 0 0
0 0 0 3 4029 64 0 0 0 0 92 3996 8 0 0 0 0 1788 2296 12 0 0 0 0
0 0 0 130 3905 61 0 0 0 0 187 3893 16 0 0 0 0 1992 2093 11 0 0 0 0
0 0 0 132 3912 52 0 0 0 0 578 3477 41 0 0 0 0 2589 1453 54 0 0 0 0
0 0 0 158 3927 11 0 0 0 0 581 3506 9 0 0 0 0 2383 1703 10 0 0 0 0
0 0 0 316 3764 16 0 0 0 0 387 3709 0 0 0 0 0 2141 1954 1 0 0 0 0
0 0 0 761 3335 0 0 0 0 0 1265 2831 0 0 0 0 0 3060 1036 0 0 0 0 0
0 0 0 907 3189 0 0 0 0 0 1555 2541 0 0 0 0 0 2924 1172 0 0 0 0 0
0 0 0 662 3434 0 0 0 0 0 702 3394 0 0 0 0 0 2715 1381 0 0 0 0 0
0 0 0 1392 2599 96 9 0 0 121 2107 1849 19 0 0 0 16 3109 949 22 0 0 0 0
0 0 0 1383 2621 79 13 0 0 502 2680 894 20 0 0 0 127 3379 567 23 0 0 0 0
0 0 0 1567 2350 160 19 0 0 467 2435 1166 28 0 0 0 50 3277 735 34 0 0 0 0
0 0 0 3433 659 4 0 0 0 8 3876 212 0 0 0 0 0 3843 252 1 0 0 0 0
0 0 21 3099 976 0 0 0 0 361 3076 659 0 0 0 0 46 3642 408 0 0 0 0 0
0 0 0 2141 1258 500 197 0 0 893 1899 1011 243 50 0 0 15 2790 1071 220 0 0 0 0
0 0 0 2192 840 671 393 0 0 0 2285 1065 594 152 0 0 0 2595 1066 434 1 0 0 0
0 0 0 2868 1057 127 44 0 0 552 2800 642 98 4 0 0 11 3517 509 59 0 0 0 0
0 0 0 2082 792 825 397 0 0 220 2325 755 755 41 0 0 0 2719 919 458 0 0 0 0
0 262 1075 2530 223 6 0 0 248 925 2617 305 1 0 0 0 644 3282 170 0 0 0 0 0
0 178 1290 2551 77 0 0 0 0 901 3001 194 0 0 0 0 154 3730 212 0 0 0 0 0
0 0 1597 2499 0 0 0 0 0 907 3189 0 0 0 0 0 113 3983 0 0 0 0 0 0
0 3040 782 274 0 0 0 0 41 3445 610 0 0 0 0 0 3298 798 0 0 0 0 0 0
0 0 10 465 3621 0 0 0 0 0 903 3193 0 0 0 0 0 3134 960 2 0 0 0 0
0 0 9 446 3609 32 0 0 0 0 511 3573 12 0 0 0 0 2364 1714 18 0 0 0 0
0 0 0 130 3880 86 0 0 0 0 117 3976 3 0 0 0 0 1557 2534 5 0 0 0 0
0 0 0 119 3949 28 0 0 0 0 199 3895 2 0 0 0 0 2466 1622 8 0 0 0 0
0 0 0 263 3830 3 0 0 0 0 1251 2845 0 0 0 0 0 2911 1183 2 0 0 0 0
0 0 0 179 3915 2 0 0 0 0 515 3581 0 0 0 0 0 2885 1211 0 0 0 0 0
0 0 0 693 3403 0 0 0 0 0 2064 2032 0 0 0 0 0 2926 1165 5 0 0 0 0
0 0 0 579 3439 26 26 26 0 0 1232 2809 10 14 31 0 0 3065 968 15 15 32 1 0
0 8 246 1186 2016 210 204 226 0 39 1742 1718 145 148 277 27 0 2288 1213 144 149 290 12 0
0 0 0 1585 2439 38 15 19 0 34 2445 1550 30 18 18 1 0 3230 803 28 17 17 1 0
0 0 234 2219 1571 62 10 0 0 1027 2314 738 15 2 0 0 320 3109 652 14 1 0 0 0
0 0 0 1873 2021 202 0 0 0 705 2476 915 0 0 0 0 96 2855 1145 0 0 0 0 0
0 0 2 1799 2295 0 0 0 0 0 1980 2116 0 0 0 0 0 2802 1294 0 0 0 0 0
0 0 0 2210 1750 20 45 71 0 0 2405 1551 17 26 89 8 0 2681 1276 17 24 83 15 0
0 0 1 2630 1007 234 163 61 0 135 2896 586 203 159 112 5 34 3051 532 182 163 127 7 0
0 0 223 1945 499 750 608 71 0 946 1456 345 760 482 106 1 331 2062 411 855 324 110 3 0
0 0 0 2162 616 754 419 145 0 39 2290 445 754 427 140 1 4 2317 452 789 408 126 0 0
166 152 471 1686 626 742 177 76 237 1176 1239 372 768 159 133 12 418 2119 417 821 158 129 34 0
136 259 283 544 860 1472 457 85 206 684 674 683 1428 284 134 3 357 1103 810 1339 324 157 6 0
185 1585 299 151 317 1163 272 124 852 1137 200 240 1128 308 199 32 1362 571 267 1145 478 212 61 0
0 14 1602 613 402 1069 232 164 0 1247 970 277 1114 245 208 35 126 2086 253 1003 363 218 47 0
0 1027 1052 117 212 1234 351 103 4 1730 456 151 1142 450 142 21 1219 955 118 1067 548 159 30 0
0 0 0 363 3289 138 197 109 0 0 653 3011 92 169 151 20 0 2067 1602 77 144 175 31 0
0 0 32 1117 2264 311 256 116 0 4 1601 1786 247 283 153 22 0 2818 570 190 287 195 36 0
0 0 55 1396 1624 598 305 118 0 5 1623 1476 501 285 192 14 1 2440 643 476 282 223 31 0
0 0 16 1626 1234 645 432 143 0 15 1706 1130 572 401 236 36 16 2275 547 530 378 298 52 0
0 0 10 789 1623 989 513 172 0 0 913 1670 621 605 246 41 0 1228 1335 500 650 317 66 0
0 0 63 235 2125 849 687 137 0 12 304 2217 522 759 251 31 0 1164 1344 434 777 331 46 0
0 0 7 241 2216 1101 425 106 0 5 678 1741 902 578 173 19 4 1671 735 699 754 205 28 0
0 56 199 441 1656 1154 452 138 181 187 798 1184 960 558 214 14 255 1329 676 916 665 240 15 0
592 1055 413 221 526 820 424 45 1024 1034 331 521 651 410 125 0 1290 1001 714 645 388 58 0 0
0 23 167 807 1807 945 243 104 158 608 804 1323 794 278 131 0 414 1345 1153 712 345 127 0 0
0 0 111 1167 1376 1042 308 92 0 578 1177 818 1015 324 184 0 118 1959 457 856 463 237 6 0
0 0 110 1024 1438 1179 280 65 0 252 1434 825 1092 357 132 4 93 1989 391 907 560 151 5 0
0 0 82 1508 1106 1022 280 98 0 253 1477 857 1071 271 159 8 48 1927 560 1070 290 195 6 0
0 3 123 2105 634 984 202 45 0 109 2104 559 932 307 84 1 64 2206 446 856 424 98 2 0
0 8 189 2146 685 1044 24 0 3 139 2192 601 1123 38 0 0 84 2177 594 1175 66 0 0 0
0 9 214 2522 577 774 0 0 3 168 2424 645 837 19 0 0 107 2402 699 830 58 0 0 0
810 178 393 1871 266 578 0 0 925 685 1550 329 607 0 0 0 1003 1986 482 625 0 0 0 0
3363 225 52 42 51 363 0 0 3464 147 47 39 399 0 0 0 1745 1831 78 420 20 2 0 0
2598 628 551 183 55 80 1 0 2864 952 134 58 86 2 0 0 2092 1692 161 136 10 4 1 0
3938 158 0 0 0 0 0 0 4022 74 0 0 0 0 0 0 1229 2819 48 0 0 0 0 0
1139 947 1455 555 0 0 0 0 1328 1544 1224 0 0 0 0 0 134 3223 642 97 0 0 0 0
0 839 2915 342 0 0 0 0 6 2375 1715 0 0 0 0 0 1266 2830 0 0 0 0 0 0
0 6 105 705 2175 1042 63 0 4 106 1023 1802 982 179 0 0 89 1733 1086 858 329 1 0 0
0 21 148 730 2330 840 27 0 6 140 1417 1608 819 106 0 0 108 2241 809 692 246 0 0 0
0 4 138 894 2426 546 88 0 4 163 1923 1366 432 208 0 0 117 2644 689 345 301 0 0 0
0 9 134 1024 2571 246 112 0 4 154 2102 1473 213 122 28 0 121 3016 595 184 142 38 0 0
0 10 168 1040 2763 39 76 0 2 191 2481 1313 30 79 0 0 118 3202 670 27 77 2 0 0
0 5 114 1247 2730 0 0 0 3 169 2354 1570 0 0 0 0 105 3344 647 0 0 0 0 0
0 18 218 1594 2266 0 0 0 9 229 2855 1003 0 0 0 0 116 3229 751 0 0 0 0 0
0 5 456 1559 1996 80 0 0 271 254 2254 1317 0 0 0 0 435 2934 727 0 0 0 0 0
346 283 1460 1063 944 0 0 0 933 1698 1083 382 0 0 0 0 2151 1580 365 0 0 0 0 0
0 6 279 1838 1973 0 0 0 39 293 2295 1469 0 0 0 0 231 3179 684 2 0 0 0 0
167 111 672 2170 974 2 0 0 191 1642 1534 727 2 0 0 0 713 2859 517 7 0 0 0 0
0 8 202 1668 2105 62 51 0 2 385 1551 2046 65 47 0 0 119 3042 833 80 22 0 0 0
280 161 1007 1663 985 0 0 0 355 1565 1461 713 2 0 0 0 976 2669 442 7 2 0 0 0
0 21 262 1827 1986 0 0 0 8 208 1954 1926 0 0 0 0 117 3301 678 0 0 0 0 0
0 7 225 3113 751 0 0 0 4 162 3237 693 0 0 0 0 109 3547 440 0 0 0 0 0
0 11 248 3181 656 0 0 0 1 210 3211 674 0 0 0 0 140 3568 388 0 0 0 0 0
0 8 298 3650 140 0 0 0 3 256 3566 271 0 0 0 0 138 3665 293 0 0 0 0 0
1459 498 355 1191 418 175 0 0 1673 604 1478 334 7 0 0 0 1461 2441 194 0 0 0 0 0
2109 971 207 181 431 197 0 0 2473 751 486 379 7 0 0 0 1272 2157 655 12 0 0 0 0
4033 63 0 0 0 0 0 0 4023 73 0 0 0 0 0 0 2372 1724 0 0 0 0 0 0
1633 769 495 1199 0 0 0 0 1809 704 1557 26 0 0 0 0 316 3311 435 33 1 0 0 0
0 119 3470 507 0 0 0 0 5 2172 1919 0 0 0 0 0 406 3690 0 0 0 0 0 0
0 9 127 890 3069 1 0 0 4 130 1302 2660 0 0 0 0 121 2432 1540 3 0 0 0 0
0 13 301 1908 1874 0 0 0 4 240 2546 1306 0 0 0 0 111 3155 830 0 0 0 0 0
0 9 258 1352 2477 0 0 0 8 240 1948 1900 0 0 0 0 175 3077 844 0 0 0 0 0
0 6 93 745 3252 0 0 0 1 117 1218 2760 0 0 0 0 86 3298 712 0 0 0 0 0
0 16 213 2234 1633 0 0 0 6 233 2548 1309 0 0 0 0 126 3384 586 0 0 0 0 0
0 4 149 1381 2562 0 0 0 2 130 2184 1780 0 0 0 0 77 3400 619 0 0 0 0 0
0 12 153 970 2500 307 154 0 6 159 1610 2007 306 8 0 0 103 2537 1179 276 1 0 0 0
0 5 59 1933 1647 433 19 0 4 675 1926 1343 148 0 0 0 146 2860 948 142 0 0 0 0
0 9 188 1777 2122 0 0 0 3 284 2905 904 0 0 0 0 177 3328 591 0 0 0 0 0
0 23 318 1631 2124 0 0 0 14 317 2770 995 0 0 0 0 233 3363 500 0 0 0 0 0
1966 347 719 776 288 0 0 0 2086 1153 651 206 0 0 0 0 2161 1616 296 23 0 0 0 0
874 315 531 799 866 304 402 5 1010 752 905 826 315 288 0 0 539 1709 1150 503 195 0 0 0
1450 566 769 591 574 82 56 8 1653 1319 369 622 69 54 10 0 1348 1745 879 78 46 0 0 0
39 60 273 2459 1179 70 16 0 58 238 2743 977 71 9 0 0 140 3211 673 69 3 0 0 0
0 11 252 2666 1167 0 0 0 5 159 3046 886 0 0 0 0 115 3759 222 0 0 0 0 0
0 10 221 2726 1139 0 0 0 4 174 2917 1001 0 0 0 0 125 3685 286 0 0 0 0 0
0 20 333 3349 394 0 0 0 7 285 3348 456 0 0 0 0 170 3752 174 0 0 0 0 0
1873 262 407 1381 156 17 0 0 2007 372 1570 147 0 0 0 0 1866 2170 60 0 0 0 0 0
3161 452 75 80 290 38 0 0 3355 320 282 139 0 0 0 0 1993 1916 184 3 0 0 0 0
3667 378 26 11 14 0 0 0 3727 321 25 12 11 0 0 0 1047 2876 143 13 17 0 0 0
1195 653 687 1561 0 0 0 0 1425 595 2053 23 0 0 0 0 39 3828 186 43 0 0 0 0
0 34 3008 1054 0 0 0 0 4 1419 2673 0 0 0 0 0 208 3888 0 0 0 0 0 0
0 19 323 1962 1789 3 0 0 10 316 2705 1065 0 0 0 0 205 3267 622 2 0 0 0 0
0 24 449 2643 906 73 1 0 3 358 3037 657 41 0 0 0 165 3419 488 24 0 0 0 0
7 792 1005 1022 757 413 99 1 204 1464 1276 721 349 82 0 0 1220 1743 841 272 20 0 0 0
0 33 140 638 1203 972 906 204 16 171 1035 1186 1046 603 39 0 116 1306 1207 1026 438 3 0 0
0 20 257 1255 2540 18 6 0 8 259 2517 1297 14 1 0 0 183 3516 385 12 0 0 0 0
0 20 157 1164 2495 125 135 0 6 142 2110 1618 127 93 0 0 95 3086 712 144 59 0 0 0
0 0 82 1390 1301 909 410 4 0 394 1680 1227 557 238 0 0 139 2078 1127 606 146 0 0 0
0 24 273 1833 1966 0 0 0 9 351 2514 1222 0 0 0 0 206 3344 546 0 0 0 0 0
0 18 209 1264 2605 0 0 0 8 215 2063 1810 0 0 0 0 155 2942 999 0 0 0 0 0
0 17 265 1605 2209 0 0 0 5 238 2319 1534 0 0 0 0 146 3208 741 1 0 0 0 0
2221 252 167 602 841 13 0 0 2336 273 853 634 0 0 0 0 1933 1818 345 0 0 0 0 0
690 672 1249 979 506 0 0 0 795 1471 1306 524 0 0 0 0 1077 2387 630 2 0 0 0 0
77 1337 1362 908 411 1 0 0 230 2235 1186 444 1 0 0 0 1565 2088 441 2 0 0 0 0
184 562 502 2199 649 0 0 0 272 819 2484 521 0 0 0 0 159 3039 810 88 0 0 0 0
0 10 232 3174 680 0 0 0 6 202 3371 517 0 0 0 0 124 3673 299 0 0 0 0 0
0 17 248 2915 916 0 0 0 7 198 3449 442 0 0 0 0 132 3567 397 0 0 0 0 0
0 23 497 3292 284 0 0 0 9 398 3605 84 0 0 0 0 235 3721 140 0 0 0 0 0
2203 512 179 1161 41 0 0 0 2442 375 1268 11 0 0 0 0 749 2927 420 0 0 0 0 0
3827 269 0 0 0 0 0 0 3887 209 0 0 0 0 0 0 1594 2280 222 0 0 0 0 0
3516 510 69 1 0 0 0 0 3589 469 38 0 0 0 0 0 1927 1851 318 0 0 0 0 0
1000 483 883 1730 0 0 0 0 1119 675 2296 6 0 0 0 0 304 3681 108 3 0 0 0 0
0 69 3191 836 0 0 0 0 9 1363 2724 0 0 0 0 0 208 3888 0 0 0 0 0 0
0 60 322 1001 2705 8 0 0 13 321 2008 1737 17 0 0 0 247 3038 772 39 0 0 0 0
24 1804 693 435 1130 10 0 0 958 1470 870 795 3 0 0 0 2076 1654 356 10 0 0 0 0
747 2295 881 162 11 0 0 0 2012 1977 105 2 0 0 0 0 3409 679 8 0 0 0 0 0
2 20 337 1234 1499 944 60 0 14 790 1549 1609 134 0 0 0 243 2133 1607 111 2 0 0 0
431 386 414 1347 470 335 516 197 634 596 1445 392 273 435 297 24 514 1990 477 280 420 377 38 0
2496 282 199 874 198 47 0 0 2620 487 852 91 36 10 0 0 2619 1270 157 32 18 0 0 0
0 12 188 1927 1969 0 0 0 4 312 2422 1358 0 0 0 0 208 3421 467 0 0 0 0 0
0 17 239 1301 2539 0 0 0 6 225 2032 1833 0 0 0 0 180 3332 584 0 0 0 0 0
0 10 193 1587 2306 0 0 0 3 188 2607 1298 0 0 0 0 151 3413 532 0 0 0 0 0
0 24 270 1862 1940 0 0 0 8 273 2683 1132 0 0 0 0 223 3584 289 0 0 0 0 0
1300 334 241 996 1225 0 0 0 1486 348 1987 275 0 0 0 0 1420 2480 196 0 0 0 0 0
227 2202 742 673 252 0 0 0 1113 2110 815 58 0 0 0 0 3239 857 0 0 0 0 0 0
4 4055 37 0 0 0 0 0 2007 2089 0 0 0 0 0 0 4046 50 0 0 0 0 0 0
0 124 881 2993 98 0 0 0 6 799 3209 82 0 0 0 0 378 3548 170 0 0 0 0 0
0 21 384 3406 285 0 0 0 3 254 3631 208 0 0 0 0 153 3735 208 0 0 0 0 0
0 22 437 3528 109 0 0 0 7 323 3642 124 0 0 0 0 221 3761 114 0 0 0 0 0
1 37 530 3526 2 0 0 0 13 332 3716 35 0 0 0 0 183 3781 132 0 0 0 0 0
1873 653 226 1333 11 0 0 0 2123 502 1467 4 0 0 0 0 406 3178 502 10 0 0 0 0
2619 892 579 6 0 0 0 0 3110 986 0 0 0 0 0 0 2750 1346 0 0 0 0 0 0
2543 1343 162 46 2 0 0 0 3077 900 99 20 0 0 0 0 1332 2066 673 24 1 0 0 0
991 382 1687 1036 0 0 0 0 1057 1131 1908 0 0 0 0 0 909 3165 22 0 0 0 0 0
0 192 3764 140 0 0 0 0 14 2840 1242 0 0 0 0 0 513 3583 0 0 0 0 0 0
0 144 933 2247 772 0 0 0 12 981 3061 42 0 0 0 0 679 3389 28 0 0 0 0 0
46 892 826 2003 234 30 65 0 759 896 2295 47 25 71 3 0 1340 2597 50 19 47 43 0 0
1725 1063 128 96 186 223 438 237 2538 328 110 152 213 339 385 31 2424 477 132 231 289 440 103 0
890 484 400 594 654 889 185 0 1182 913 682 1025 283 11 0 0 1143 1232 1152 550 19 0 0 0
3465 260 118 119 63 57 14 0 3661 212 99 68 46 10 0 0 3081 838 82 70 25 0 0 0
1337 245 468 1334 358 351 3 0 1449 497 1524 213 341 72 0 0 1672 1735 221 305 163 0 0 0
0 54 714 2433 895 0 0 0 9 633 3313 141 0 0 0 0 413 3514 169 0 0 0 0 0
0 17 351 2694 1034 0 0 0 3 349 3572 172 0 0 0 0 173 3701 222 0 0 0 0 0
0 7 234 2330 1525 0 0 0 4 219 3532 341 0 0 0 0 172 3605 319 0 0 0 0 0
0 17 322 2055 1702 0 0 0 9 301 2825 961 0 0 0 0 212 3402 482 0 0 0 0 0
2563 203 138 661 445 9 16 61 2694 155 972 187 9 10 22 47 1090 2784 124 11 10 19 58 0
1633 478 251 178 75 176 595 710 1866 470 188 64 132 436 815 125 1780 694 66 98 295 824 339 0
465 1273 181 153 323 461 1240 0 1075 792 167 294 391 1377 0 0 1685 265 303 326 1495 22 0 0
10 69 313 1844 108 50 694 1008 29 253 1879 176 41 478 844 396 147 1915 273 38 325 989 409 0
0 8 300 3389 328 9 9 53 5 226 3530 263 7 9 16 40 141 3622 260 9 9 15 40 0
0 13 528 3410 145 0 0 0 4 359 3462 271 0 0 0 0 221 3538 337 0 0 0 0 0
0 25 356 3521 194 0 0 0 10 288 3430 368 0 0 0 0 172 3463 461 0 0 0 0 0
628 857 388 2215 8 0 0 0 926 874 2210 86 0 0 0 0 1456 2446 194 0 0 0 0 0
995 960 1301 840 0 0 0 0 1275 2342 479 0 0 0 0 0 2428 1668 0 0 0 0 0 0
1421 1495 776 404 0 0 0 0 1997 1858 241 0 0 0 0 0 2947 1118 31 0 0 0 0 0
860 434 2669 127 6 0 0 0 1017 2623 432 20 4 0 0 0 1646 2292 134 20 4 0 0 0
0 482 3604 10 0 0 0 0 17 3799 280 0 0 0 0 0 1832 2264 0 0 0 0 0 0
0 82 1061 2519 434 0 0 0 7 1047 2962 80 0 0 0 0 666 3429 1 0 0 0 0 0
416 680 814 1976 56 134 20 0 659 1253 1999 82 99 4 0 0 851 3037 102 97 9 0 0 0
1059 261 158 827 741 838 212 0 1231 589 893 737 646 0 0 0 1109 1371 907 709 0 0 0 0
2591 276 333 380 316 200 0 0 2789 661 215 216 215 0 0 0 3164 437 191 304 0 0 0 0
3092 167 92 93 307 345 0 0 3205 115 71 237 451 17 0 0 3188 158 146 540 64 0 0 0
850 228 1039 1973 6 0 0 0 927 1157 2002 10 0 0 0 0 1619 2466 11 0 0 0 0 0
0 39 1170 2873 14 0 0 0 8 876 3212 0 0 0 0 0 498 3598 0 0 0 0 0 0
0 131 1110 2852 3 0 0 0 8 1055 3033 0 0 0 0 0 637 3459 0 0 0 0 0 0
0 88 1178 2801 29 0 0 0 5 1080 3011 0 0 0 0 0 687 3409 0 0 0 0 0 0
0 58 1335 2688 15 0 0 0 5 1300 2791 0 0 0 0 0 675 3421 0 0 0 0 0 0
537 210 274 595 52 400 575 1453 670 286 647 46 340 403 1297 407 701 865 53 224 434 1110 709 0
0 457 266 161 181 809 1779 443 15 612 191 176 650 1813 608 31 65 627 194 558 1537 864 251 0
0 568 631 292 305 454 1846 0 30 999 347 284 355 2021 60 0 66 1084 347 354 1811 434 0 0
0 349 292 168 180 375 2624 108 0 555 196 161 243 2569 371 1 37 600 179 222 2456 602 0 0
565 215 560 734 40 379 792 811 668 504 900 30 233 879 568 314 863 1190 41 157 917 592 336 0
0 142 1857 2097 0 0 0 0 13 1570 2513 0 0 0 0 0 696 3388 12 0 0 0 0 0
0 192 1383 2520 1 0 0 0 10 1213 2857 16 0 0 0 0 553 3443 100 0 0 0 0 0
2108 411 404 1173 0 0 0 0 2326 449 1306 15 0 0 0 0 2503 1557 36 0 0 0 0 0
4093 3 0 0 0 0 0 0 4096 0 0 0 0 0 0 0 4096 0 0 0 0 0 0 0
4094 2 0 0 0 0 0 0 4096 0 0 0 0 0 0 0 4096 0 0 0 0 0 0 0
1078 220 2760 38 0 0 0 0 1137 2384 575 0 0 0 0 0 1829 2267 0 0 0 0 0 0
0 950 3131 15 0 0 0 0 23 3862 211 0 0 0 0 0 2470 1626 0 0 0 0 0 0
0 366 912 1562 186 1046 24 0 22 1217 1764 35 944 114 0 0 806 2200 50 826 214 0 0 0
7 122 351 1638 1043 910 25 0 33 1193 1546 793 443 88 0 0 686 1979 860 434 137 0 0 0
786 285 747 1207 366 656 49 0 945 1397 971 46 577 160 0 0 1778 1484 89 523 222 0 0 0
4096 0 0 0 0 0 0 0 4096 0 0 0 0 0 0 0 4096 0 0 0 0 0 0 0
3986 36 18 30 26 0 0 0 4003 26 25 42 0 0 0 0 4006 35 55 0 0 0 0 0
951 226 1033 1025 61 616 183 1 1019 1043 1168 49 537 204 76 0 1575 1647 47 484 233 110 0 0
0 150 970 1739 65 879 292 1 4 1014 1852 51 754 329 92 0 570 2297 54 616 396 163 0 0
0 43 651 2141 37 930 272 22 10 555 2243 53 826 311 98 0 429 2371 48 690 384 174 0 0
0 38 701 2035 56 988 277 1 5 840 1930 39 918 284 80 0 502 2269 45 769 339 172 0 0
24 75 961 1709 284 880 163 0 43 963 1762 186 873 247 22 0 556 2198 128 879 244 91 0 0
3370 169 117 66 143 221 10 0 3461 154 90 120 256 15 0 0 3514 156 89 285 51 1 0 0
2010 233 122 137 266 1038 290 0 2141 162 138 248 1006 390 11 0 2178 171 197 1023 458 69 0 0
2309 267 96 78 113 1185 48 0 2471 145 98 111 736 535 0 0 2505 144 106 304 1037 0 0 0
2696 210 92 90 100 765 143 0 2820 135 100 86 764 191 0 0 2863 127 103 430 573 0 0 0
2858 144 72 79 163 582 198 0 2941 101 88 145 492 329 0 0 2970 127 149 500 350 0 0 0
651 208 1600 421 399 659 158 0 703 1662 506 308 696 209 12 0 1529 1345 243 717 201 61 0 0
0 23 1535 812 496 1021 209 0 0 1438 937 379 1004 332 6 0 462 1904 344 997 354 35 0 0
1537 248 323 290 297 1247 154 0 1704 312 374 266 1180 255 5 0 1816 532 284 1135 299 30 0 0
2066 159 80 92 431 1026 242 0 2168 109 95 365 1036 303 20 0 2222 117 304 1080 295 78 0 0
2022 189 76 97 483 1151 78 0 2142 119 117 452 1037 229 0 0 2222 120 429 999 326 0 0 0
358 190 876 309 750 1472 141 0 397 997 424 875 1180 223 0 0 693 1065 937 1079 322 0 0 0
0 718 594 363 936 1377 108 0 2 1358 601 845 1160 130 0 0 925 1006 987 977 201 0 0 0
