422 1482 411 720 748 313 0 0 26 1855 626 1429 160 0 0 0 2 1785 512 1705 92 0 0 0
804 1617 480 740 362 93 0 0 24 2375 718 916 63 0 0 0 0 2255 600 1205 36 0 0 0
681 1977 310 361 723 30 7 7 21 2635 397 1001 28 6 3 5 1 2493 485 1029 63 13 6 6
739 1782 225 195 1042 113 0 0 19 2500 293 1236 48 0 0 0 2 2402 395 1114 183 0 0 0
365 2054 222 227 1094 134 0 0 16 2410 283 1317 70 0 0 0 3 2255 414 1124 300 0 0 0
112 2082 324 288 978 190 26 96 0 2161 446 1284 95 20 13 77 0 1941 587 1037 391 23 21 96
421 1703 252 270 1183 267 0 0 9 2124 341 1532 90 0 0 0 0 2022 415 1412 247 0 0 0
445 1838 224 259 1038 260 32 0 4 2280 307 1350 155 0 0 0 0 2171 382 1223 320 0 0 0
837 1802 891 409 49 22 15 71 28 2495 1168 293 28 13 18 53 2 2298 1222 426 32 14 23 79
482 1559 894 447 522 192 0 0 11 1973 1090 911 111 0 0 0 0 1778 1164 1126 28 0 0 0
336 1616 474 1034 377 131 33 95 24 1901 951 990 108 28 20 74 0 1760 719 1380 75 30 27 105
473 1528 445 1256 302 20 10 62 8 1964 824 1213 22 9 9 47 0 1803 667 1495 33 10 19 69
204 1739 380 1402 371 0 0 0 5 1915 609 1566 1 0 0 0 0 1758 605 1731 2 0 0 0
26 1885 444 1177 463 21 14 66 0 1844 686 1477 20 14 9 46 0 1563 783 1616 41 14 16 63
155 1775 355 1479 332 0 0 0 1 1907 692 1496 0 0 0 0 0 1715 616 1765 0 0 0 0
210 1524 373 1751 238 0 0 0 4 1688 778 1626 0 0 0 0 0 1493 616 1924 63 0 0 0
49 890 1036 1195 553 299 74 0 1 723 1604 1289 400 79 0 0 0 295 1798 1567 406 30 0 0
39 465 439 901 640 552 668 392 4 387 876 1036 660 754 331 48 0 254 700 1251 932 756 63 140
0 57 114 763 1476 1021 576 89 0 63 285 1848 1360 454 38 48 0 28 214 2034 1490 218 51 61
1 50 92 411 1191 1123 746 482 0 40 129 1430 1558 696 243 0 0 27 123 1517 1770 644 15 0
0 23 128 162 1410 1179 1034 160 0 11 164 1510 1858 541 12 0 0 0 167 1728 2018 183 0 0
1 9 65 87 755 1027 827 1325 0 10 99 929 1476 856 726 0 0 6 80 1053 1853 1049 55 0
0 29 125 85 1022 1077 1064 694 0 8 169 1192 1613 874 240 0 0 0 159 1324 2034 568 11 0
0 0 0 8 1054 1354 1019 661 0 0 0 1263 1709 958 166 0 0 0 0 1280 2073 739 4 0
0 958 519 521 686 891 521 0 0 1187 308 915 1111 574 1 0 0 1127 369 1063 1349 188 0 0
199 676 689 320 147 196 1049 820 43 833 782 273 226 1210 695 34 11 468 949 342 476 1635 94 121
0 3 830 506 110 417 1698 532 0 42 1278 133 510 1789 186 158 0 156 1119 205 1009 1309 106 192
0 0 603 786 71 187 1237 1212 0 6 1343 100 344 1364 939 0 0 115 1243 134 834 1726 44 0
15 77 345 821 120 182 532 2004 8 96 1082 187 239 1214 1270 0 5 101 1037 239 529 2046 97 42
98 131 163 512 444 93 259 2396 7 235 762 355 151 690 1890 6 1 230 946 179 173 2212 273 82
0 0 10 329 450 234 169 2904 0 0 393 465 235 1383 1445 175 0 0 534 299 228 2645 149 241
0 0 47 308 756 271 176 2538 0 0 502 855 29 2274 436 0 0 33 1236 113 86 2620 8 0
206 2612 983 182 72 27 14 0 70 3182 707 74 40 22 1 0 4 3192 757 49 45 30 17 2
65 1920 885 445 261 241 99 180 17 1967 1076 374 379 95 120 68 7 367 2322 382 222 261 147 388
63 387 1582 813 297 197 181 576 17 618 2110 349 247 178 381 196 2 731 1987 274 218 276 233 375
37 248 1405 1411 347 194 212 242 7 368 2656 455 202 222 164 22 0 543 2523 388 253 219 92 78
36 591 711 1360 396 412 518 72 15 613 2024 497 563 362 22 0 0 553 2176 501 461 360 44 1
51 285 195 519 694 578 865 909 11 339 760 818 490 1171 333 174 2 316 821 712 431 960 424 430
44 319 155 406 679 570 803 1120 2 377 474 836 555 1064 485 303 0 360 482 488 594 1048 539 585
144 235 142 766 1483 1026 136 164 28 392 1206 2092 173 156 49 0 12 549 3154 91 78 156 56 0
525 589 530 784 1291 178 165 34 205 910 1005 1578 194 147 57 0 44 942 2405 202 119 141 150 93
249 2038 485 451 713 135 21 4 85 2114 732 1109 34 18 3 1 22 517 2907 287 101 119 89 54
454 374 483 396 1447 734 62 146 134 696 752 2161 148 70 57 78 46 768 2644 370 117 4 14 133
468 498 400 408 948 1266 101 7 110 897 716 2060 269 34 10 0 36 952 2408 429 228 13 26 4
119 403 327 398 543 1527 756 23 14 508 564 1761 1127 121 1 0 6 392 2001 1376 294 21 6 0
273 383 302 510 731 623 906 368 62 574 687 1206 854 694 16 3 18 538 847 1933 666 42 36 16
178 580 143 244 328 154 592 1877 10 757 401 406 351 1017 254 900 0 742 348 799 870 119 70 1148
0 0 13 291 237 173 1975 1407 0 0 263 433 2737 651 12 0 0 10 2110 1682 282 11 1 0
