1615 385 239 1359 488 10 0 0 1840 290 359 1488 119 0 0 0 1797 311 204 1653 131 0 0 0
1736 282 218 1270 572 18 0 0 1893 210 296 1414 283 0 0 0 1890 212 197 1489 308 0 0 0
1182 820 439 827 613 132 49 34 1590 699 407 886 400 52 33 29 1678 732 353 854 403 48 28 0
305 916 912 1359 452 56 51 45 738 838 943 1350 96 53 43 35 931 857 906 1227 67 48 39 21
512 1021 558 1506 372 35 30 62 932 896 479 1570 100 31 25 63 1154 747 507 1530 43 29 37 49
451 1036 922 1181 285 149 48 24 828 1010 1090 797 211 111 27 22 925 1034 1169 695 175 69 18 11
1822 444 199 1028 569 34 0 0 2109 219 544 951 272 1 0 0 2107 229 379 1147 234 0 0 0
1839 571 172 569 915 30 0 0 2217 287 137 1231 224 0 0 0 2178 322 139 1283 174 0 0 0
1931 553 192 420 986 14 0 0 2294 275 154 1138 235 0 0 0 2270 289 161 1170 206 0 0 0
1932 552 205 684 720 3 0 0 2286 339 130 1229 112 0 0 0 2295 338 141 1260 62 0 0 0
1963 641 230 568 691 3 0 0 2473 273 141 1126 83 0 0 0 2451 311 144 1144 46 0 0 0
2225 509 190 451 721 0 0 0 2553 283 141 938 181 0 0 0 2655 197 145 1012 87 0 0 0
1542 798 622 456 672 6 0 0 1890 714 459 779 252 2 0 0 1990 788 367 788 162 1 0 0
1038 833 967 819 352 36 17 34 1342 768 1011 849 58 21 24 23 1512 852 941 711 34 23 13 10
1592 811 532 635 492 32 2 0 2037 579 579 771 124 6 0 0 2219 491 602 761 23 0 0 0
1032 1104 1413 363 62 61 32 29 1521 995 1293 138 59 44 20 26 1810 1102 1022 62 44 26 20 10
1103 781 727 600 278 416 191 0 1578 638 732 380 382 314 71 1 1714 563 687 766 223 135 8 0
1404 972 411 648 89 161 408 3 1884 641 570 363 117 416 103 2 1997 544 451 594 363 113 34 0
2291 873 482 450 0 0 0 0 2897 462 630 107 0 0 0 0 2873 474 556 193 0 0 0 0
2331 807 503 414 37 4 0 0 2821 554 536 170 15 0 0 0 2820 555 456 249 16 0 0 0
2296 979 506 315 0 0 0 0 3000 601 372 123 0 0 0 0 2967 605 340 184 0 0 0 0
0 23 41 242 340 56 194 3200 0 34 40 506 103 25 316 3072 0 33 40 483 142 29 3368 1
0 4 40 373 311 76 71 3221 0 4 66 567 124 63 56 3216 0 13 69 584 135 49 3244 2
99 211 357 1202 895 458 235 639 201 572 1350 810 293 84 177 609 709 1506 725 285 70 128 665 8
1 42 116 198 386 455 1236 1662 20 80 114 358 318 428 1151 1627 36 94 166 515 683 760 1553 289
5 108 78 163 343 78 163 3158 40 121 83 232 219 104 171 3126 131 63 92 322 158 163 3088 79
0 84 190 423 122 49 30 3198 7 186 302 292 65 30 34 3180 37 208 338 237 52 27 3185 12
0 28 38 475 305 46 47 3157 1 31 122 604 133 7 62 3136 4 31 125 658 75 52 3151 0
0 58 38 266 532 53 26 3123 3 70 45 697 90 55 23 3113 5 70 49 724 90 32 3124 2
1 65 51 62 731 50 68 3068 10 71 72 208 591 30 71 3043 15 73 76 317 482 71 3062 0
2 47 33 88 767 76 77 3006 7 59 30 446 438 55 115 2946 18 52 34 649 269 86 2986 2
0 43 45 50 804 62 55 3037 4 58 46 350 528 34 51 3025 18 52 46 670 219 41 3027 23
0 29 63 50 777 152 79 2946 0 36 69 129 803 38 74 2947 0 49 61 284 672 35 2981 14
28 150 130 164 653 661 309 2001 6 191 461 342 747 100 135 2114 131 421 207 352 652 114 1990 229
190 326 1093 488 586 683 559 171 32 436 631 1472 536 217 224 548 311 480 588 1674 222 125 140 556
193 419 1394 1276 377 164 235 38 3 37 179 2467 735 261 201 213 11 96 555 2579 581 73 53 148
221 573 948 1599 434 171 137 13 6 85 665 1074 1544 391 216 115 20 181 1003 784 1345 413 177 173
3 127 396 523 265 220 190 2372 2 65 553 451 205 44 356 2420 0 75 575 526 120 75 2465 260
0 58 108 996 44 43 26 2821 0 73 340 788 27 34 17 2817 2 74 267 858 45 26 2824 0
16 61 116 955 82 24 49 2793 27 58 374 747 43 25 54 2768 22 76 295 820 38 45 2799 1
11 73 85 903 195 39 51 2739 20 67 244 852 106 33 44 2730 13 80 208 900 103 38 2753 1
6 89 93 1093 58 40 40 2677 13 87 287 935 30 32 50 2662 5 96 256 979 40 28 2692 0
0 0 0 6 104 495 1619 1872 0 0 3 10 748 1261 358 1716 0 0 3 560 1379 250 1902 2
315 829 105 45 30 104 447 2221 187 932 135 38 196 305 66 2237 36 483 724 213 305 74 2249 12
316 1021 381 1043 294 156 252 633 194 1521 931 297 163 130 206 654 660 837 1280 230 127 157 242 563
660 822 110 52 166 676 1413 197 398 1101 103 55 343 602 1399 95 58 998 584 252 731 1407 65 1
0 0 0 0 3 126 720 3247 0 0 0 0 15 204 736 3141 0 0 0 12 69 748 3267 0
0 0 0 0 736 318 362 2680 0 0 97 710 254 226 341 2468 0 297 539 244 309 234 2473 0
0 0 0 0 130 261 227 3478 0 0 0 151 233 168 103 3441 0 0 155 238 154 108 3441 0
0 0 0 0 0 0 0 4096 0 0 0 0 0 0 0 4096 0 0 0 0 0 0 4096 0
0 0 0 0 0 0 0 4096 0 0 0 0 0 0 0 4096 0 0 0 0 0 0 4096 0
0 0 0 0 0 0 30 4066 0 0 0 0 0 0 58 4038 0 0 0 0 0 32 4063 1
0 0 0 0 0 0 4 4092 0 0 0 0 0 0 1 4095 0 0 0 0 0 0 4081 15
0 0 0 0 0 0 788 3308 0 0 0 0 0 0 728 3368 0 0 0 0 0 167 3929 0
0 9 15 27 137 777 300 2831 0 157 696 63 60 76 107 2937 100 700 86 48 69 50 2677 366
0 91 248 1212 286 1419 636 204 9 427 1203 912 598 131 193 623 393 1045 216 741 733 103 156 709
0 0 4 1610 806 433 1210 33 0 0 0 383 1837 418 582 876 0 0 0 108 2019 427 450 1092
0 0 6 719 1778 595 939 59 0 0 0 289 1386 1005 672 744 0 0 0 90 1517 969 578 942
0 0 0 0 50 357 526 3163 0 0 0 0 0 178 672 3246 0 0 0 0 1 561 3360 174
0 0 0 0 0 0 0 4096 0 0 0 0 0 0 0 4096 0 0 0 0 0 0 4096 0
0 0 0 0 0 0 3 4093 0 0 0 0 0 0 27 4069 0 0 0 0 0 8 4088 0
0 0 0 0 0 0 768 3328 0 0 0 0 0 0 1234 2862 0 0 0 0 0 906 3190 0
0 0 0 0 0 0 126 3970 0 0 0 0 0 0 252 3844 0 0 0 0 0 154 3942 0
0 0 5 85 857 1012 1145 992 0 0 24 110 1066 895 1075 926 0 0 63 564 1123 900 1417 29
1401 900 105 57 186 524 788 135 1523 799 104 61 438 901 139 131 1014 1231 172 335 1004 161 177 2
778 920 516 529 638 501 155 59 598 1240 592 649 644 276 56 41 190 1569 1062 735 414 78 33 15
2468 708 126 49 23 20 170 532 2525 702 113 23 23 21 167 522 1425 1738 174 27 24 142 557 9
0 0 0 0 0 0 91 4005 0 0 0 0 0 0 103 3993 0 0 0 0 0 28 4068 0
0 0 0 0 0 68 49 3979 0 0 0 1 72 27 36 3960 0 0 23 53 24 38 3958 0
0 0 85 78 130 900 1861 1042 0 115 75 212 822 1697 234 941 82 146 250 1316 1138 236 928 0
0 0 22 61 240 262 294 3217 0 34 109 280 212 185 131 3145 13 141 247 236 172 138 3149 0
0 0 0 15 104 228 260 3489 0 0 44 167 172 208 129 3376 1 41 179 197 203 102 3373 0
0 0 0 0 0 0 0 4096 0 0 0 0 0 0 0 4096 0 0 0 0 0 0 4092 4
0 0 0 0 0 0 0 4096 0 0 0 0 0 0 0 4096 0 0 0 0 0 0 4088 8
0 0 0 0 0 0 483 3613 0 0 0 0 0 0 237 3859 0 0 0 0 0 23 4071 2
0 32 49 36 213 531 431 2804 4 183 521 120 30 103 165 2970 44 583 145 53 46 112 2381 732
1 118 141 857 1102 1199 460 218 14 495 997 136 1374 471 104 505 264 1009 248 114 1430 407 71 553
0 0 0 85 1204 1287 1504 16 0 0 0 73 1145 1263 1133 482 0 0 0 123 1794 1326 639 214
0 0 0 198 2731 1073 92 2 0 0 0 0 1175 2247 597 77 0 0 0 0 1261 2175 571 89
0 0 0 0 72 329 675 3020 0 0 0 0 0 309 685 3102 0 0 0 0 14 781 3301 0
0 0 0 0 0 0 0 4096 0 0 0 0 0 0 0 4096 0 0 0 0 0 0 4096 0
0 0 0 0 0 0 0 4096 0 0 0 0 0 0 0 4096 0 0 0 0 0 0 4096 0
0 0 0 0 0 0 842 3254 0 0 0 0 0 0 1099 2997 0 0 0 0 0 1302 2794 0
0 0 0 0 0 0 152 3944 0 0 0 0 0 0 198 3898 0 0 0 0 0 114 3982 0
0 18 25 90 874 1036 1100 953 2 23 38 124 1035 934 998 942 1 32 48 528 1184 810 1471 22
2147 1510 154 70 91 57 54 13 2191 1528 105 76 89 49 49 9 1134 2466 224 91 89 45 44 3
1963 623 254 520 585 148 3 0 2103 573 221 763 388 47 1 0 1465 1255 217 904 244 11 0 0
2340 1392 126 32 29 29 27 121 2259 1531 82 31 24 24 34 111 1347 1868 657 36 26 30 128 4
0 0 51 126 96 142 270 3411 0 49 119 86 102 125 244 3371 60 128 81 102 120 230 3373 2
0 12 47 251 104 84 155 3443 2 25 245 116 69 64 145 3430 51 248 84 67 67 139 3440 0
0 0 0 1 484 1897 605 1109 0 0 47 622 1693 514 189 1031 0 52 1035 1635 199 151 1024 0
0 0 0 0 1 278 371 3446 0 0 0 121 203 262 135 3375 0 0 179 267 170 109 3371 0
0 0 0 0 144 579 196 3177 0 0 19 542 210 137 45 3143 0 113 486 223 89 48 3137 0
0 0 0 0 0 0 0 4096 0 0 0 0 0 0 0 4096 0 0 0 0 0 0 4096 0
0 0 0 0 0 0 2 4094 0 0 0 0 0 0 0 4096 0 0 0 0 0 0 4092 4
0 0 0 0 0 0 36 4060 0 0 0 0 0 0 8 4088 0 0 0 0 0 10 4080 6
0 22 30 35 324 370 500 2815 1 161 507 63 61 116 238 2949 41 499 157 43 114 53 2514 675
1 103 119 126 1276 1548 750 173 10 500 935 109 261 1304 278 699 244 1013 203 82 247 1226 278 803
22 199 95 274 1267 1484 671 84 28 261 389 581 1104 1121 605 7 73 502 676 718 1089 721 284 33
34 147 41 34 596 2584 546 114 41 156 147 513 298 1065 1853 23 34 395 642 284 276 685 1594 186
0 0 0 16 252 200 709 2919 0 0 199 116 67 163 569 2982 10 189 105 65 96 452 3171 8
0 0 0 0 0 0 0 4096 0 0 0 0 0 0 0 4096 0 0 0 0 0 0 4096 0
0 0 0 0 0 0 4 4092 0 0 0 0 0 1 10 4085 0 0 0 0 1 11 4083 1
0 0 0 1 188 187 1228 2492 0 0 4 232 185 107 1342 2226 0 69 186 169 125 1298 2239 10
0 0 0 0 0 0 24 4072 0 0 0 0 0 0 35 4061 0 0 0 0 0 4 4092 0
0 0 7 60 882 1037 1221 889 0 0 20 69 1117 888 1131 871 0 1 41 554 1158 882 1446 14
1359 627 487 626 539 247 112 99 1655 712 568 527 293 138 99 104 1322 1387 565 329 199 115 105 74
1292 847 1211 425 236 79 4 2 1322 291 1138 949 267 125 4 0 630 831 318 747 938 449 99 84
1616 247 243 397 706 248 167 472 1857 246 413 715 175 110 141 439 1083 1297 738 220 104 127 403 124
57 503 591 257 223 219 508 1738 297 746 336 195 159 186 450 1727 1143 215 130 198 209 476 1725 0
771 1372 1041 296 90 119 300 107 1533 1549 409 94 97 240 88 86 2903 523 184 216 138 49 83 0
0 0 2 91 1317 1039 1144 503 0 25 330 1169 990 1021 131 430 86 565 1123 1502 295 105 420 0
0 0 0 0 2 1223 636 2235 0 0 0 479 776 499 401 1941 0 7 660 757 536 395 1737 4
0 0 0 0 0 31 10 4055 0 0 0 22 10 8 12 4044 0 0 21 11 9 12 4041 2
0 0 0 0 0 0 0 4096 0 0 0 0 0 0 0 4096 0 0 0 0 0 0 4087 9
0 0 0 0 0 0 0 4096 0 0 0 0 0 0 0 4096 0 0 0 0 0 0 4060 36
0 0 0 0 0 23 18 4055 0 0 0 9 18 10 15 4044 0 0 7 17 13 9 4045 5
1 31 36 42 383 390 441 2772 2 175 552 95 43 131 223 2875 66 578 129 60 62 103 2625 473
52 487 130 119 177 2277 784 70 55 809 1284 103 113 245 997 490 167 1765 205 112 110 213 926 598
164 873 147 299 732 768 1098 15 258 829 466 652 992 813 77 9 7 1527 968 979 418 105 70 22
137 700 93 133 801 1618 614 0 207 658 271 852 701 738 657 12 65 1358 1045 276 199 639 461 53
0 0 0 0 0 134 1090 2872 0 0 0 0 0 200 862 3034 0 0 0 0 43 751 3281 21
0 0 0 0 0 0 0 4096 0 0 0 0 0 0 0 4096 0 0 0 0 0 0 4088 8
0 0 0 0 0 0 0 4096 0 0 0 0 0 0 0 4096 0 0 0 0 0 0 4081 15
0 0 0 0 433 990 402 2271 0 0 36 641 809 150 282 2178 18 359 894 243 145 262 2175 0
284 86 54 253 378 1360 191 1490 305 70 86 308 971 749 152 1455 280 100 400 458 1116 259 1425 58
0 0 9 101 913 1076 1051 946 0 0 33 112 1088 978 1028 857 0 1 58 535 1159 909 1415 19
1390 309 99 215 588 579 579 337 1470 251 97 240 628 529 570 311 924 806 154 385 703 550 566 8
883 1140 1885 54 61 67 6 0 1155 307 1129 1360 78 67 0 0 911 316 237 293 1186 1153 0 0
1914 121 56 40 114 123 112 1616 2044 85 156 51 32 41 96 1591 1608 475 182 69 43 58 1636 25
49 95 250 801 798 482 462 1159 433 967 273 329 373 191 384 1146 313 1044 472 271 326 475 1195 0
98 123 915 1197 864 808 91 0 1097 1090 513 594 720 82 0 0 1201 1672 916 307 0 0 0 0
0 9 101 222 2430 1187 31 116 108 87 1477 2086 206 15 23 94 539 2426 926 78 16 46 65 0
0 0 0 0 11 870 219 2996 0 0 0 616 309 153 118 2900 0 100 575 270 173 140 2834 4
0 0 0 0 0 0 0 4096 0 0 0 0 0 0 0 4096 0 0 0 0 0 0 4092 4
18 118 43 97 273 322 234 2991 55 162 333 232 143 128 159 2884 306 350 194 127 135 162 2807 15
0 40 79 59 39 24 44 3811 5 63 73 49 32 21 41 3812 10 59 105 32 27 30 3791 42
0 0 0 21 253 766 198 2858 0 5 138 713 213 115 119 2793 123 464 357 165 114 103 2759 11
0 17 50 48 378 474 448 2681 1 181 578 89 100 89 344 2714 97 574 134 96 65 117 2331 682
0 68 99 106 152 2528 1101 42 5 376 1168 119 56 311 1510 551 173 1238 152 106 79 464 975 909
0 26 71 362 616 1480 1513 28 3 52 452 834 1481 1063 132 79 97 709 2540 417 104 41 36 152
208 392 277 950 1163 583 383 140 192 711 1412 961 252 179 221 168 1212 1622 515 228 183 57 76 203
0 0 0 0 0 134 1195 2767 0 0 0 0 0 254 833 3009 0 0 0 0 109 720 3182 85
0 0 0 0 0 0 0 4096 0 0 0 0 0 0 0 4096 0 0 0 0 0 0 4060 36
0 0 0 0 0 0 2 4094 0 0 0 0 0 0 0 4096 0 0 0 0 0 0 4093 3
0 0 0 0 0 24 91 3981 0 0 0 0 52 35 44 3965 0 0 21 41 28 33 3968 5
100 675 526 345 329 643 1053 425 183 934 446 358 1235 498 80 362 833 762 750 998 317 69 367 0
0 0 3 93 945 1128 1155 772 0 0 22 106 1159 954 1066 789 0 0 55 545 1292 791 1406 7
1365 307 112 187 591 657 596 281 1307 364 116 219 671 606 528 285 792 888 157 432 756 563 491 17
804 1062 1971 65 54 88 44 8 1192 234 1032 1446 81 81 25 5 882 403 161 326 1193 1114 17 0
1645 142 150 1071 707 321 33 27 1970 1308 269 337 155 13 24 20 1535 1544 593 216 157 20 31 0
38 389 282 1736 869 631 149 2 237 1772 569 580 654 219 65 0 99 1558 278 341 1228 503 89 0
0 45 3372 560 42 67 10 0 3703 233 40 44 63 12 1 0 3304 626 29 34 92 10 1 0
0 377 1886 760 178 60 42 793 2491 436 183 101 50 33 28 774 2346 613 215 55 54 32 778 3
0 4 4 2 5 8 13 4060 0 7 3 3 5 12 9 4057 0 0 10 4 11 15 4054 2
0 0 0 0 6 624 415 3051 0 0 28 503 303 207 156 2899 287 218 304 215 134 51 2887 0
26 162 97 128 328 1423 582 1350 96 310 229 1041 672 300 221 1227 276 978 688 595 178 157 1202 22
0 22 155 518 692 614 308 1787 265 410 541 509 307 215 108 1741 635 678 475 351 172 40 1734 11
0 0 5 8 39 1556 390 2098 0 6 20 1319 428 209 283 1831 414 822 429 280 271 138 1737 5
0 2 36 66 294 480 552 2666 0 151 534 80 94 129 322 2786 52 568 111 69 117 110 2685 384
0 49 158 135 167 1106 2410 71 5 374 998 129 88 85 512 1905 158 1044 191 112 71 93 145 2282
254 281 222 542 580 1438 761 18 716 667 610 589 742 122 234 416 1016 1156 957 218 67 30 53 599
0 2 327 1639 1649 310 96 73 759 1075 1514 534 48 24 28 114 2712 1083 88 29 17 21 32 114
0 0 0 19 17 115 1221 2724 5 17 7 13 17 208 869 2960 7 15 11 10 144 637 3256 16
0 0 0 0 0 0 0 4096 0 0 0 0 0 0 0 4096 0 0 0 0 0 0 4014 82
0 0 0 0 0 0 1 4095 0 0 0 0 0 0 0 4096 0 0 0 0 0 0 4089 7
0 0 0 0 0 0 4 4092 0 0 0 0 0 0 0 4096 0 0 0 0 0 0 4093 3
5 39 76 215 682 1356 288 1435 31 95 383 1150 771 129 109 1428 278 945 611 229 458 88 1474 13
0 0 2 7 336 417 2077 1257 0 0 3 12 597 1347 780 1357 0 0 10 379 1376 487 1842 2
1218 389 232 68 158 341 1245 445 1093 520 120 233 220 810 525 575 509 891 291 239 617 842 707 0
838 1284 1493 203 164 89 23 2 1131 822 1063 913 95 63 6 3 868 615 471 349 1005 778 7 3
1418 333 367 541 831 598 8 0 1714 670 676 975 57 4 0 0 1283 1091 1029 601 92 0 0 0
1154 524 924 719 519 243 13 0 1402 1599 448 408 218 19 2 0 721 605 1411 1000 272 84 3 0
17 73 3658 184 94 68 2 0 3763 111 70 84 59 9 0 0 3401 410 52 151 61 21 0 0
8 70 3330 532 89 52 15 0 3621 190 152 83 37 13 0 0 3520 294 185 78 15 4 0 0
0 26 83 54 38 53 60 3782 1 76 76 37 59 37 38 3772 0 29 119 53 65 52 3778 0
7 75 59 132 54 591 51 3127 221 48 151 486 17 23 24 3126 725 146 25 19 23 24 3124 10
0 0 283 2339 741 671 47 15 2228 891 200 451 274 38 14 0 2300 1264 289 211 28 4 0 0
0 0 740 1878 820 82 17 559 2272 928 227 87 8 13 15 546 2646 825 31 17 11 14 540 12
0 0 48 52 98 280 60 3558 0 58 158 286 19 13 22 3540 332 155 22 17 16 24 3522 8
0 5 22 38 304 595 475 2657 0 210 566 83 77 94 296 2770 45 687 83 77 53 103 2601 447
1 67 105 86 134 1334 2291 78 7 422 1079 92 103 123 529 1741 204 1164 144 65 111 106 150 2152
22 277 571 943 1047 313 647 276 695 1097 542 449 308 203 362 440 468 1011 382 173 270 632 504 656
0 0 1842 1535 133 38 142 406 3247 228 25 20 19 27 37 493 2944 528 25 15 20 24 30 510
0 0 0 15 9 82 1277 2713 6 9 4 6 9 192 901 2969 8 7 5 7 48 664 3354 3
0 0 0 0 0 0 0 4096 0 0 0 0 0 0 0 4096 0 0 0 0 0 0 4095 1
0 0 0 0 0 0 0 4096 0 0 0 0 0 0 0 4096 0 0 0 0 0 0 4095 1
0 0 0 0 0 0 50 4046 0 0 0 0 0 0 4 4092 0 0 0 0 0 0 4096 0
0 35 58 79 441 467 379 2637 1 50 75 85 677 245 343 2620 0 1 75 125 748 228 1753 1166
0 0 0 0 0 0 1760 2336 0 0 0 0 0 0 2396 1700 0 0 0 0 0 0 4096 0
688 675 884 293 171 169 752 464 1244 599 237 481 158 149 512 716 1107 524 445 183 230 465 1028 114
467 1550 2047 12 2 11 5 2 729 288 1416 1643 5 7 4 4 610 375 209 269 1431 1194 6 2
516 682 949 820 732 354 43 0 2105 630 686 327 124 166 58 0 2115 1287 161 213 152 153 15 0
31 645 2733 481 82 104 20 0 3620 216 65 74 82 39 0 0 3321 437 60 122 134 22 0 0
0 346 2624 1126 0 0 0 0 4055 41 0 0 0 0 0 0 3795 301 0 0 0 0 0 0
0 0 596 3426 74 0 0 0 3601 495 0 0 0 0 0 0 3665 431 0 0 0 0 0 0
1566 464 275 380 235 308 445 423 214 404 1223 696 296 285 339 639 251 685 1368 340 205 250 594 403
1551 443 222 488 216 259 416 501 376 268 495 1545 156 195 275 786 408 350 1678 284 125 195 547 509
270 342 83 2424 621 134 182 40 3158 425 124 99 157 114 19 0 2964 733 143 185 61 10 0 0
513 383 175 2074 212 116 160 463 1839 583 257 496 167 158 88 508 1994 510 578 201 183 64 195 371
1590 421 349 193 117 142 269 1015 69 127 838 1018 415 213 187 1229 86 609 1072 465 337 146 505 876
1455 465 297 219 437 364 344 515 161 291 535 1067 590 450 300 702 156 478 1121 477 345 491 461 567
848 208 143 186 852 1172 598 89 72 838 1081 615 182 512 392 404 93 978 1281 249 163 230 406 696
0 74 634 1498 1483 336 26 45 1948 1880 135 41 18 19 25 30 1753 1758 428 22 16 44 31 44
0 0 746 724 157 125 1510 834 1360 69 34 56 131 121 247 2078 1340 81 39 49 105 139 152 2191
0 0 0 0 0 121 1200 2775 0 0 0 0 0 222 853 3021 0 0 0 0 39 834 3179 44
0 0 0 0 0 0 10 4086 0 0 0 0 0 0 0 4096 0 0 0 0 0 0 4096 0
0 0 0 0 0 0 24 4072 0 0 0 0 0 0 1 4095 0 0 0 0 0 0 4096 0
0 0 0 0 0 0 186 3910 0 0 0 0 0 0 51 4045 0 0 0 0 0 0 4096 0
0 0 0 65 571 254 233 2973 0 0 4 112 653 581 745 2001 0 0 21 224 1030 608 1821 392
0 0 0 0 0 0 3258 838 0 0 0 0 0 0 3903 193 0 0 0 0 0 6 4090 0
72 451 683 194 262 329 1488 617 576 302 175 335 229 309 1846 324 450 256 223 181 261 553 2172 0
61 2408 1433 102 92 0 0 0 1188 710 1075 1123 0 0 0 0 1217 308 335 266 983 984 3 0
1939 1133 258 232 430 104 0 0 3267 674 80 58 17 0 0 0 2427 1534 135 0 0 0 0 0
2280 224 309 716 567 0 0 0 3123 973 0 0 0 0 0 0 1400 2677 19 0 0 0 0 0
2234 160 311 1133 258 0 0 0 3689 407 0 0 0 0 0 0 3019 1075 2 0 0 0 0 0
2127 472 314 729 254 149 51 0 2944 350 438 125 91 146 2 0 2557 1129 288 84 36 2 0 0
2894 309 129 134 145 222 259 4 28 52 2667 640 170 319 220 0 426 1182 2486 2 0 0 0 0
1901 245 155 517 694 307 255 22 723 635 1340 757 160 234 246 1 1085 1374 1583 19 23 11 1 0
725 57 51 1159 2073 31 0 0 2714 1382 0 0 0 0 0 0 3445 651 0 0 0 0 0 0
1234 154 134 2172 275 72 53 2 2643 442 588 238 66 71 48 0 2834 850 412 0 0 0 0 0
3018 214 100 114 88 129 262 171 0 0 1405 1885 172 169 335 130 339 1353 2373 30 0 1 0 0
2796 48 93 92 120 546 297 104 0 6 988 1987 116 370 362 267 0 336 2484 147 107 177 490 355
2726 307 146 150 107 325 215 120 2177 340 657 588 33 35 39 227 1348 1202 1148 49 39 29 33 248
1818 66 104 1268 586 254 0 0 3101 950 45 0 0 0 0 0 2999 1068 29 0 0 0 0 0
90 150 97 268 281 378 2368 464 224 124 52 224 418 338 781 1935 228 231 282 229 150 239 426 2311
0 0 0 0 0 106 1214 2776 0 0 0 0 0 263 844 2989 0 0 0 0 125 685 3278 8
0 0 0 0 0 0 4 4092 0 0 0 0 0 0 0 4096 0 0 0 0 0 0 4096 0
0 0 0 0 0 0 6 4090 0 0 0 0 0 0 11 4085 0 0 0 0 0 0 4096 0
0 0 0 0 0 0 108 3988 0 0 0 0 0 0 201 3895 0 0 0 0 0 6 4090 0
0 0 0 57 576 747 731 1985 0 0 22 335 1019 542 502 1676 0 4 216 588 1042 332 1514 400
0 0 0 0 0 0 3918 178 0 0 0 0 0 0 4096 0 0 0 0 0 0 1093 3003 0
0 118 723 287 575 394 1918 81 446 142 158 587 372 363 2023 5 429 123 159 234 371 1328 1452 0
0 2558 1538 0 0 0 0 0 1203 69 1459 1365 0 0 0 0 1170 57 45 277 1447 1100 0 0
2694 620 463 55 58 206 0 0 3735 68 70 217 6 0 0 0 3885 210 1 0 0 0 0 0
3598 80 48 90 146 134 0 0 3672 85 120 219 0 0 0 0 3809 287 0 0 0 0 0 0
3611 82 59 56 246 42 0 0 3688 70 149 189 0 0 0 0 3832 263 1 0 0 0 0 0
650 191 94 88 111 1112 1850 0 634 95 279 436 2317 335 0 0 479 403 1316 1850 48 0 0 0
3596 88 76 57 95 178 6 0 0 3 3454 308 67 116 147 1 0 1219 2484 81 49 99 159 5
2367 172 71 60 88 974 358 6 370 41 1634 1339 540 69 101 2 519 733 2540 108 51 46 93 6
2316 142 87 96 383 950 120 2 1992 48 1363 393 80 36 103 81 3140 198 455 47 44 40 74 98
821 218 50 40 188 811 1953 15 757 64 89 603 1250 1330 3 0 241 855 1419 1546 34 0 1 0
2518 104 67 72 102 582 651 0 0 0 290 2394 81 89 1045 197 0 30 2596 91 71 76 770 462
220 54 76 286 774 1986 692 8 139 137 471 791 1241 543 705 69 396 542 1155 264 132 461 972 174
1248 135 238 684 1311 428 52 0 1312 738 808 980 241 17 0 0 2518 1234 319 21 4 0 0 0
2266 120 66 166 1258 46 171 3 2344 130 1315 73 42 40 134 18 3467 325 68 43 30 18 89 56
83 18 16 158 159 238 3345 79 84 15 20 35 174 296 1939 1533 60 40 41 33 59 184 1127 2552
0 0 0 0 0 170 1101 2825 0 0 0 0 4 364 1148 2580 0 0 0 0 241 933 2871 51
0 0 0 0 0 0 26 4070 0 0 0 0 0 0 358 3738 0 0 0 0 0 82 4014 0
0 0 0 0 0 0 27 4069 0 0 0 0 0 0 388 3708 0 0 0 0 0 30 4066 0
0 0 0 0 0 0 541 3555 0 0 0 0 0 0 1801 2295 0 0 0 0 0 629 3467 0
302 255 86 228 1019 205 1366 635 434 153 141 233 1107 437 1250 341 31 514 233 769 966 1027 472 84
0 0 0 0 255 1079 2762 0 0 0 462 576 190 373 2495 0 0 5 978 101 312 2700 0 0
206 477 883 390 288 453 1399 0 827 428 280 617 235 403 1306 0 768 488 308 269 315 1857 91 0
2 2355 1606 58 41 34 0 0 1231 85 1666 1047 46 21 0 0 1194 100 81 282 1176 1263 0 0
391 561 745 140 606 1647 6 0 1477 265 1111 1179 55 9 0 0 3290 659 73 31 42 1 0 0
37 23 21 46 2138 1831 0 0 61 42 1285 2492 216 0 0 0 1558 1406 1132 0 0 0 0 0
0 0 0 3 1220 2865 8 0 0 1 482 3610 3 0 0 0 1638 2458 0 0 0 0 0 0
0 0 2 4 8 2117 1956 9 0 4 148 1114 2765 54 5 6 83 601 2818 568 14 4 8 0
2529 438 323 128 264 412 2 0 443 310 2291 798 120 100 34 0 421 914 2355 213 91 50 52 0
917 116 68 105 556 753 736 845 9 35 1403 818 798 315 335 383 668 778 1408 324 260 254 224 180
1362 306 189 271 1141 694 129 4 84 58 1939 1259 435 219 73 29 727 759 1682 458 286 87 54 43
507 97 73 108 581 347 602 1781 0 31 652 641 615 283 536 1338 1 508 1014 459 242 497 853 522
990 93 75 128 733 976 868 233 0 7 1361 455 339 621 1198 115 2 556 1204 351 450 369 1104 60
91 60 89 411 2621 620 185 19 100 433 2234 720 282 203 124 0 2432 812 379 144 159 62 108 0
387 275 183 299 2054 441 457 0 419 482 1868 375 333 391 218 10 2162 524 344 232 293 433 92 16
0 0 0 81 3537 261 172 45 0 0 3512 151 106 189 133 5 3313 125 203 89 175 146 38 7
0 0 0 123 742 1673 1320 238 0 0 390 987 458 1055 931 275 0 56 1097 517 1014 876 141 395
0 0 0 0 11 811 1890 1384 0 0 51 592 130 390 2898 35 0 26 614 96 320 2833 198 9
0 0 0 0 2 735 685 2674 0 0 17 636 55 95 2569 724 0 41 609 52 93 1775 1526 0
0 0 0 0 0 695 457 2944 0 0 32 607 56 75 2367 959 0 39 594 39 84 1526 1814 0
0 0 0 0 5 666 1558 1867 0 0 125 470 67 154 2978 302 0 99 489 42 110 2554 802 0
0 0 0 0 266 1814 1955 61 0 0 87 718 1752 702 837 0 0 408 1823 695 201 969 0 0
36 174 528 137 3024 197 0 0 540 145 132 146 3132 1 0 0 438 207 153 133 2957 208 0 0
17 818 1477 1041 674 69 0 0 1573 556 522 959 485 1 0 0 1516 608 294 547 929 202 0 0
81 2679 494 699 143 0 0 0 519 319 1885 1252 121 0 0 0 506 289 147 827 1542 785 0 0
112 875 1262 465 269 392 478 243 1627 338 640 684 58 228 327 194 1875 472 229 713 155 272 254 126
0 0 0 0 1352 1850 748 146 0 0 777 1862 879 230 286 62 382 1646 1012 459 184 301 96 16
0 10 823 133 149 2204 371 406 0 0 1322 2015 508 16 59 176 1140 1427 471 772 30 21 167 68
0 1 507 65 78 424 1384 1637 0 0 466 526 573 784 812 935 99 225 340 1035 536 667 555 639
0 181 3646 131 96 42 0 0 0 0 2404 1640 52 0 0 0 3 53 113 3873 54 0 0 0
0 6 1362 355 136 152 1536 549 13 21 110 1772 1499 385 274 22 39 392 1057 1883 465 215 45 0
0 0 2909 973 153 61 0 0 0 0 16 3876 140 64 0 0 0 0 0 3417 633 46 0 0
0 0 1501 476 166 139 681 1133 0 15 34 2010 160 282 1036 559 2 39 71 1603 604 649 980 148
0 6 1220 1166 333 225 761 385 2 21 6 2144 862 767 293 1 10 42 167 1523 2064 284 6 0
0 0 54 865 734 376 1843 224 0 0 22 519 3016 486 52 1 0 29 1280 1085 1623 77 2 0
0 0 305 3121 453 31 53 133 0 0 449 2768 708 73 43 55 252 38 99 376 3229 33 30 39
0 0 0 219 1417 109 752 1599 0 14 929 191 772 932 791 467 855 105 289 499 1155 591 353 249
0 0 0 47 3668 127 109 145 0 0 52 145 3538 140 107 114 0 6 59 63 2771 1029 90 78
0 0 0 9 3887 200 0 0 0 0 70 69 3836 121 0 0 0 25 102 36 3510 423 0 0
0 0 0 3 3756 299 38 0 0 0 55 133 3758 146 4 0 0 26 158 14 3380 518 0 0
0 6 11 59 3622 397 1 0 0 23 115 116 3688 154 0 0 12 62 166 32 3524 300 0 0
0 0 0 12 3714 370 0 0 0 0 120 190 3684 102 0 0 0 40 239 41 3709 67 0 0
0 0 0 3 1287 2022 458 326 0 0 482 1488 1531 142 243 210 354 1239 1232 185 617 216 230 23
