0 0 110 3986 0 0 0 0 0 0 2041 2055 0 0 0 0 0 297 3798 1 0 0 0 0
0 0 109 3983 4 0 0 0 0 0 2314 1782 0 0 0 0 0 468 3626 2 0 0 0 0
0 0 184 3912 0 0 0 0 0 0 2365 1731 0 0 0 0 0 833 3263 0 0 0 0 0
0 0 199 3894 3 0 0 0 0 0 2582 1514 0 0 0 0 0 666 3430 0 0 0 0 0
0 0 571 3524 1 0 0 0 0 0 3359 737 0 0 0 0 0 1518 2578 0 0 0 0 0
0 0 902 3194 0 0 0 0 0 0 3631 465 0 0 0 0 0 1594 2502 0 0 0 0 0
0 0 1364 2732 0 0 0 0 0 0 3773 323 0 0 0 0 0 1729 2367 0 0 0 0 0
0 0 1842 2254 0 0 0 0 0 0 3881 215 0 0 0 0 0 2172 1924 0 0 0 0 0
0 0 2195 1901 0 0 0 0 0 0 3985 111 0 0 0 0 0 2363 1733 0 0 0 0 0
0 0 2812 1284 0 0 0 0 0 1 4044 51 0 0 0 0 0 2783 1313 0 0 0 0 0
0 0 3036 1060 0 0 0 0 0 2 4051 43 0 0 0 0 0 2237 1859 0 0 0 0 0
0 0 3327 769 0 0 0 0 0 1 4039 56 0 0 0 0 1 2641 1454 0 0 0 0 0
0 1 3984 111 0 0 0 0 0 19 4074 3 0 0 0 0 0 3667 429 0 0 0 0 0
0 1 4070 25 0 0 0 0 0 39 4055 2 0 0 0 0 0 3889 207 0 0 0 0 0
0 0 4056 40 0 0 0 0 0 42 4054 0 0 0 0 0 1 3769 326 0 0 0 0 0
0 131 3849 116 0 0 0 0 0 577 3515 4 0 0 0 0 9 3768 319 0 0 0 0 0
0 264 3767 65 0 0 0 0 0 932 3159 5 0 0 0 0 23 3608 465 0 0 0 0 0
0 230 3305 561 0 0 0 0 0 932 3137 27 0 0 0 0 11 3490 595 0 0 0 0 0
0 116 3416 564 0 0 0 0 0 525 3518 53 0 0 0 0 4 3194 898 0 0 0 0 0
0 7 1782 2306 1 0 0 0 0 16 3960 120 0 0 0 0 0 2489 1606 1 0 0 0 0
0 0 1540 2556 0 0 0 0 0 0 3973 123 0 0 0 0 0 2130 1966 0 0 0 0 0
0 0 990 3106 0 0 0 0 0 0 3844 252 0 0 0 0 0 2233 1863 0 0 0 0 0
0 0 497 3598 1 0 0 0 0 0 3695 401 0 0 0 0 0 2033 2063 0 0 0 0 0
0 0 233 3863 0 0 0 0 0 0 3420 676 0 0 0 0 0 1458 2638 0 0 0 0 0
0 0 72 4019 5 0 0 0 0 0 2909 1187 0 0 0 0 0 1850 2246 0 0 0 0 0
0 0 50 4045 1 0 0 0 0 0 2740 1356 0 0 0 0 0 1103 2993 0 0 0 0 0
0 0 24 4067 5 0 0 0 0 0 2401 1695 0 0 0 0 0 912 3184 0 0 0 0 0
0 0 15 4078 3 0 0 0 0 0 1928 2168 0 0 0 0 0 486 3610 0 0 0 0 0
0 0 16 4066 14 0 0 0 0 0 1536 2560 0 0 0 0 0 487 3609 0 0 0 0 0
0 0 7 3890 140 33 26 0 0 315 1285 2431 18 28 19 0 39 772 3198 33 26 26 2 0
0 0 3 4048 45 0 0 0 0 0 918 3178 0 0 0 0 0 466 3627 3 0 0 0 0
0 0 0 4028 68 0 0 0 0 0 603 3493 0 0 0 0 0 210 3884 2 0 0 0 0
0 0 29 4066 1 0 0 0 0 0 1398 2698 0 0 0 0 0 84 4008 4 0 0 0 0
0 0 46 4043 7 0 0 0 0 0 1369 2727 0 0 0 0 0 257 3835 4 0 0 0 0
0 0 53 4040 3 0 0 0 0 0 1805 2291 0 0 0 0 0 694 3402 0 0 0 0 0
0 0 120 3975 1 0 0 0 0 0 2051 2045 0 0 0 0 0 669 3426 1 0 0 0 0
0 0 341 3755 0 0 0 0 0 0 2726 1370 0 0 0 0 0 757 3339 0 0 0 0 0
0 0 598 3498 0 0 0 0 0 0 3171 925 0 0 0 0 0 1033 3063 0 0 0 0 0
0 0 711 3385 0 0 0 0 0 0 3580 516 0 0 0 0 0 1475 2621 0 0 0 0 0
0 0 842 3254 0 0 0 0 0 0 3682 414 0 0 0 0 0 1974 2122 0 0 0 0 0
0 0 1845 2251 0 0 0 0 0 0 3777 319 0 0 0 0 0 2231 1865 0 0 0 0 0
0 0 2346 1750 0 0 0 0 0 0 3992 104 0 0 0 0 0 2444 1652 0 0 0 0 0
0 0 2995 1101 0 0 0 0 0 0 4037 59 0 0 0 0 0 2914 1182 0 0 0 0 0
0 0 3471 625 0 0 0 0 0 0 4070 26 0 0 0 0 0 3048 1048 0 0 0 0 0
0 0 3891 205 0 0 0 0 0 25 4058 13 0 0 0 0 0 3691 405 0 0 0 0 0
0 0 4040 56 0 0 0 0 0 32 4061 3 0 0 0 0 0 3821 275 0 0 0 0 0
0 1 3996 99 0 0 0 0 0 52 4043 1 0 0 0 0 0 3796 300 0 0 0 0 0
0 5 3560 531 0 0 0 0 0 89 3991 16 0 0 0 0 1 3204 891 0 0 0 0 0
0 9 3598 489 0 0 0 0 0 109 3979 8 0 0 0 0 2 3396 698 0 0 0 0 0
0 0 3102 994 0 0 0 0 0 22 4034 40 0 0 0 0 0 3009 1087 0 0 0 0 0
0 1 3101 994 0 0 0 0 0 49 3981 66 0 0 0 0 1 3138 957 0 0 0 0 0
0 0 1591 2505 0 0 0 0 0 2 3895 199 0 0 0 0 0 1943 2153 0 0 0 0 0
0 0 1360 2736 0 0 0 0 0 0 3888 208 0 0 0 0 0 1717 2379 0 0 0 0 0
0 0 898 3198 0 0 0 0 0 0 3687 409 0 0 0 0 0 1696 2400 0 0 0 0 0
0 0 388 3708 0 0 0 0 0 0 3560 536 0 0 0 0 0 2087 2009 0 0 0 0 0
0 0 172 3923 1 0 0 0 0 0 3103 993 0 0 0 0 0 1162 2934 0 0 0 0 0
0 0 61 4034 1 0 0 0 0 0 2636 1460 0 0 0 0 0 1477 2619 0 0 0 0 0
0 0 15 4077 4 0 0 0 0 0 2262 1834 0 0 0 0 0 1052 3044 0 0 0 0 0
0 0 13 4073 10 0 0 0 0 0 1450 2646 0 0 0 0 0 618 3477 1 0 0 0 0
0 0 6 4064 26 0 0 0 0 0 828 3268 0 0 0 0 0 158 3932 6 0 0 0 0
0 0 1 4051 44 0 0 0 0 0 561 3535 0 0 0 0 0 215 3877 4 0 0 0 0
0 0 1 3435 276 141 242 1 0 71 264 3266 136 148 211 0 36 121 3280 246 129 243 41 0
0 0 1 3958 137 0 0 0 0 0 128 3965 3 0 0 0 0 26 4050 20 0 0 0 0
0 0 0 3789 307 0 0 0 0 0 72 4020 4 0 0 0 0 26 3971 99 0 0 0 0
0 0 17 4060 19 0 0 0 0 0 508 3586 2 0 0 0 0 39 4047 10 0 0 0 0
0 0 15 4070 11 0 0 0 0 0 662 3434 0 0 0 0 0 127 3952 17 0 0 0 0
0 0 18 4071 7 0 0 0 0 0 863 3233 0 0 0 0 0 108 3985 3 0 0 0 0
0 0 43 4049 4 0 0 0 0 0 1147 2949 0 0 0 0 0 415 3681 0 0 0 0 0
0 0 97 3998 1 0 0 0 0 0 2025 2071 0 0 0 0 0 597 3498 1 0 0 0 0
0 0 254 3839 3 0 0 0 0 0 2500 1595 1 0 0 0 0 581 3512 3 0 0 0 0
0 0 529 3566 1 0 0 0 0 0 3070 1026 0 0 0 0 0 1100 2996 0 0 0 0 0
0 0 856 3240 0 0 0 0 0 0 3313 783 0 0 0 0 0 1210 2886 0 0 0 0 0
0 0 1190 2906 0 0 0 0 0 0 3568 528 0 0 0 0 0 1454 2642 0 0 0 0 0
0 0 1660 2436 0 0 0 0 0 0 3894 202 0 0 0 0 0 1917 2179 0 0 0 0 0
0 0 2420 1676 0 0 0 0 0 0 3993 103 0 0 0 0 0 2652 1444 0 0 0 0 0
0 0 3066 1030 0 0 0 0 0 0 4049 47 0 0 0 0 0 3260 836 0 0 0 0 0
0 1 3742 353 0 0 0 0 0 29 4041 26 0 0 0 0 0 3431 665 0 0 0 0 0
0 1 3924 171 0 0 0 0 0 21 4069 6 0 0 0 0 1 3885 210 0 0 0 0 0
0 0 3921 175 0 0 0 0 0 21 4070 5 0 0 0 0 0 3442 654 0 0 0 0 0
0 0 3653 443 0 0 0 0 0 36 4022 38 0 0 0 0 0 3144 952 0 0 0 0 0
0 0 3568 528 0 0 0 0 0 38 4040 18 0 0 0 0 0 3152 944 0 0 0 0 0
0 6 3076 1013 1 0 0 0 0 50 4020 26 0 0 0 0 1 3526 569 0 0 0 0 0
0 22 3399 675 0 0 0 0 0 165 3865 66 0 0 0 0 2 3150 944 0 0 0 0 0
0 5 2298 1792 1 0 0 0 0 71 3817 208 0 0 0 0 1 2312 1783 0 0 0 0 0
0 0 832 3264 0 0 0 0 0 0 3598 498 0 0 0 0 0 770 3326 0 0 0 0 0
0 0 339 3757 0 0 0 0 0 0 3285 811 0 0 0 0 0 1445 2651 0 0 0 0 0
0 0 144 3951 1 0 0 0 0 0 2863 1233 0 0 0 0 0 1084 3012 0 0 0 0 0
0 0 50 4045 1 0 0 0 0 0 1884 2212 0 0 0 0 0 741 3354 1 0 0 0 0
0 0 13 4077 6 0 0 0 0 0 1185 2911 0 0 0 0 0 684 3411 1 0 0 0 0
0 0 5 4058 33 0 0 0 0 0 831 3265 0 0 0 0 0 288 3805 3 0 0 0 0
0 0 2 4050 44 0 0 0 0 0 330 3765 1 0 0 0 0 31 4059 6 0 0 0 0
0 0 0 3948 148 0 0 0 0 0 132 3963 1 0 0 0 0 38 4046 12 0 0 0 0
0 0 0 3890 206 0 0 0 0 0 84 4009 3 0 0 0 0 19 4053 24 0 0 0 0
0 0 2 3193 750 61 90 0 1 232 233 3429 64 62 75 0 37 361 3334 193 57 93 21 0
0 0 0 3424 671 1 0 0 0 0 32 4053 11 0 0 0 0 7 3985 104 0 0 0 0
0 0 0 3073 1023 0 0 0 0 0 4 4070 22 0 0 0 0 0 3611 485 0 0 0 0
0 0 13 4037 46 0 0 0 0 0 161 3935 0 0 0 0 0 10 3984 102 0 0 0 0
0 0 3 4068 25 0 0 0 0 0 211 3884 1 0 0 0 0 7 4033 56 0 0 0 0
0 0 9 4078 9 0 0 0 0 0 354 3742 0 0 0 0 0 26 4064 6 0 0 0 0
0 0 18 4066 12 0 0 0 0 0 409 3687 0 0 0 0 0 49 4041 6 0 0 0 0
0 0 49 4044 3 0 0 0 0 0 911 3185 0 0 0 0 0 142 3950 4 0 0 0 0
0 0 87 4006 3 0 0 0 0 0 1423 2673 0 0 0 0 0 191 3900 5 0 0 0 0
0 0 219 3877 0 0 0 0 0 0 2208 1888 0 0 0 0 0 256 3839 1 0 0 0 0
0 0 317 3778 1 0 0 0 0 0 2675 1421 0 0 0 0 0 797 3299 0 0 0 0 0
0 0 686 3410 0 0 0 0 0 1 3112 983 0 0 0 0 0 1149 2947 0 0 0 0 0
0 0 1074 3022 0 0 0 0 0 0 3692 404 0 0 0 0 0 1392 2704 0 0 0 0 0
0 0 2130 1966 0 0 0 0 0 0 3857 239 0 0 0 0 0 2128 1968 0 0 0 0 0
0 0 2700 1396 0 0 0 0 0 0 3955 141 0 0 0 0 0 2254 1842 0 0 0 0 0
0 0 3423 673 0 0 0 0 0 4 4060 32 0 0 0 0 0 3059 1037 0 0 0 0 0
0 0 3775 321 0 0 0 0 0 8 4081 7 0 0 0 0 0 3595 501 0 0 0 0 0
0 0 3711 385 0 0 0 0 0 8 4079 9 0 0 0 0 0 3447 649 0 0 0 0 0
0 0 3196 900 0 0 0 0 0 38 4001 57 0 0 0 0 0 2733 1363 0 0 0 0 0
0 1 2849 1246 0 0 0 0 0 19 4006 71 0 0 0 0 1 2421 1674 0 0 0 0 0
0 2 1667 2398 29 0 0 0 0 20 3632 435 9 0 0 0 4 2099 1954 39 0 0 0 0
0 0 599 1032 713 792 905 55 0 2 1209 582 624 681 863 135 0 441 1107 481 523 612 920 12
0 19 477 975 50 77 1339 1159 0 27 1084 367 44 78 1022 1474 0 342 1064 78 45 70 1138 1359
0 0 240 3168 215 378 95 0 0 0 2010 1438 272 288 88 0 0 182 3199 139 273 232 71 0
0 0 147 3945 4 0 0 0 0 0 2001 2095 0 0 0 0 0 560 3532 4 0 0 0 0
0 0 28 4061 7 0 0 0 0 0 1435 2661 0 0 0 0 0 425 3669 2 0 0 0 0
0 0 10 4073 13 0 0 0 0 0 841 3255 0 0 0 0 0 146 3950 0 0 0 0 0
0 0 3 4068 25 0 0 0 0 0 485 3610 1 0 0 0 0 91 3991 14 0 0 0 0
0 0 1 4025 70 0 0 0 0 0 211 3884 1 0 0 0 0 55 4029 12 0 0 0 0
0 0 2 3906 188 0 0 0 0 0 78 4014 4 0 0 0 0 10 4060 26 0 0 0 0
0 0 0 3721 375 0 0 0 0 0 44 4050 2 0 0 0 0 8 3995 93 0 0 0 0
0 0 1 3349 746 0 0 0 0 0 16 4073 7 0 0 0 0 4 3983 109 0 0 0 0
0 0 0 2301 1491 111 192 1 0 125 114 3437 130 113 177 0 26 172 2849 691 117 173 68 0
0 0 0 2350 1745 1 0 0 0 0 5 4039 52 0 0 0 0 3 3313 780 0 0 0 0
0 0 0 1934 2162 0 0 0 0 0 1 3973 122 0 0 0 0 0 2509 1587 0 0 0 0
0 0 3 3960 133 0 0 0 0 0 34 4056 6 0 0 0 0 1 3515 580 0 0 0 0
0 0 0 3985 111 0 0 0 0 0 57 4038 1 0 0 0 0 4 3893 199 0 0 0 0
0 0 2 4056 38 0 0 0 0 0 67 4026 3 0 0 0 0 11 4041 44 0 0 0 0
0 0 8 4056 32 0 0 0 0 0 134 3961 1 0 0 0 0 14 4038 44 0 0 0 0
0 0 14 4059 23 0 0 0 0 0 380 3716 0 0 0 0 0 44 4035 17 0 0 0 0
0 0 28 4059 9 0 0 0 0 0 657 3438 1 0 0 0 0 84 4005 7 0 0 0 0
0 0 77 4017 2 0 0 0 0 0 1217 2879 0 0 0 0 0 125 3964 7 0 0 0 0
0 0 156 3938 2 0 0 0 0 0 1727 2369 0 0 0 0 0 251 3843 2 0 0 0 0
0 0 414 3682 0 0 0 0 0 0 2428 1668 0 0 0 0 0 427 3667 2 0 0 0 0
0 0 771 3324 1 0 0 0 0 0 3053 1043 0 0 0 0 0 882 3213 1 0 0 0 0
0 0 860 2863 372 1 0 0 0 0 3186 894 16 0 0 0 0 1131 2916 49 0 0 0 0
0 0 992 2547 555 2 0 0 0 0 3180 910 6 0 0 0 2 1697 2383 14 0 0 0 0
0 0 1391 1918 786 1 0 0 0 0 2982 1109 5 0 0 0 0 1777 2228 91 0 0 0 0
0 0 2555 1164 376 1 0 0 0 5 3671 419 1 0 0 0 0 2521 1573 2 0 0 0 0
0 0 3556 540 0 0 0 0 0 1 4078 17 0 0 0 0 0 2890 1206 0 0 0 0 0
0 0 3186 910 0 0 0 0 0 9 3990 97 0 0 0 0 0 2316 1780 0 0 0 0 0
0 1 2493 1602 0 0 0 0 0 20 3928 148 0 0 0 0 0 1792 2304 0 0 0 0 0
0 0 1592 2331 173 0 0 0 0 15 3114 886 81 0 0 0 0 1268 2674 148 6 0 0 0
0 0 1 222 969 1918 986 0 0 0 9 402 857 1842 986 0 0 0 224 694 1307 1398 473 0
0 0 0 0 0 763 3333 0 0 0 0 0 0 1154 2941 1 0 0 0 3 590 2715 788 0
0 0 19 1717 1235 1080 45 0 0 0 450 1877 1058 685 26 0 0 16 1955 1179 609 331 6 0
0 0 76 4013 7 0 0 0 0 0 1053 3041 2 0 0 0 0 108 3978 10 0 0 0 0
0 0 7 4071 18 0 0 0 0 0 527 3568 1 0 0 0 0 117 3969 10 0 0 0 0
0 0 3 4076 17 0 0 0 0 0 224 3870 2 0 0 0 0 10 4030 56 0 0 0 0
0 0 1 3973 122 0 0 0 0 0 120 3972 4 0 0 0 0 30 4041 25 0 0 0 0
0 0 1 3885 210 0 0 0 0 0 55 4039 2 0 0 0 0 9 3974 113 0 0 0 0
0 0 1 3620 475 0 0 0 0 0 19 4071 6 0 0 0 0 11 3900 185 0 0 0 0
0 0 0 3160 936 0 0 0 0 0 3 4070 23 0 0 0 0 1 3381 714 0 0 0 0
0 0 1 2515 1580 0 0 0 0 0 5 4021 70 0 0 0 0 2 3418 676 0 0 0 0
0 0 0 1767 1955 134 237 3 0 77 75 3310 281 135 218 0 2 126 2049 1466 144 246 63 0
0 0 0 1542 2554 0 0 0 0 0 0 3795 301 0 0 0 0 1 2005 2089 1 0 0 0
0 0 0 954 3142 0 0 0 0 0 0 3383 713 0 0 0 0 0 1110 2985 1 0 0 0
0 0 0 3809 287 0 0 0 0 0 4 4077 15 0 0 0 0 0 2368 1728 0 0 0 0
0 0 1 3804 291 0 0 0 0 0 13 4064 19 0 0 0 0 0 3230 866 0 0 0 0
0 0 0 3946 150 0 0 0 0 0 21 4071 4 0 0 0 0 3 3845 248 0 0 0 0
0 0 2 4023 71 0 0 0 0 0 44 4047 5 0 0 0 0 3 3877 216 0 0 0 0
0 0 2 4062 32 0 0 0 0 0 102 3992 2 0 0 0 0 11 4035 50 0 0 0 0
0 0 14 4060 22 0 0 0 0 0 187 3907 2 0 0 0 0 30 4041 25 0 0 0 0
0 0 32 4054 10 0 0 0 0 0 521 3574 1 0 0 0 0 34 4049 13 0 0 0 0
0 0 76 4018 2 0 0 0 0 0 828 3268 0 0 0 0 0 94 4000 2 0 0 0 0
0 0 117 3977 2 0 0 0 0 0 1458 2638 0 0 0 0 0 215 3880 1 0 0 0 0
0 0 356 3740 0 0 0 0 0 0 2297 1799 0 0 0 0 0 520 3576 0 0 0 0 0
0 0 397 2986 701 12 0 0 0 0 2166 1813 117 0 0 0 0 487 3285 324 0 0 0 0
0 0 117 1693 2245 41 0 0 0 2 1809 2233 52 0 0 0 7 1781 2269 39 0 0 0 0
0 0 314 1664 2091 27 0 0 0 0 1641 2382 73 0 0 0 1 829 2867 398 1 0 0 0
0 0 785 1476 1817 18 0 0 0 0 2337 1745 14 0 0 0 0 1653 2401 42 0 0 0 0
0 0 2714 1382 0 0 0 0 0 0 3981 115 0 0 0 0 0 1379 2717 0 0 0 0 0
0 2 2457 1637 0 0 0 0 0 18 3833 245 0 0 0 0 0 1510 2585 1 0 0 0 0
0 0 1215 2880 1 0 0 0 0 1 3200 895 0 0 0 0 0 1001 3094 1 0 0 0 0
0 0 252 3841 3 0 0 0 0 2 2264 1830 0 0 0 0 0 453 3641 2 0 0 0 0
0 0 102 2615 518 733 128 0 0 0 852 2003 532 704 5 0 0 55 2825 799 415 2 0 0
0 0 607 1451 508 928 602 0 0 239 1188 957 511 1141 60 0 59 1100 1391 691 840 15 0 0
0 0 876 2933 231 56 0 0 0 239 2207 1570 78 2 0 0 78 1672 2255 91 0 0 0 0
0 0 15 4077 4 0 0 0 0 0 482 3613 1 0 0 0 0 31 4056 9 0 0 0 0
0 0 3 4057 36 0 0 0 0 0 204 3890 2 0 0 0 0 18 4036 42 0 0 0 0
0 0 4 3982 110 0 0 0 0 0 67 4027 2 0 0 0 0 5 4038 53 0 0 0 0
0 0 1 3903 192 0 0 0 0 0 24 4069 3 0 0 0 0 6 4025 65 0 0 0 0
0 0 0 3654 442 0 0 0 0 0 15 4067 14 0 0 0 0 7 3744 345 0 0 0 0
0 0 0 3219 877 0 0 0 0 0 3 4056 37 0 0 0 0 0 3150 946 0 0 0 0
0 0 0 2385 1711 0 0 0 0 0 2 3996 98 0 0 0 0 0 2412 1684 0 0 0 0
0 0 0 1439 2655 2 0 0 0 0 0 3768 328 0 0 0 0 0 2082 2014 0 0 0 0
0 0 0 1063 2940 38 55 0 0 248 168 2852 743 36 49 0 35 317 1385 2243 48 47 21 0
0 0 0 681 3181 78 156 0 0 0 0 2415 1445 79 157 0 0 0 343 3459 88 128 78 0
0 0 0 295 2986 72 742 1 0 0 0 1593 1688 74 740 1 0 0 248 2950 100 552 246 0
0 0 0 3099 997 0 0 0 0 0 0 3997 99 0 0 0 0 0 1288 2808 0 0 0 0
0 0 0 3320 776 0 0 0 0 0 2 4025 69 0 0 0 0 0 2357 1739 0 0 0 0
0 0 0 3680 416 0 0 0 0 0 1 4069 26 0 0 0 0 0 3004 1092 0 0 0 0
0 0 0 3821 275 0 0 0 0 0 4 4066 26 0 0 0 0 0 3058 1038 0 0 0 0
0 0 1 4000 95 0 0 0 0 0 7 4087 2 0 0 0 0 3 3849 244 0 0 0 0
0 0 5 4035 56 0 0 0 0 0 64 4029 3 0 0 0 0 4 3933 159 0 0 0 0
0 0 16 4068 12 0 0 0 0 0 110 3984 2 0 0 0 0 10 4046 40 0 0 0 0
0 0 34 4051 11 0 0 0 0 0 345 3750 1 0 0 0 0 35 4042 19 0 0 0 0
0 0 65 4030 1 0 0 0 0 0 597 3499 0 0 0 0 0 94 3998 4 0 0 0 0
0 0 198 3897 1 0 0 0 0 0 1428 2668 0 0 0 0 0 123 3968 5 0 0 0 0
0 0 189 3822 85 0 0 0 0 1 2015 2080 0 0 0 0 3 902 3191 0 0 0 0 0
0 0 245 3455 396 0 0 0 0 102 3065 929 0 0 0 0 155 2508 1433 0 0 0 0 0
0 0 1063 2858 175 0 0 0 0 0 3241 855 0 0 0 0 7 1559 2529 1 0 0 0 0
0 0 1189 1313 1567 27 0 0 0 0 2110 1830 156 0 0 0 0 948 2901 233 14 0 0 0
0 0 1824 2272 0 0 0 0 0 0 3866 230 0 0 0 0 0 1258 2838 0 0 0 0 0
0 0 1286 2810 0 0 0 0 0 1 3402 693 0 0 0 0 0 448 3643 5 0 0 0 0
0 0 567 3528 1 0 0 0 0 0 2487 1609 0 0 0 0 0 249 3847 0 0 0 0 0
0 0 185 3909 2 0 0 0 0 0 1953 2143 0 0 0 0 0 170 3924 2 0 0 0 0
0 0 91 4003 2 0 0 0 0 0 1126 2970 0 0 0 0 0 47 4043 6 0 0 0 0
0 2 2493 1600 1 0 0 0 0 1090 2432 574 0 0 0 0 181 2710 1205 0 0 0 0 0
0 0 276 3814 6 0 0 0 0 28 933 3135 0 0 0 0 1 288 3698 109 0 0 0 0
0 0 6 4039 44 6 1 0 0 0 123 3953 15 3 2 0 0 9 3861 213 10 3 0 0
0 0 1 3630 134 71 258 2 0 0 68 3634 60 67 265 2 0 2 3441 294 54 249 55 1
0 0 1 3039 216 72 768 0 0 0 20 3168 67 70 771 0 0 2 2823 390 63 660 158 0
0 0 1 2404 368 68 1249 6 0 0 9 2671 94 66 1243 13 0 1 2233 498 58 1013 293 0
0 0 0 1817 476 132 1664 7 0 0 5 2182 107 101 1692 9 0 0 1514 746 61 1417 358 0
0 0 0 1085 723 140 2146 2 0 0 0 1677 131 171 2111 6 0 0 824 949 80 1674 569 0
0 0 0 578 819 151 2542 6 0 0 0 1098 304 194 2493 7 0 0 310 1006 139 2242 399 0
0 0 0 300 983 259 2551 3 0 0 0 720 569 262 2542 3 0 0 113 1055 185 2212 531 0
0 0 0 29 717 678 2633 39 0 0 0 145 684 644 2536 87 0 0 8 556 481 1396 1597 58
0 0 1 116 1373 203 2400 3 0 0 3 264 1234 219 2374 2 0 0 32 1407 98 2068 491 0
0 0 1 153 1784 488 1669 1 0 0 7 274 1676 687 1451 1 0 0 82 1789 231 1948 46 0
0 0 0 2141 1955 0 0 0 0 0 0 3775 321 0 0 0 0 0 321 3774 1 0 0 0
0 0 0 2553 1543 0 0 0 0 0 2 3855 239 0 0 0 0 0 1131 2965 0 0 0 0
0 0 0 2934 1162 0 0 0 0 0 2 3941 153 0 0 0 0 0 1871 2225 0 0 0 0
0 0 0 3224 872 0 0 0 0 0 2 4005 89 0 0 0 0 0 2344 1752 0 0 0 0
0 0 0 3657 439 0 0 0 0 0 7 4055 34 0 0 0 0 0 3266 830 0 0 0 0
0 0 2 3997 97 0 0 0 0 0 16 4071 9 0 0 0 0 1 3562 533 0 0 0 0
0 0 2 4068 26 0 0 0 0 0 50 4046 0 0 0 0 0 1 3893 202 0 0 0 0
0 0 12 4066 18 0 0 0 0 0 151 3939 6 0 0 0 0 16 4030 50 0 0 0 0
0 0 21 4072 3 0 0 0 0 0 277 3818 1 0 0 0 0 13 4053 30 0 0 0 0
0 0 50 3954 92 0 0 0 0 0 812 3284 0 0 0 0 0 129 3963 4 0 0 0 0
0 0 138 2780 1178 0 0 0 0 104 1792 2191 9 0 0 0 63 1809 2223 1 0 0 0 0
0 0 391 3705 0 0 0 0 0 17 2305 1774 0 0 0 0 12 495 3588 1 0 0 0 0
0 0 698 2511 886 1 0 0 0 0 2162 1899 35 0 0 0 0 943 3137 16 0 0 0 0
0 0 680 1230 2098 82 6 0 0 0 1555 2156 313 62 10 0 0 433 3302 269 37 54 1 0
0 0 1455 2097 322 222 0 0 0 0 2947 617 353 179 0 0 0 309 3189 262 327 9 0 0
0 0 578 2467 94 483 474 0 0 0 1979 1065 98 380 574 0 0 171 2781 120 185 834 5 0
0 0 141 2420 44 385 1105 1 0 0 1012 1553 42 344 1144 1 0 39 2442 106 71 1420 18 0
0 0 41 2032 53 632 1338 0 0 0 443 1634 47 586 1386 0 0 7 1915 171 166 1817 20 0
0 0 27 1588 68 285 2127 1 0 0 205 1418 63 264 2146 0 0 2 1475 173 74 2276 96 0
0 0 571 954 84 185 2296 6 0 64 1106 379 78 174 2291 4 7 900 585 93 91 2298 122 0
0 0 232 1221 115 254 2273 1 0 3 477 998 107 251 2257 3 0 232 935 359 111 2262 197 0
0 0 33 1343 160 206 2354 0 0 0 52 1382 116 183 2363 0 0 17 990 502 117 2363 107 0
0 0 51 1641 177 143 2084 0 0 0 82 1722 76 136 2080 0 0 22 1365 473 62 2077 97 0
0 0 56 1939 334 170 1594 3 0 2 85 2146 99 165 1596 3 0 25 1599 684 64 1696 28 0
0 0 69 1915 803 88 1219 2 0 1 86 2582 127 108 1190 2 0 19 1572 1186 75 1221 23 0
0 0 73 1748 1414 128 731 2 0 0 94 2851 294 111 745 1 0 20 871 2327 70 765 43 0
0 0 63 1341 2304 78 310 0 0 0 105 2892 717 74 308 0 0 15 829 2848 66 334 4 0
0 0 49 902 3105 25 15 0 0 0 81 2620 1357 23 15 0 0 9 571 3464 28 24 0 0
0 0 32 581 3358 98 27 0 0 0 78 1629 2260 88 41 0 0 3 432 3322 212 93 34 0
0 0 2 46 1502 138 2390 18 0 0 6 248 1328 125 2330 59 0 0 9 1469 157 283 2146 32
0 1 34 419 3638 4 0 0 0 1 47 657 3390 1 0 0 0 6 197 3831 62 0 0 0
0 8 38 465 3581 4 0 0 0 6 42 531 3517 0 0 0 1 10 177 3416 492 0 0 0
0 0 0 1453 2643 0 0 0 0 0 0 3105 991 0 0 0 0 0 157 3938 1 0 0 0
0 0 0 1645 2451 0 0 0 0 0 0 3310 786 0 0 0 0 0 268 3827 1 0 0 0
0 0 0 1842 2254 0 0 0 0 0 0 3520 576 0 0 0 0 0 763 3332 1 0 0 0
0 0 0 2288 1807 1 0 0 0 0 0 3738 358 0 0 0 0 0 729 3366 1 0 0 0
0 0 0 2731 1363 2 0 0 0 0 0 3803 291 2 0 0 0 0 1482 2586 28 0 0 0
0 0 0 3290 494 252 60 0 0 0 0 3579 200 169 148 0 0 0 2283 1435 104 274 0 0
0 0 0 3157 149 471 319 0 0 0 8 3204 85 235 564 0 0 0 2198 1059 81 756 2 0
0 0 1 2703 108 861 423 0 0 0 29 2704 75 466 822 0 0 0 2405 364 73 1253 1 0
0 0 10 2244 65 1392 385 0 0 0 76 2174 63 886 897 0 0 0 2097 186 69 1742 2 0
0 0 29 2231 1227 478 131 0 0 2 922 2442 128 403 199 0 3 1067 2242 145 114 525 0 0
0 0 62 2559 386 826 263 0 0 1 1820 1089 120 679 387 0 69 1752 1037 149 174 912 3 0
0 2 118 1648 104 1912 312 0 0 3 535 1231 104 1584 639 0 0 34 1645 147 144 2125 1 0
0 0 117 1031 2232 667 49 0 0 0 391 2616 425 588 76 0 0 341 2715 332 262 445 1 0
0 0 362 855 1969 908 2 0 0 0 890 2069 281 848 8 0 0 220 2704 121 867 184 0 0
0 13 696 1592 1105 690 0 0 0 33 1582 709 1229 543 0 0 0 168 2110 991 798 29 0 0
0 2 534 2164 63 1032 301 0 0 4 1383 1320 53 1038 298 0 0 101 2536 98 297 1064 0 0
0 0 192 2925 57 456 466 0 0 2 795 2330 49 483 437 0 0 30 3028 93 94 850 1 0
0 2 168 3396 72 143 315 0 0 4 512 3066 57 130 327 0 0 73 3434 120 72 396 1 0
0 11 296 3699 37 30 23 0 0 11 539 3467 30 29 20 0 0 126 3702 204 25 37 2 0
0 10 1518 2564 4 0 0 0 0 430 2710 956 0 0 0 0 242 2367 1459 28 0 0 0 0
0 45 2062 1973 16 0 0 0 0 757 1831 1506 2 0 0 0 135 1978 1344 639 0 0 0 0
0 9 258 3693 136 0 0 0 0 15 337 3730 14 0 0 0 0 144 2770 1181 1 0 0 0
0 11 183 3611 291 0 0 0 0 15 274 3779 28 0 0 0 0 58 2575 1463 0 0 0 0
0 5 198 3070 823 0 0 0 0 16 264 3700 116 0 0 0 2 73 2470 1551 0 0 0 0
0 7 89 2513 1487 0 0 0 0 10 180 3651 255 0 0 0 0 56 1489 2551 0 0 0 0
0 6 133 1756 2201 0 0 0 0 8 196 3270 622 0 0 0 0 47 809 3240 0 0 0 0
0 1 70 1195 2829 1 0 0 0 7 134 2714 1241 0 0 0 0 23 528 3541 4 0 0 0
0 2 84 813 3197 0 0 0 0 0 128 1836 2132 0 0 0 0 7 412 3672 5 0 0 0
0 6 59 601 3428 2 0 0 0 8 91 1018 2978 1 0 0 0 19 334 3509 232 2 0 0
0 0 0 4 1411 251 2412 18 0 0 0 16 1412 237 2393 38 0 0 0 736 751 381 2206 22
0 0 0 148 3934 14 0 0 0 0 0 205 3888 3 0 0 0 0 32 2775 1289 0 0 0
0 0 8 207 3794 87 0 0 0 0 6 253 3789 48 0 0 0 0 47 1243 2806 0 0 0
0 0 0 396 1814 1591 295 0 0 0 0 820 1385 1262 629 0 0 0 6 2028 296 1765 1 0
0 0 3 414 1744 1757 178 0 0 0 4 969 1179 1453 491 0 0 0 35 1997 290 1774 0 0
0 0 9 359 1781 1756 191 0 0 0 20 1008 1116 1558 394 0 0 0 95 1971 478 1547 5 0
0 0 10 665 1425 1643 353 0 0 0 27 1245 830 1308 686 0 0 2 171 1806 280 1830 7 0
0 0 7 738 1336 1499 516 0 0 0 23 1321 729 1091 932 0 0 0 140 1852 147 1950 7 0
0 0 18 1308 1040 1217 513 0 0 0 23 1986 357 789 941 0 0 3 446 1885 75 1682 5 0
0 0 96 2373 344 838 445 0 0 0 116 2577 120 559 723 1 0 19 1264 1503 59 1250 1 0
0 0 77 3021 185 465 348 0 0 0 107 3084 90 295 520 0 0 33 2293 912 71 782 5 0
1 511 262 2878 82 201 161 0 22 535 312 2803 62 161 201 0 132 504 2383 692 59 324 2 0
14 1100 1168 1012 702 91 9 0 53 1447 1288 1088 172 45 3 0 289 2089 1433 196 66 23 0 0
0 6 333 2459 759 374 79 86 0 11 869 2341 471 250 68 86 0 213 2747 517 360 112 65 82
0 6 519 3436 78 57 0 0 0 14 1496 2472 114 0 0 0 0 271 3739 86 0 0 0 0
0 0 50 555 2746 745 0 0 0 0 309 2369 1418 0 0 0 0 528 3001 567 0 0 0 0
0 0 1211 2087 796 2 0 0 0 3 2913 1180 0 0 0 0 0 859 3237 0 0 0 0 0
0 33 1388 2675 0 0 0 0 0 54 2898 1144 0 0 0 0 4 354 3730 8 0 0 0 0
0 9 913 3174 0 0 0 0 0 10 2104 1982 0 0 0 0 0 164 3915 17 0 0 0 0
2 15 438 3640 1 0 0 0 3 16 1090 2987 0 0 0 0 1 85 3922 88 0 0 0 0
0 8 358 3721 9 0 0 0 0 10 692 3391 3 0 0 0 0 90 3894 112 0 0 0 0
0 0 139 3947 10 0 0 0 0 0 241 3853 2 0 0 0 0 21 3616 459 0 0 0 0
0 2 1041 3035 18 0 0 0 0 243 1766 2083 4 0 0 0 99 1557 1980 460 0 0 0 0
2 36 728 2975 354 1 0 0 0 150 2326 1585 35 0 0 0 215 1638 1521 722 0 0 0 0
0 12 217 3538 329 0 0 0 0 17 288 3743 48 0 0 0 1 87 2197 1811 0 0 0 0
0 6 152 3114 824 0 0 0 0 10 197 3718 171 0 0 0 0 44 1807 2244 1 0 0 0
0 10 131 2458 1497 0 0 0 0 10 177 3475 434 0 0 0 0 27 753 3311 5 0 0 0
0 6 97 1562 2431 0 0 0 0 5 156 3113 822 0 0 0 0 18 600 3478 0 0 0 0
0 4 116 1089 2887 0 0 0 0 3 148 2414 1531 0 0 0 0 30 466 3593 7 0 0 0
0 4 75 756 3261 0 0 0 0 5 105 1818 2168 0 0 0 0 10 356 3718 12 0 0 0
0 5 47 521 3520 3 0 0 0 6 67 745 3275 3 0 0 0 11 221 3711 153 0 0 0
0 1 60 416 3617 2 0 0 0 2 74 495 3525 0 0 0 0 4 181 2769 1142 0 0 0
0 0 1 35 1338 335 2385 2 0 0 2 35 1381 277 2368 33 0 0 4 220 1262 406 2194 10
0 1 12 251 3592 240 0 0 0 1 12 266 3577 239 1 0 0 3 45 680 3367 1 0 0
0 0 3 141 2779 1173 0 0 0 0 2 157 2461 1476 0 0 0 0 19 325 3733 19 0 0
0 4 60 930 3099 3 0 0 0 4 76 1403 2612 1 0 0 0 9 278 3754 55 0 0 0
0 0 64 996 3034 2 0 0 0 0 84 1604 2408 0 0 0 0 5 321 3740 30 0 0 0
0 1 57 778 3258 2 0 0 0 1 84 1721 2290 0 0 0 0 9 332 3744 11 0 0 0
0 0 113 1007 2975 1 0 0 0 0 140 2132 1824 0 0 0 0 15 447 3626 8 0 0 0
0 2 63 1370 2661 0 0 0 0 2 102 2344 1648 0 0 0 0 12 522 3556 6 0 0 0
0 1 75 1625 2395 0 0 0 0 2 106 3096 892 0 0 0 0 17 654 3424 1 0 0 0
0 3 145 2871 1077 0 0 0 0 3 212 3578 303 0 0 0 0 23 1619 2450 4 0 0 0
0 0 188 3612 296 0 0 0 0 1 235 3816 44 0 0 0 0 100 2683 1313 0 0 0 0
68 1480 374 1367 125 139 533 10 199 1434 324 1343 107 110 566 13 806 929 986 599 94 117 554 11
0 598 3475 23 0 0 0 0 16 2557 1522 1 0 0 0 0 206 3816 74 0 0 0 0 0
0 2 987 1976 1076 44 11 0 0 359 1740 1816 155 15 11 0 45 1414 2267 324 21 14 9 2
0 0 173 1674 270 386 1257 336 0 0 330 1553 466 141 1004 602 0 9 1676 571 107 127 657 949
0 1 413 378 1847 1186 244 27 0 6 632 1642 1444 108 216 48 0 185 2334 1141 98 83 202 53
0 21 2103 1972 0 0 0 0 0 43 3324 729 0 0 0 0 0 533 3561 2 0 0 0 0
0 13 1246 2836 1 0 0 0 0 18 2323 1755 0 0 0 0 0 193 3877 26 0 0 0 0
0 13 801 3282 0 0 0 0 0 17 1650 2429 0 0 0 0 0 124 3879 93 0 0 0 0
0 3 371 3716 6 0 0 0 0 5 668 3421 2 0 0 0 0 68 3823 205 0 0 0 0
0 9 256 3808 23 0 0 0 0 13 444 3636 3 0 0 0 1 79 3610 406 0 0 0 0
0 2 271 3792 31 0 0 0 0 8 347 3732 9 0 0 0 0 84 2430 1582 0 0 0 0
157 388 485 3009 57 0 0 0 50 537 1171 2329 9 0 0 0 207 1268 1854 767 0 0 0 0
1424 1772 483 417 0 0 0 0 27 2566 1405 98 0 0 0 0 274 3526 288 8 0 0 0 0
102 569 812 2007 593 11 2 0 12 628 713 2455 274 13 1 0 115 837 999 2087 56 2 0 0
0 87 1917 1293 473 168 95 63 0 1115 1723 728 223 136 102 69 177 2324 523 644 139 143 90 56
0 2 473 1110 2229 214 32 36 0 129 559 2088 1052 191 38 39 3 412 487 2774 215 142 29 34
0 1 85 586 3423 1 0 0 0 3 99 1637 2357 0 0 0 0 24 210 3856 6 0 0 0
0 0 74 550 3472 0 0 0 0 0 99 1075 2922 0 0 0 0 9 262 3796 29 0 0 0
0 4 72 460 3557 3 0 0 0 5 105 628 3356 2 0 0 0 9 240 3506 341 0 0 0
0 0 59 406 3628 3 0 0 0 2 65 428 3597 4 0 0 0 4 212 2683 1197 0 0 0
0 1 44 302 3708 41 0 0 0 1 39 316 3713 27 0 0 0 4 143 1223 2726 0 0 0
0 0 0 17 1169 509 2400 1 0 0 0 18 1133 542 2390 13 0 0 1 32 1421 420 2212 10
0 1 10 180 2229 1676 0 0 0 1 10 176 2027 1882 0 0 0 2 24 300 3715 55 0 0
0 1 12 122 1032 2929 0 0 0 1 11 107 865 3112 0 0 0 0 18 234 3240 604 0 0
0 2 44 696 3353 1 0 0 0 2 51 969 3074 0 0 0 0 5 171 3625 295 0 0 0
0 3 79 802 3212 0 0 0 0 4 101 1235 2756 0 0 0 0 15 332 3694 55 0 0 0
0 0 47 698 3349 2 0 0 0 3 59 1343 2690 1 0 0 0 13 257 3806 20 0 0 0
0 3 86 874 3132 1 0 0 0 5 116 1349 2626 0 0 0 0 23 332 3666 75 0 0 0
0 1 51 651 3393 0 0 0 0 2 88 1413 2593 0 0 0 0 14 287 3781 14 0 0 0
0 0 91 1265 2739 1 0 0 0 3 121 2214 1758 0 0 0 0 8 386 3694 8 0 0 0
0 3 156 2121 1816 0 0 0 0 8 207 3084 797 0 0 0 0 35 869 3189 3 0 0 0
0 5 153 2481 633 714 109 1 0 3 191 2770 238 734 159 1 0 39 897 2212 67 712 169 0
0 237 412 889 1215 917 425 1 0 257 294 788 1247 927 552 31 9 272 209 512 1230 1123 691 50
0 786 1243 176 582 908 401 0 2 1524 504 101 477 973 447 68 58 1766 203 84 335 1027 470 153
0 47 654 308 396 1525 1153 13 0 302 536 193 225 1492 1194 154 0 553 315 130 166 1250 1156 526
0 0 0 0 0 492 3558 46 0 0 0 0 0 650 3002 444 0 0 0 0 0 1139 1888 1069
0 20 1002 1230 342 201 1301 0 0 26 1467 951 212 217 1222 1 1 203 2248 160 101 1043 340 0
0 17 1706 2373 0 0 0 0 0 27 2915 1154 0 0 0 0 2 251 3826 17 0 0 0 0
0 35 1164 2897 0 0 0 0 0 44 2055 1997 0 0 0 0 0 204 3827 65 0 0 0 0
0 13 526 3553 4 0 0 0 0 30 1105 2960 1 0 0 0 0 116 3787 193 0 0 0 0
0 10 346 3734 6 0 0 0 0 13 587 3494 2 0 0 0 0 83 3610 403 0 0 0 0
0 7 257 3783 49 0 0 0 0 14 387 3688 7 0 0 0 0 77 3278 741 0 0 0 0
0 11 224 3728 133 0 0 0 0 11 291 3775 19 0 0 0 0 59 1944 2093 0 0 0 0
84 474 409 2830 299 0 0 0 0 470 493 3070 63 0 0 0 11 601 1446 2038 0 0 0 0
2323 1678 49 46 0 0 0 0 252 3490 305 48 1 0 0 0 698 3295 88 15 0 0 0 0
336 1225 2047 488 0 0 0 0 234 2995 864 3 0 0 0 0 1207 2830 59 0 0 0 0 0
0 601 3223 272 0 0 0 0 64 3631 401 0 0 0 0 0 2311 1781 4 0 0 0 0 0
0 123 2130 394 1447 2 0 0 1 1811 535 574 1174 1 0 0 569 1683 259 1569 16 0 0 0
0 7 111 512 3463 3 0 0 0 9 138 771 3178 0 0 0 0 15 242 3740 99 0 0 0
0 8 93 330 3664 1 0 0 0 9 111 351 3624 1 0 0 0 15 199 3063 819 0 0 0
0 0 28 211 3843 14 0 0 0 0 35 227 3825 9 0 0 0 0 89 1848 2159 0 0 0
0 0 13 191 3817 75 0 0 0 0 16 189 3832 59 0 0 0 0 52 780 3264 0 0 0
0 0 0 156 3388 552 0 0 0 0 2 160 3282 652 0 0 0 0 20 297 3778 1 0 0
0 0 0 17 502 1084 2480 13 0 0 0 16 382 1211 2437 50 0 0 0 18 1134 564 2352 28
0 1 10 131 693 3261 0 0 0 0 11 120 561 3404 0 0 0 1 20 195 2896 984 0 0
0 1 11 90 391 3603 0 0 0 1 11 86 360 3638 0 0 0 1 18 147 1198 2732 0 0
0 1 27 444 3622 2 0 0 0 1 32 539 3524 0 0 0 0 8 114 2313 1661 0 0 0
0 1 50 591 3448 6 0 0 0 2 61 685 3344 4 0 0 0 7 154 2939 996 0 0 0
0 3 52 350 3688 3 0 0 0 4 57 448 3586 1 0 0 0 5 132 3062 897 0 0 0
0 1 66 597 3429 3 0 0 0 1 76 653 3365 1 0 0 0 9 215 3186 686 0 0 0
0 4 47 422 3622 1 0 0 0 3 58 529 3506 0 0 0 0 6 178 3644 268 0 0 0
0 3 112 828 3153 0 0 0 0 5 131 1157 2803 0 0 0 0 10 389 3627 70 0 0 0
0 3 100 1778 2214 1 0 0 0 3 120 2332 1641 0 0 0 0 13 471 3595 17 0 0 0
0 7 118 1648 1533 790 0 0 0 7 148 1992 770 1179 0 0 0 35 457 2067 194 1343 0 0
0 0 4 300 1996 1796 0 0 0 0 0 148 1281 2667 0 0 0 0 0 86 923 3065 22 0
0 0 0 31 2601 1464 0 0 0 0 0 10 2060 2026 0 0 0 0 0 447 1282 2347 20 0
0 0 5 85 2790 1018 198 0 0 0 5 81 2429 1455 126 0 0 0 1 269 2330 1484 12 0
0 0 9 426 42 1108 2510 1 0 0 31 414 42 2564 1045 0 0 0 371 94 145 3370 116 0
0 8 1242 2319 49 50 427 1 0 10 1618 1965 39 52 412 0 0 185 3352 88 43 220 208 0
0 37 1673 2386 0 0 0 0 0 42 2579 1475 0 0 0 0 0 163 3915 18 0 0 0 0
0 19 945 3130 2 0 0 0 0 25 1723 2347 1 0 0 0 0 125 3903 68 0 0 0 0
0 20 582 3492 2 0 0 0 0 34 993 3068 1 0 0 0 0 109 3540 447 0 0 0 0
0 12 350 3725 9 0 0 0 0 13 486 3594 3 0 0 0 0 65 3153 878 0 0 0 0
0 11 238 3780 67 0 0 0 0 14 319 3754 9 0 0 0 0 48 2570 1478 0 0 0 0
0 10 230 3547 309 0 0 0 0 8 271 3747 70 0 0 0 0 45 1118 2931 2 0 0 0
0 16 229 3228 623 0 0 0 0 18 244 3621 213 0 0 0 1 57 801 3235 2 0 0 0
1059 2195 196 231 86 119 208 2 22 1671 1669 280 71 125 232 26 75 2788 647 147 66 151 221 1
1361 2664 71 0 0 0 0 0 999 2956 141 0 0 0 0 0 2815 1210 71 0 0 0 0 0
575 2382 1132 7 0 0 0 0 635 3135 284 42 0 0 0 0 2935 979 168 14 0 0 0 0
2 115 233 519 3227 0 0 0 0 119 127 630 3186 34 0 0 11 143 225 3266 442 9 0 0
0 0 94 399 3600 3 0 0 0 2 123 408 3561 2 0 0 0 18 246 2546 1286 0 0 0
0 0 73 272 3739 12 0 0 0 0 97 269 3719 11 0 0 0 0 176 1853 2067 0 0 0
0 3 58 290 3669 76 0 0 0 5 63 291 3671 66 0 0 0 10 160 690 3236 0 0 0
0 3 28 281 2997 787 0 0 0 3 30 272 2783 1008 0 0 0 5 90 392 3605 4 0 0
0 0 19 161 1642 2274 0 0 0 0 20 165 1483 2428 0 0 0 0 35 260 3695 106 0 0
0 0 0 10 167 1388 2478 53 0 0 0 10 141 1380 2461 104 0 0 1 28 629 1024 2332 82
0 0 0 37 232 3827 0 0 0 0 0 30 224 3842 0 0 0 0 0 75 965 3056 0 0
0 0 0 9 200 3886 1 0 0 0 0 6 191 3878 21 0 0 0 0 29 269 3798 0 0
0 0 34 327 3731 4 0 0 0 0 33 329 3731 3 0 0 0 1 69 819 3206 1 0 0
0 1 56 512 3524 3 0 0 0 1 65 509 3518 3 0 0 0 4 116 1479 2497 0 0 0
0 0 49 377 3667 3 0 0 0 0 46 402 3646 2 0 0 0 0 97 2248 1751 0 0 0
0 1 88 632 3370 5 0 0 0 1 100 691 3302 2 0 0 0 3 217 2826 1050 0 0 0
0 3 69 530 3494 0 0 0 0 2 78 543 3473 0 0 0 0 10 171 3498 417 0 0 0
0 4 130 763 3195 4 0 0 0 5 146 833 3109 3 0 0 0 23 336 3514 223 0 0 0
0 4 105 1106 2881 0 0 0 0 4 121 1441 2530 0 0 0 0 8 255 3775 58 0 0 0
39 22 162 1464 1709 700 0 0 35 27 170 1858 1176 818 12 0 22 56 416 2412 659 527 4 0
539 198 95 293 2045 926 0 0 540 196 95 246 1540 1479 0 0 502 238 103 262 1732 1259 0 0
257 168 98 631 2653 289 0 0 257 171 101 460 2368 739 0 0 256 181 110 875 1907 766 1 0
0 0 0 145 3717 234 0 0 0 0 0 202 3595 299 0 0 0 0 1 840 3066 189 0 0
0 1 139 1540 650 893 873 0 0 2 270 1409 633 1267 515 0 0 47 1495 157 657 1523 217 0
0 63 1346 2687 0 0 0 0 0 62 1658 2376 0 0 0 0 2 285 3764 45 0 0 0 0
0 44 1976 2076 0 0 0 0 0 54 2502 1540 0 0 0 0 0 246 3813 37 0 0 0 0
0 12 903 3181 0 0 0 0 0 17 1442 2637 0 0 0 0 0 92 3854 150 0 0 0 0
0 6 367 3721 2 0 0 0 0 13 561 3520 2 0 0 0 0 52 3321 723 0 0 0 0
0 10 358 3717 11 0 0 0 0 8 419 3665 4 0 0 0 0 67 2286 1742 1 0 0 0
0 6 287 3695 108 0 0 0 0 15 335 3725 21 0 0 0 0 91 1631 2374 0 0 0 0
0 7 228 3558 303 0 0 0 0 11 256 3762 67 0 0 0 0 33 821 3242 0 0 0 0
42 323 769 2335 305 74 91 157 312 512 793 2403 76 0 0 0 453 503 1024 2114 2 0 0 0
189 1869 317 298 353 507 558 5 0 339 1781 325 356 550 648 97 1 1380 798 355 368 600 574 20
1554 1756 147 165 152 208 113 1 233 1696 1452 196 165 179 172 3 315 2672 416 210 163 217 102 1
1385 2711 0 0 0 0 0 0 226 437 3431 2 0 0 0 0 254 2544 1298 0 0 0 0 0
147 1500 626 416 1405 2 0 0 0 7 707 602 2224 556 0 0 0 99 826 1465 1557 149 0 0
0 0 26 217 3835 18 0 0 0 0 30 217 3830 19 0 0 0 0 79 1080 2937 0 0 0
0 8 77 224 3672 115 0 0 0 9 91 222 3662 112 0 0 0 8 148 366 3573 1 0 0
0 2 60 236 2890 908 0 0 0 2 62 231 2732 1069 0 0 0 3 129 304 3645 15 0 0
0 2 18 214 1381 2481 0 0 0 2 16 207 1454 2417 0 0 0 2 50 275 3523 246 0 0
0 0 11 123 597 3365 0 0 0 0 9 120 543 3424 0 0 0 0 17 167 2382 1530 0 0
0 0 0 6 95 1338 2633 24 0 0 0 6 92 1309 2598 91 0 0 0 11 310 1261 2449 65
0 0 6 47 343 3696 4 0 0 0 6 39 322 3713 16 0 0 0 6 67 431 3592 0 0
0 0 11 58 261 3487 279 0 0 0 9 47 252 3067 721 0 0 0 12 69 297 3684 34 0
0 1 24 347 3721 3 0 0 0 1 26 337 3729 3 0 0 0 1 48 803 3244 0 0 0
0 2 53 586 3455 0 0 0 0 2 57 599 3437 1 0 0 0 2 122 1717 2255 0 0 0
0 0 63 512 3521 0 0 0 0 0 57 493 3546 0 0 0 0 0 110 2092 1894 0 0 0
0 2 110 783 3201 0 0 0 0 3 112 813 3168 0 0 0 0 13 227 2976 880 0 0 0
0 0 59 762 3272 3 0 0 0 2 64 873 3153 4 0 0 0 8 138 3391 559 0 0 0
0 8 158 1102 2828 0 0 0 0 9 167 1321 2599 0 0 0 0 28 344 3580 144 0 0 0
0 5 147 1688 2255 1 0 0 0 5 148 2041 1902 0 0 0 0 33 296 3698 69 0 0 0
302 74 202 1742 824 952 0 0 290 88 207 1715 744 1051 1 0 257 131 353 2087 222 1044 2 0
878 546 226 273 1317 856 0 0 868 541 224 247 1001 1215 0 0 653 733 237 277 1145 1051 0 0
1824 534 278 368 1073 19 0 0 1828 523 276 332 1064 73 0 0 1682 666 291 418 994 45 0 0
0 0 0 209 3884 3 0 0 0 0 0 172 3912 12 0 0 0 0 0 1557 2536 3 0 0
0 0 183 1489 1442 976 6 0 0 0 263 1391 1432 1003 7 0 0 16 1425 344 1312 992 7 0
0 53 1322 2719 2 0 0 0 2 57 1682 2353 2 0 0 0 6 241 3719 130 0 0 0 0
2 54 2248 1792 0 0 0 0 1 68 2576 1451 0 0 0 0 5 169 3895 27 0 0 0 0
0 23 1123 2950 0 0 0 0 0 28 1546 2522 0 0 0 0 0 111 3800 185 0 0 0 0
0 30 531 3531 4 0 0 0 0 37 701 3355 3 0 0 0 0 114 2823 1159 0 0 0 0
0 2 220 3865 9 0 0 0 0 5 259 3824 8 0 0 0 0 26 1361 2709 0 0 0 0
0 9 222 3701 164 0 0 0 0 22 258 3781 35 0 0 0 0 69 630 3396 1 0 0 0
0 84 210 3394 408 0 0 0 0 105 231 3582 178 0 0 0 0 163 368 3560 5 0 0 0
79 350 1069 1800 191 103 104 400 491 699 1176 1604 126 0 0 0 676 789 1497 1123 11 0 0 0
1435 2373 110 54 43 56 25 0 27 2190 1656 78 48 59 38 0 122 3513 264 68 52 58 19 0
561 1053 320 330 531 793 507 1 22 1102 636 314 527 778 713 4 108 1270 477 349 601 1005 286 0
1680 2332 24 25 19 14 2 0 0 2029 1999 21 23 17 7 0 5 3667 365 26 17 15 1 0
728 3004 246 91 27 0 0 0 0 51 2880 648 335 180 2 0 0 1083 2255 433 289 36 0 0
38 378 245 228 3127 80 0 0 0 7 264 316 3187 322 0 0 0 65 324 352 3305 50 0 0
0 2 68 184 3229 613 0 0 0 1 65 176 3156 698 0 0 0 4 100 224 3762 6 0 0
0 1 42 205 1821 2027 0 0 0 1 38 196 1461 2400 0 0 0 3 82 248 3632 131 0 0
0 0 9 168 615 3304 0 0 0 0 6 159 525 3406 0 0 0 0 22 201 2262 1611 0 0
0 0 12 117 366 3601 0 0 0 0 13 111 353 3619 0 0 0 0 13 149 864 3070 0 0
0 0 0 2 62 1300 2684 48 0 0 0 0 58 1273 2653 112 0 0 0 3 68 1331 2599 95
0 0 10 36 250 3694 106 0 0 0 10 29 224 3456 377 0 0 0 10 40 293 3671 82 0
0 0 6 34 221 2270 1565 0 0 0 6 25 207 1499 2359 0 0 0 5 34 228 2792 1037 0
0 1 32 405 3658 0 0 0 0 1 31 356 3707 1 0 0 0 1 40 751 3304 0 0 0
0 3 78 780 3234 1 0 0 0 2 68 764 3262 0 0 0 0 4 168 2147 1777 0 0 0
0 1 68 789 3237 1 0 0 0 4 74 810 3208 0 0 0 0 4 150 2920 1022 0 0 0
0 2 130 1370 2594 0 0 0 0 2 134 1352 2608 0 0 0 0 6 244 3397 449 0 0 0
0 5 110 1641 2340 0 0 0 0 4 115 1690 2287 0 0 0 0 6 203 3744 143 0 0 0
0 11 222 2312 1551 0 0 0 0 12 216 2460 1408 0 0 0 0 22 396 3629 49 0 0 0
0 6 182 3055 853 0 0 0 0 6 175 3205 710 0 0 0 0 21 338 3733 4 0 0 0
322 95 193 1436 945 1103 2 0 317 88 194 1428 470 1586 13 0 278 112 274 1382 244 1785 21 0
943 309 187 232 1755 670 0 0 927 318 177 218 974 1482 0 0 809 402 203 229 997 1454 2 0
885 427 232 320 2216 16 0 0 874 423 220 281 2227 71 0 0 832 450 232 343 2169 70 0 0
0 0 0 147 3689 260 0 0 0 0 0 81 3543 472 0 0 0 0 0 437 3130 529 0 0
0 15 377 1662 1197 842 3 0 0 25 557 1445 1171 894 4 0 1 70 1383 584 1134 913 11 0
0 34 1177 2884 1 0 0 0 0 43 1405 2648 0 0 0 0 0 149 3756 191 0 0 0 0
0 45 2257 1794 0 0 0 0 0 41 2388 1667 0 0 0 0 0 144 3888 64 0 0 0 0
279 898 1795 1123 1 0 0 0 237 956 1914 988 1 0 0 0 507 1003 2531 55 0 0 0 0
1776 1936 217 167 0 0 0 0 1793 1941 224 138 0 0 0 0 2200 1629 256 11 0 0 0 0
1453 2401 193 49 0 0 0 0 1492 2381 180 43 0 0 0 0 1936 2018 138 4 0 0 0 0
1315 2691 90 0 0 0 0 0 1516 2517 63 0 0 0 0 0 2508 1574 14 0 0 0 0 0
1596 2498 2 0 0 0 0 0 1640 2456 0 0 0 0 0 0 2288 1808 0 0 0 0 0 0
18 186 124 1391 2377 0 0 0 17 191 129 1648 2111 0 0 0 25 210 388 3407 66 0 0 0
1166 2413 179 222 116 0 0 0 1 2149 1577 211 158 0 0 0 34 3466 291 289 16 0 0 0
2394 1456 47 32 47 110 10 0 487 3167 225 35 46 108 28 0 1079 2751 64 42 75 83 2 0
2920 1176 0 0 0 0 0 0 841 2961 294 0 0 0 0 0 1431 2664 1 0 0 0 0 0
1260 2836 0 0 0 0 0 0 0 1564 2513 19 0 0 0 0 15 3535 546 0 0 0 0 0
661 1315 232 206 1635 47 0 0 63 757 503 702 1880 191 0 0 0 284 1250 693 1858 11 0 0
1157 396 82 109 2093 259 0 0 127 1395 107 103 1873 491 0 0 0 124 1395 193 2369 15 0 0
1112 546 91 152 1134 1061 0 0 34 1587 110 156 997 1212 0 0 0 5 1493 320 1805 473 0 0
1101 761 77 132 604 1421 0 0 16 1800 102 127 446 1605 0 0 0 11 1399 559 845 1282 0 0
976 1017 97 111 282 1613 0 0 5 1906 151 103 234 1697 0 0 0 0 724 1374 315 1683 0 0
322 431 52 44 76 665 2438 68 0 681 96 43 68 676 2428 104 0 0 42 640 142 715 2462 95
806 1221 97 96 170 1490 215 1 0 1746 342 94 148 1349 417 0 0 0 91 1398 740 1449 418 0
1003 1346 63 59 115 993 517 0 0 1777 581 69 105 315 1249 0 0 0 10 551 1768 394 1368 5
0 1 26 405 3661 3 0 0 0 1 26 385 3681 3 0 0 0 1 28 566 3499 2 0 0
0 0 70 913 3110 3 0 0 0 0 68 816 3209 3 0 0 0 2 121 2045 1926 2 0 0
0 0 73 1473 2550 0 0 0 0 3 69 1205 2819 0 0 0 0 2 127 3128 839 0 0 0
0 6 189 2152 1749 0 0 0 0 5 185 1913 1993 0 0 0 0 13 313 3589 181 0 0 0
0 2 115 2498 1481 0 0 0 0 2 120 2125 1849 0 0 0 0 5 229 3765 97 0 0 0
0 16 279 3095 706 0 0 0 0 17 271 3117 691 0 0 0 0 25 425 3627 19 0 0 0
0 3 254 3618 212 9 0 0 0 3 242 3697 143 11 0 0 0 4 425 3639 17 11 0 0
0 0 130 681 657 2604 24 0 0 0 31 603 462 2721 279 0 0 0 3 394 516 2346 837 0
0 0 0 76 2082 1938 0 0 0 0 0 4 893 3196 3 0 0 0 0 0 558 3331 207 0
0 0 0 544 2477 1075 0 0 0 0 0 337 2306 1453 0 0 0 0 0 118 2204 1752 22 0
0 0 98 1037 1743 1218 0 0 0 0 94 937 1691 1374 0 0 0 0 50 881 1713 1449 3 0
0 24 562 1803 267 1427 13 0 0 25 659 1696 177 1526 13 0 0 73 1698 578 169 1533 45 0
0 35 1316 2744 1 0 0 0 0 34 1484 2578 0 0 0 0 0 149 3653 294 0 0 0 0
0 32 2497 1567 0 0 0 0 0 33 2609 1454 0 0 0 0 0 116 3924 56 0 0 0 0
43 985 2072 996 0 0 0 0 41 982 2232 841 0 0 0 0 80 1161 2781 74 0 0 0 0
812 3283 1 0 0 0 0 0 794 3301 1 0 0 0 0 0 1087 3009 0 0 0 0 0 0
214 3881 1 0 0 0 0 0 205 3890 1 0 0 0 0 0 625 3471 0 0 0 0 0 0
77 4001 18 0 0 0 0 0 113 3959 24 0 0 0 0 0 609 3484 3 0 0 0 0 0
80 4016 0 0 0 0 0 0 87 4009 0 0 0 0 0 0 418 3678 0 0 0 0 0 0
1 316 134 1233 2412 0 0 0 0 316 146 1378 2256 0 0 0 11 311 187 3404 183 0 0 0
659 1715 192 429 1100 1 0 0 0 1754 781 448 1112 1 0 0 74 2270 253 1296 203 0 0 0
3107 984 5 0 0 0 0 0 389 3685 22 0 0 0 0 0 1539 2550 7 0 0 0 0 0
3307 789 0 0 0 0 0 0 2277 1625 194 0 0 0 0 0 2771 1322 3 0 0 0 0 0
1439 2324 288 45 0 0 0 0 1 3022 1072 1 0 0 0 0 229 3841 26 0 0 0 0 0
2538 1506 52 0 0 0 0 0 341 2419 1174 158 4 0 0 0 1 886 3100 108 1 0 0 0
3761 335 0 0 0 0 0 0 391 3705 0 0 0 0 0 0 0 168 3911 17 0 0 0 0
3519 577 0 0 0 0 0 0 69 4027 0 0 0 0 0 0 0 0 3318 778 0 0 0 0
3515 581 0 0 0 0 0 0 91 4005 0 0 0 0 0 0 0 1 2165 1930 0 0 0 0
3082 1014 0 0 0 0 0 0 13 4078 5 0 0 0 0 0 0 0 739 3349 8 0 0 0
1087 604 46 28 35 42 2240 14 1 1589 96 50 30 43 2177 110 0 0 20 1419 231 128 2209 89
2215 1315 50 33 44 51 385 3 0 3186 384 40 49 51 383 3 0 0 24 1228 2381 92 371 0
2643 1453 0 0 0 0 0 0 0 3492 604 0 0 0 0 0 0 0 1 376 3714 5 0 0
0 1 43 491 3557 4 0 0 0 1 38 490 3563 4 0 0 0 1 47 509 3535 4 0 0
0 3 98 1451 2543 1 0 0 0 2 94 1293 2706 1 0 0 0 4 112 1832 2147 1 0 0
0 3 133 2400 1560 0 0 0 0 2 124 2144 1826 0 0 0 0 4 197 3290 605 0 0 0
0 10 230 3083 773 0 0 0 0 8 204 2817 1067 0 0 0 0 10 341 3628 117 0 0 0
0 6 225 3415 450 0 0 0 0 5 195 3241 655 0 0 0 0 7 293 3725 71 0 0 0
0 25 514 3442 115 0 0 0 0 23 478 3452 143 0 0 0 0 37 768 3283 8 0 0 0
0 13 394 2701 107 803 78 0 0 12 376 2713 104 492 399 0 0 25 527 2572 84 219 669 0
0 0 0 17 566 3511 2 0 0 0 0 0 330 3495 271 0 0 0 0 0 35 1867 2194 0
0 0 0 16 1096 2960 24 0 0 0 0 1 552 3216 327 0 0 0 0 0 328 2745 1023 0
0 0 5 703 2098 1290 0 0 0 0 2 603 1979 1512 0 0 0 0 2 444 1943 1612 95 0
0 0 6 625 1594 1851 20 0 0 0 2 549 1281 2195 69 0 0 0 4 304 1311 2376 96 5
110 492 1717 652 157 857 111 0 102 508 1739 617 68 709 353 0 184 676 1894 208 56 601 476 1
0 68 1939 2089 0 0 0 0 1 66 2247 1782 0 0 0 0 0 145 3826 125 0 0 0 0
0 91 2954 1051 0 0 0 0 0 87 2948 1061 0 0 0 0 1 204 3836 55 0 0 0 0
32 867 2075 1122 0 0 0 0 26 872 2162 1036 0 0 0 0 128 910 2950 108 0 0 0 0
373 3723 0 0 0 0 0 0 313 3783 0 0 0 0 0 0 768 3328 0 0 0 0 0 0
396 3658 42 0 0 0 0 0 458 3627 11 0 0 0 0 0 925 3171 0 0 0 0 0 0
266 2488 381 309 309 273 70 0 336 2564 465 279 275 170 7 0 677 2546 368 256 171 78 0 0
37 4057 2 0 0 0 0 0 47 4047 2 0 0 0 0 0 343 3751 2 0 0 0 0 0
3 363 159 1381 2189 1 0 0 7 366 155 1668 1899 1 0 0 21 378 230 3374 93 0 0 0
1134 656 179 542 1585 0 0 0 967 728 271 563 1567 0 0 0 979 816 258 1680 363 0 0 0
3001 1095 0 0 0 0 0 0 1357 2611 128 0 0 0 0 0 1895 2200 1 0 0 0 0 0
2956 799 341 0 0 0 0 0 2283 1811 2 0 0 0 0 0 2979 1117 0 0 0 0 0 0
196 519 3243 138 0 0 0 0 212 3398 486 0 0 0 0 0 1863 2223 10 0 0 0 0 0
3475 555 59 7 0 0 0 0 1017 2721 243 90 15 10 0 0 713 431 2867 72 13 0 0 0
3862 234 0 0 0 0 0 0 257 3839 0 0 0 0 0 0 0 27 3982 87 0 0 0 0
2577 671 102 106 76 148 278 138 48 3178 157 114 122 191 252 34 2 101 2868 593 154 281 75 22
2977 991 63 11 11 31 12 0 55 3907 74 17 21 22 0 0 29 152 1292 2599 24 0 0 0
3000 1096 0 0 0 0 0 0 4 4076 16 0 0 0 0 0 0 0 253 3624 219 0 0 0
1245 683 31 35 31 51 2011 9 0 1761 163 28 42 43 2010 49 0 0 2 1318 542 144 1961 129
1925 1342 68 41 41 54 625 0 0 2866 462 46 45 57 620 0 0 0 34 1170 2194 92 606 0
2593 1503 0 0 0 0 0 0 0 3471 625 0 0 0 0 0 0 0 9 632 3451 4 0 0
2552 237 103 823 381 0 0 0 2560 233 100 763 440 0 0 0 2481 309 106 773 427 0 0 0
2725 215 145 931 80 0 0 0 2730 210 140 865 151 0 0 0 2696 248 147 900 105 0 0 0
1980 418 278 1133 279 8 0 0 2026 443 350 1196 81 0 0 0 2173 567 631 711 14 0 0 0
737 570 544 703 619 678 245 0 764 615 628 885 651 539 14 0 784 761 912 957 482 200 0 0
3152 183 215 546 0 0 0 0 3153 182 188 573 0 0 0 0 3138 205 293 460 0 0 0 0
3301 167 309 319 0 0 0 0 3301 167 289 339 0 0 0 0 3299 174 417 206 0 0 0 0
2235 426 591 176 79 508 81 0 2225 413 567 219 68 300 304 0 2134 505 629 157 72 143 456 0
1093 370 402 186 112 1721 212 0 1077 352 371 246 97 1344 609 0 1054 361 371 255 101 743 1211 0
745 294 244 130 958 1685 40 0 740 292 235 137 506 1987 199 0 709 338 251 99 400 1988 311 0
571 201 137 119 1207 1861 0 0 572 199 129 127 1021 2048 0 0 555 206 153 130 841 2201 10 0
620 161 188 128 739 1615 629 16 625 156 193 130 662 1527 736 67 626 167 195 115 726 1393 473 401
784 251 1658 695 64 349 187 108 797 243 1648 697 63 215 289 144 801 274 2095 203 58 84 377 204
9 84 2774 1229 0 0 0 0 8 84 2563 1441 0 0 0 0 9 215 3740 132 0 0 0 0
33 208 3423 432 0 0 0 0 35 205 3426 430 0 0 0 0 36 456 3584 20 0 0 0 0
7 767 2646 676 0 0 0 0 7 753 2715 621 0 0 0 0 45 894 3127 30 0 0 0 0
456 3640 0 0 0 0 0 0 417 3679 0 0 0 0 0 0 802 3294 0 0 0 0 0 0
642 3217 199 38 0 0 0 0 436 3051 314 151 129 15 0 0 805 2786 258 148 86 13 0 0
426 702 824 812 618 668 45 1 433 1076 1017 542 748 252 28 0 700 1815 626 531 344 60 19 1
401 3600 59 36 0 0 0 0 335 3606 20 17 40 43 35 0 693 3246 24 32 43 50 8 0
34 496 194 1272 2100 0 0 0 34 491 188 1563 1820 0 0 0 70 490 227 3177 132 0 0 0
1763 122 167 548 1496 0 0 0 1768 121 159 549 1499 0 0 0 1760 138 250 1710 238 0 0 0
3563 221 312 0 0 0 0 0 3579 515 2 0 0 0 0 0 3759 337 0 0 0 0 0 0
843 1774 1479 0 0 0 0 0 946 3138 12 0 0 0 0 0 2840 1256 0 0 0 0 0 0
2968 324 804 0 0 0 0 0 3013 1076 7 0 0 0 0 0 3601 495 0 0 0 0 0 0
3623 473 0 0 0 0 0 0 1724 2372 0 0 0 0 0 0 1308 707 2076 5 0 0 0 0
3795 301 0 0 0 0 0 0 271 3824 1 0 0 0 0 0 0 63 3798 235 0 0 0 0
706 773 294 1112 532 423 212 44 19 1510 1301 563 379 201 114 9 179 1083 1914 541 188 159 29 3
1753 1250 319 214 220 264 75 1 43 2867 424 253 339 167 3 0 94 383 722 2570 307 20 0 0
2800 1296 0 0 0 0 0 0 1 3955 140 0 0 0 0 0 0 0 66 3499 531 0 0 0
1379 684 48 25 31 52 1756 121 0 1854 204 42 36 55 1656 249 0 0 0 743 1230 153 1645 325
712 1368 385 186 346 161 934 4 407 1678 478 379 147 106 898 3 560 1000 549 565 477 240 702 3
2387 1709 0 0 0 0 0 0 11 3671 414 0 0 0 0 0 5 55 54 855 3125 2 0 0
2241 225 77 54 51 597 851 0 2230 243 46 99 30 370 1077 1 2146 330 88 72 166 1044 250 0
2171 277 102 24 46 613 863 0 2130 310 108 26 50 439 1031 2 2041 401 121 55 199 1171 108 0
908 282 139 437 794 643 893 0 948 290 347 855 138 448 1069 1 1007 639 835 106 208 1266 35 0
177 80 152 566 1112 1140 869 0 166 153 359 1218 559 656 985 0 156 428 1247 567 458 1238 2 0
2125 302 71 37 91 734 736 0 2069 358 73 51 73 553 919 0 1788 673 44 103 311 1166 11 0
2081 322 56 51 59 714 813 0 2017 357 124 9 80 502 1007 0 1721 704 75 39 341 1213 3 0
3394 169 54 33 24 207 214 1 3365 187 69 27 33 163 251 1 3265 316 48 38 116 305 7 1
3973 123 0 0 0 0 0 0 3969 127 0 0 0 0 0 0 3979 117 0 0 0 0 0 0
4060 27 9 0 0 0 0 0 4061 25 10 0 0 0 0 0 4060 28 8 0 0 0 0 0
3003 527 314 236 16 0 0 0 3016 504 319 255 2 0 0 0 3033 546 288 229 0 0 0 0
2572 337 227 52 31 531 346 0 2545 355 223 68 30 360 515 0 2509 410 256 34 185 701 1 0
1950 347 41 106 234 1053 365 0 1951 343 79 71 280 811 561 0 1912 418 82 241 542 896 5 0
653 334 1144 252 1178 535 0 0 651 335 1152 272 1489 197 0 0 652 414 1278 1569 183 0 0 0
801 477 965 146 1091 616 0 0 785 487 978 163 1456 227 0 0 819 620 968 1415 274 0 0 0
1 359 1767 227 1116 626 0 0 1 350 1775 236 1407 327 0 0 1 417 1911 1428 339 0 0 0
453 1589 218 102 114 1492 128 0 429 1683 145 119 77 1482 161 0 502 1682 102 128 938 744 0 0
569 1330 160 125 110 703 1099 0 41 985 876 216 141 568 1269 0 82 1425 462 218 299 1371 239 0
162 1132 313 228 221 662 1367 11 0 308 418 761 426 531 1558 94 29 397 640 585 417 1606 346 76
515 1330 265 111 111 450 1312 2 380 625 284 438 484 480 1401 4 432 657 375 504 517 1317 294 0
91 230 89 555 1271 276 1584 0 84 240 87 634 1211 289 1551 0 129 212 108 1567 424 1180 476 0
234 374 865 402 380 180 1661 0 253 874 539 276 331 244 1577 2 478 913 364 426 307 993 615 0
362 258 1132 380 81 153 1729 1 387 891 799 95 77 208 1633 6 604 1188 349 105 240 958 652 0
1516 270 328 51 69 106 1743 13 1544 477 93 83 50 170 1629 50 1663 372 126 76 189 835 835 0
1831 210 52 72 52 118 1746 15 1809 219 93 62 48 198 1625 42 1709 360 75 82 221 766 883 0
1640 374 108 54 83 181 1622 34 589 1404 111 80 88 222 1522 80 436 288 1153 312 213 712 982 0
1085 664 205 190 124 169 1331 328 50 1491 425 192 103 187 1110 538 34 338 1025 727 217 484 1258 13
297 823 425 438 129 212 1309 463 2 411 831 562 212 256 1172 650 75 463 531 722 270 598 1368 69
226 705 672 423 116 210 1205 539 0 306 358 510 648 461 1143 670 16 336 298 559 867 567 1407 46
711 878 238 143 158 257 1198 513 0 993 351 419 241 383 1075 634 0 20 170 976 923 601 1396 10
602 567 224 156 88 142 1183 1134 0 1116 359 63 105 190 997 1266 72 189 52 378 954 400 1048 1003
240 372 401 514 263 275 1227 804 309 486 666 275 169 260 1054 877 396 937 372 165 224 615 1025 362
778 1025 129 118 90 293 1214 449 6 1283 602 131 105 345 1128 496 2 46 93 422 1419 846 1206 62
3936 160 0 0 0 0 0 0 3885 211 0 0 0 0 0 0 3453 643 0 0 0 0 0 0
3371 725 0 0 0 0 0 0 3200 316 576 4 0 0 0 0 3012 828 256 0 0 0 0 0
1409 1439 285 666 296 1 0 0 698 934 1718 742 4 0 0 0 748 2810 537 1 0 0 0 0
242 1020 594 1205 825 210 0 0 13 35 2198 1519 278 53 0 0 14 1744 1902 343 93 0 0 0
1386 2595 115 0 0 0 0 0 928 123 655 1618 753 19 0 0 908 428 1416 1085 258 1 0 0
3364 516 216 0 0 0 0 0 3254 163 87 175 338 79 0 0 2981 446 161 277 231 0 0 0
4003 93 0 0 0 0 0 0 3996 100 0 0 0 0 0 0 3941 155 0 0 0 0 0 0
4096 0 0 0 0 0 0 0 4096 0 0 0 0 0 0 0 4096 0 0 0 0 0 0 0
4096 0 0 0 0 0 0 0 4096 0 0 0 0 0 0 0 4096 0 0 0 0 0 0 0
3577 275 99 53 79 13 0 0 3564 262 171 94 5 0 0 0 3673 409 14 0 0 0 0 0
1586 1235 704 255 247 68 1 0 2147 1215 363 308 62 1 0 0 2707 1152 129 78 29 1 0 0
3971 125 0 0 0 0 0 0 3975 121 0 0 0 0 0 0 3961 135 0 0 0 0 0 0
588 537 2949 22 0 0 0 0 595 522 2943 36 0 0 0 0 623 721 2742 10 0 0 0 0
613 598 2882 3 0 0 0 0 612 593 2888 3 0 0 0 0 621 1387 2088 0 0 0 0 0
0 632 3427 37 0 0 0 0 0 591 3428 77 0 0 0 0 4 841 3247 4 0 0 0 0
157 2741 205 856 137 0 0 0 137 2932 826 201 0 0 0 0 502 3269 324 1 0 0 0 0
1661 1609 340 347 50 89 0 0 314 2956 572 84 63 101 6 0 1020 2753 106 84 81 52 0 0
601 2217 216 137 184 221 443 77 6 871 1590 515 238 239 349 288 35 1876 910 281 180 233 391 190
618 2272 354 396 210 199 47 0 247 2307 793 337 253 159 0 0 877 2289 489 256 181 4 0 0
74 799 165 1519 1539 0 0 0 98 772 171 1549 1506 0 0 0 270 645 197 2926 58 0 0 0
2120 1176 723 77 0 0 0 0 2388 1583 111 14 0 0 0 0 3115 942 33 6 0 0 0 0
3739 146 209 2 0 0 0 0 3777 314 5 0 0 0 0 0 3979 117 0 0 0 0 0 0
4096 0 0 0 0 0 0 0 4096 0 0 0 0 0 0 0 4096 0 0 0 0 0 0 0
4081 15 0 0 0 0 0 0 4081 15 0 0 0 0 0 0 4081 15 0 0 0 0 0 0
3598 436 59 3 0 0 0 0 1411 2635 50 0 0 0 0 0 1165 510 2315 106 0 0 0 0
1058 1155 599 906 377 1 0 0 298 2270 1418 110 0 0 0 0 772 2699 511 114 0 0 0 0
849 2008 235 165 182 228 366 63 23 1963 853 266 204 214 401 172 160 2010 526 365 228 224 394 189
923 2364 163 173 200 62 114 97 33 1106 1683 814 132 52 73 203 46 1767 1502 358 86 63 67 207
503 1295 347 326 784 478 350 13 2 1169 1301 680 491 366 80 7 64 1259 1173 969 423 187 20 1
1410 2130 414 116 22 4 0 0 4 2244 1312 362 110 57 7 0 239 2043 983 568 224 35 4 0
770 2146 1004 175 1 0 0 0 46 939 1565 697 322 431 96 0 188 1834 935 521 362 254 2 0
1984 1536 407 169 0 0 0 0 26 2626 449 221 278 362 134 0 18 52 198 1397 2147 280 4 0
3764 332 0 0 0 0 0 0 3677 402 17 0 0 0 0 0 3437 659 0 0 0 0 0 0
1931 2165 0 0 0 0 0 0 513 1117 2264 202 0 0 0 0 533 2474 1089 0 0 0 0 0
1801 2295 0 0 0 0 0 0 1 1114 2486 495 0 0 0 0 30 2950 1094 22 0 0 0 0
1048 3037 1 4 6 0 0 0 0 61 2873 1146 14 2 0 0 0 812 3105 171 6 2 0 0
502 1444 641 1125 302 70 12 0 0 314 2841 761 133 21 22 4 30 1732 1935 310 48 18 20 3
1347 1751 97 163 501 234 3 0 844 629 801 1276 524 22 0 0 809 1177 1111 935 64 0 0 0
3960 136 0 0 0 0 0 0 3943 153 0 0 0 0 0 0 3676 420 0 0 0 0 0 0
4096 0 0 0 0 0 0 0 4096 0 0 0 0 0 0 0 4096 0 0 0 0 0 0 0
4096 0 0 0 0 0 0 0 4096 0 0 0 0 0 0 0 4096 0 0 0 0 0 0 0
3974 119 3 0 0 0 0 0 3974 119 3 0 0 0 0 0 3974 120 2 0 0 0 0 0
1761 1110 610 332 257 26 0 0 1798 1463 446 345 44 0 0 0 2242 1541 247 52 14 0 0 0
1807 2264 25 0 0 0 0 0 1771 2264 61 0 0 0 0 0 1785 2245 66 0 0 0 0 0
1887 873 1335 1 0 0 0 0 1872 840 1383 1 0 0 0 0 1897 1125 1073 1 0 0 0 0
1704 1321 1071 0 0 0 0 0 1701 1215 1180 0 0 0 0 0 1709 1816 571 0 0 0 0 0
579 650 2810 57 0 0 0 0 581 630 2765 120 0 0 0 0 595 767 2704 30 0 0 0 0
180 2465 181 333 457 480 0 0 164 2536 393 418 441 144 0 0 320 2650 502 321 300 3 0 0
2170 1744 72 24 28 58 0 0 478 3171 327 37 67 16 0 0 772 3141 76 41 59 7 0 0
2118 1965 13 0 0 0 0 0 340 2152 730 659 215 0 0 0 626 2306 686 468 10 0 0 0
306 2379 416 283 180 250 179 103 202 2285 682 336 171 254 141 25 358 2514 543 220 213 172 76 0
225 811 516 1391 909 145 89 10 256 1105 343 1260 980 115 36 1 503 1031 323 2010 134 77 18 0
937 211 2924 24 0 0 0 0 967 2873 256 0 0 0 0 0 2538 1558 0 0 0 0 0 0
1805 698 1508 67 18 0 0 0 1897 2055 65 57 22 0 0 0 3692 289 49 56 10 0 0 0
3202 482 149 94 169 0 0 0 3214 474 142 93 172 1 0 0 3323 391 139 124 119 0 0 0
2392 525 659 436 84 0 0 0 2433 819 694 150 0 0 0 0 2509 1359 228 0 0 0 0 0
2517 597 614 335 33 0 0 0 1066 2087 734 209 0 0 0 0 966 1054 1852 224 0 0 0 0
2161 783 699 394 59 0 0 0 133 2883 855 225 0 0 0 0 111 820 2542 622 1 0 0 0
1878 1968 185 65 0 0 0 0 34 3223 778 61 0 0 0 0 345 2805 696 250 0 0 0 0
2128 1966 2 0 0 0 0 0 63 2359 1582 90 2 0 0 0 194 3018 861 23 0 0 0 0
1723 2192 89 40 26 26 0 0 27 2212 1220 498 100 26 13 0 149 1509 1025 1241 129 37 6 0
534 1775 304 229 315 597 340 2 0 892 1321 404 295 482 674 28 22 1177 981 396 363 548 590 19
1945 1825 70 49 56 151 0 0 221 2590 973 84 56 162 10 0 514 2989 329 58 82 124 0 0
1351 2388 241 116 0 0 0 0 11 1596 1542 822 118 7 0 0 91 1058 1371 1118 455 3 0 0
3088 1008 0 0 0 0 0 0 2414 873 809 0 0 0 0 0 2329 1679 88 0 0 0 0 0
2199 1897 0 0 0 0 0 0 132 2377 1573 14 0 0 0 0 441 3281 374 0 0 0 0 0
1249 1713 209 151 156 503 115 0 32 1494 1472 219 161 387 328 3 267 1967 865 184 187 515 110 1
233 1490 292 224 245 430 1182 0 0 126 1377 500 290 347 1407 49 2 731 831 425 311 407 1366 23
693 1936 251 353 259 333 270 1 200 472 2128 423 145 236 471 21 255 1885 788 318 160 273 413 4
430 565 225 358 1984 534 0 0 153 537 753 2085 453 115 0 0 291 2442 956 337 70 0 0 0
2581 367 764 383 1 0 0 0 2576 941 512 65 2 0 0 0 3531 432 108 25 0 0 0 0
4096 0 0 0 0 0 0 0 4096 0 0 0 0 0 0 0 4096 0 0 0 0 0 0 0
4096 0 0 0 0 0 0 0 4096 0 0 0 0 0 0 0 4096 0 0 0 0 0 0 0
3896 133 30 9 13 15 0 0 3884 76 104 28 4 0 0 0 3941 155 0 0 0 0 0 0
1363 1088 930 320 184 207 4 0 1566 1648 473 344 47 16 2 0 2988 1002 51 21 17 14 3 0
1400 1396 486 807 7 0 0 0 1664 1695 737 0 0 0 0 0 3658 438 0 0 0 0 0 0
521 1612 1727 235 1 0 0 0 824 2599 671 2 0 0 0 0 2577 1505 14 0 0 0 0 0
999 1295 1792 10 0 0 0 0 1063 2050 983 0 0 0 0 0 1571 2486 39 0 0 0 0 0
580 1171 2252 93 0 0 0 0 610 1336 2146 4 0 0 0 0 710 2562 824 0 0 0 0 0
334 2708 428 431 133 62 0 0 378 3046 489 103 79 1 0 0 832 3010 157 84 13 0 0 0
2424 649 253 396 256 118 0 0 2350 867 486 223 169 1 0 0 2040 1591 262 190 13 0 0 0
2824 320 339 328 81 204 0 0 2775 609 386 70 213 43 0 0 2828 939 107 183 39 0 0 0
818 1834 576 279 279 310 0 0 797 2228 441 271 337 22 0 0 987 2317 451 335 6 0 0 0
417 2159 979 470 51 19 1 0 622 2335 734 386 18 1 0 0 1851 1360 847 38 0 0 0 0
0 712 2744 640 0 0 0 0 55 3367 659 15 0 0 0 0 2644 1374 71 7 0 0 0 0
757 873 639 1499 328 0 0 0 856 1142 400 1606 92 0 0 0 1642 554 1005 895 0 0 0 0
1019 1034 337 1160 544 2 0 0 1117 1068 252 1287 372 0 0 0 1701 649 490 1256 0 0 0 0
1361 1013 720 886 97 19 0 0 1424 1270 874 444 59 24 1 0 1659 1604 609 185 32 7 0 0
1402 976 280 707 664 67 0 0 1426 1021 602 740 302 5 0 0 1788 1123 653 408 124 0 0 0
1338 1383 470 890 15 0 0 0 1379 1529 944 244 0 0 0 0 2145 1858 93 0 0 0 0 0
2381 625 433 655 2 0 0 0 2259 1145 577 115 0 0 0 0 2821 1197 78 0 0 0 0 0
1622 367 146 435 469 771 286 0 1501 414 572 462 468 678 1 0 1496 636 721 416 783 44 0 0
783 1317 903 578 420 94 1 0 747 1556 1142 450 192 9 0 0 1229 1686 894 262 24 1 0 0
2060 1955 80 1 0 0 0 0 355 3654 86 1 0 0 0 0 1476 2574 45 1 0 0 0 0
1261 571 887 1368 9 0 0 0 834 1926 1335 1 0 0 0 0 2339 1754 3 0 0 0 0 0
1080 1735 599 585 97 0 0 0 593 1263 1339 581 287 33 0 0 1080 1645 941 355 75 0 0 0
1537 1111 1008 389 51 0 0 0 1322 1805 870 99 0 0 0 0 2499 1536 61 0 0 0 0 0
1572 1625 386 376 137 0 0 0 138 2342 1339 277 0 0 0 0 639 3043 414 0 0 0 0 0
2274 1822 0 0 0 0 0 0 106 2881 1109 0 0 0 0 0 403 3684 9 0 0 0 0 0
1965 2131 0 0 0 0 0 0 0 2052 2043 1 0 0 0 0 28 3809 259 0 0 0 0 0
1460 2635 1 0 0 0 0 0 90 1820 2016 170 0 0 0 0 358 3239 484 15 0 0 0 0
473 2057 779 375 412 0 0 0 503 2045 986 511 51 0 0 0 1504 2230 283 68 11 0 0 0
1395 1855 577 268 1 0 0 0 1451 2193 448 4 0 0 0 0 2522 1573 1 0 0 0 0 0
2347 353 544 849 3 0 0 0 2390 550 1152 4 0 0 0 0 3354 742 0 0 0 0 0 0
3330 477 260 29 0 0 0 0 3404 619 73 0 0 0 0 0 3819 277 0 0 0 0 0 0
1434 818 716 433 217 476 2 0 1657 673 1088 583 95 0 0 0 2771 1258 67 0 0 0 0 0
566 1697 697 598 419 59 58 2 1099 1786 546 524 48 62 31 0 1759 2085 104 43 46 52 7 0
0 1182 658 1202 1050 4 0 0 2 1752 1133 1198 11 0 0 0 1020 3064 12 0 0 0 0 0
0 1124 396 1226 1117 233 0 0 8 1316 1310 1067 395 0 0 0 903 2854 339 0 0 0 0 0
71 678 279 1105 1636 326 1 0 71 745 848 1797 622 13 0 0 251 3165 662 17 1 0 0 0
7 231 328 1099 1721 703 7 0 2 235 730 1968 1035 126 0 0 73 2069 1750 202 2 0 0 0
0 80 660 1665 1512 179 0 0 0 154 2104 1576 258 4 0 0 305 3501 278 12 0 0 0 0
14 40 223 2135 1619 65 0 0 23 88 2256 1573 156 0 0 0 691 2933 432 40 0 0 0 0
0 0 504 1146 1406 1038 2 0 0 534 1144 1477 903 38 0 0 689 2032 786 576 13 0 0 0
0 0 267 1406 1550 873 0 0 0 265 1450 1545 836 0 0 0 395 2310 1020 371 0 0 0 0
0 747 680 630 1530 509 0 0 2 1328 532 1218 1013 3 0 0 922 1791 1257 126 0 0 0 0
0 600 2726 373 234 163 0 0 2 3163 490 174 262 5 0 0 1452 2205 297 142 0 0 0 0
0 0 3 118 666 3309 0 0 0 0 3 161 3823 109 0 0 0 0 1602 2479 15 0 0 0
0 0 0 210 485 3400 1 0 0 0 0 243 3514 339 0 0 0 0 659 3436 1 0 0 0
2 67 675 1928 384 1040 0 0 5 472 1670 761 969 219 0 0 78 1833 1058 1125 2 0 0 0
30 198 213 3269 386 0 0 0 6 219 2027 1843 1 0 0 0 0 1038 3045 13 0 0 0 0
130 484 483 2972 27 0 0 0 22 590 1779 1705 0 0 0 0 0 571 3507 18 0 0 0 0
27 257 509 2989 189 87 37 1 1 879 1973 1108 75 51 9 0 556 1213 2096 152 57 22 0 0
0 8 347 1288 980 1311 162 0 0 409 860 1477 1085 259 6 0 12 1025 1664 1031 287 77 0 0
185 561 535 2557 255 3 0 0 3 876 880 2292 45 0 0 0 18 316 2675 1086 1 0 0 0
1751 1057 300 981 7 0 0 0 626 2264 777 429 0 0 0 0 1333 2036 525 202 0 0 0 0
1221 466 513 1894 2 0 0 0 686 1643 1753 14 0 0 0 0 1839 2190 67 0 0 0 0 0
1248 2014 471 363 0 0 0 0 50 1394 1698 782 119 52 1 0 242 1832 1355 579 73 15 0 0
32 1223 828 495 1516 2 0 0 51 1662 903 1478 2 0 0 0 794 3250 52 0 0 0 0 0
81 790 384 1233 1607 1 0 0 14 651 1482 1933 16 0 0 0 165 3013 918 0 0 0 0 0
2460 1636 0 0 0 0 0 0 88 3508 500 0 0 0 0 0 717 3372 7 0 0 0 0 0
2711 1385 0 0 0 0 0 0 242 3154 700 0 0 0 0 0 722 3371 3 0 0 0 0 0
2368 1728 0 0 0 0 0 0 112 2938 1006 39 1 0 0 0 541 3250 296 9 0 0 0 0
390 1416 490 574 1106 120 0 0 0 348 802 1570 1309 67 0 0 165 1819 733 1002 377 0 0 0
0 0 4 662 2709 721 0 0 0 0 696 2576 824 0 0 0 339 3560 197 0 0 0 0 0
0 0 5 689 2663 739 0 0 0 0 426 1863 1793 14 0 0 81 1755 1803 456 1 0 0 0
63 254 745 1397 1257 380 0 0 83 650 1345 1507 511 0 0 0 625 3079 392 0 0 0 0 0
0 0 188 1536 2186 186 0 0 0 59 1484 1531 1022 0 0 0 355 1812 1817 112 0 0 0 0
0 66 115 155 2518 1242 0 0 0 119 174 2199 1552 52 0 0 54 2059 1858 85 40 0 0 0
0 0 0 0 2398 1636 62 0 0 0 2 2098 1525 470 1 0 112 3148 319 248 269 0 0 0
0 0 0 9 689 3254 144 0 0 0 27 570 3057 425 17 0 33 1298 2379 246 139 1 0 0
0 0 0 7 396 3613 79 1 0 0 33 322 3409 321 11 0 49 1075 2727 214 31 0 0 0
0 0 0 0 243 3759 94 0 0 0 7 226 3204 659 0 0 10 695 3351 40 0 0 0 0
0 0 0 9 822 3265 0 0 0 0 58 676 3348 14 0 0 61 2879 1156 0 0 0 0 0
0 0 2 1499 1032 1562 1 0 0 13 1752 714 1615 2 0 0 210 3411 475 0 0 0 0 0
0 0 1 443 1578 2073 1 0 0 10 799 1171 2112 4 0 0 451 3255 390 0 0 0 0 0
0 0 19 1583 1239 1254 1 0 0 183 1696 1033 1172 12 0 0 1053 2037 932 74 0 0 0 0
0 442 1612 148 672 1220 2 0 0 2003 183 648 1247 15 0 0 1438 1880 775 3 0 0 0 0
0 82 2107 526 216 910 255 0 0 2117 609 176 453 741 0 0 1203 1629 544 720 0 0 0 0
0 0 0 0 3 3243 850 0 0 0 0 0 1280 2816 0 0 0 0 1036 3060 0 0 0 0
0 0 0 0 3 3002 1091 0 0 0 0 0 792 3304 0 0 0 0 432 3663 1 0 0 0
0 16 896 1333 203 1298 350 0 0 498 1450 463 421 1264 0 0 158 1605 873 1459 1 0 0 0
0 0 6 2015 1795 280 0 0 0 1 1470 1869 756 0 0 0 1 1205 2822 68 0 0 0 0
0 0 0 484 3248 364 0 0 0 0 85 2840 1158 13 0 0 0 148 3509 425 14 0 0 0
0 0 17 1271 2417 332 44 15 0 9 888 2126 923 90 44 16 1 781 2599 520 78 77 32 8
0 0 8 340 2133 1480 135 0 0 2 756 1528 1433 377 0 0 94 914 1177 1397 514 0 0 0
5 327 236 1159 2113 250 6 0 0 405 742 2068 789 89 3 0 36 645 2328 941 126 20 0 0
331 400 1900 1157 306 2 0 0 256 1874 1516 419 31 0 0 0 1139 2156 589 212 0 0 0 0
1424 420 442 793 673 342 2 0 700 1162 372 668 774 418 2 0 912 989 314 426 812 513 130 0
297 1037 409 383 1571 399 0 0 0 483 723 771 1700 419 0 0 0 505 683 802 1364 742 0 0
0 0 0 2 3533 561 0 0 0 0 4 3469 623 0 0 0 5 3463 628 0 0 0 0 0
24 109 104 409 3130 320 0 0 0 85 319 3193 499 0 0 0 7 2447 1642 0 0 0 0 0
3047 651 69 82 224 23 0 0 1733 1852 204 155 152 0 0 0 2071 1642 276 107 0 0 0 0
3035 1061 0 0 0 0 0 0 1887 1981 228 0 0 0 0 0 2165 1923 8 0 0 0 0 0
3262 832 2 0 0 0 0 0 2277 1145 387 286 1 0 0 0 2457 1156 454 29 0 0 0 0
2052 727 239 126 345 451 144 12 1940 569 211 395 679 216 71 15 1753 1290 305 361 188 176 8 15
0 0 3 101 1335 2657 0 0 0 3 130 922 3041 0 0 0 95 2950 1051 0 0 0 0 0
0 0 0 31 2535 1530 0 0 0 0 52 840 3203 1 0 0 36 1036 2826 198 0 0 0 0
0 0 263 1204 1594 1035 0 0 0 61 1073 1591 1361 10 0 0 99 2045 1944 8 0 0 0 0
0 0 0 83 3221 792 0 0 0 0 20 1875 2201 0 0 0 18 1075 2939 64 0 0 0 0
0 0 0 11 2185 1877 23 0 0 0 7 1666 1806 612 5 0 5 395 3043 257 396 0 0 0
0 0 0 32 515 3348 201 0 0 0 113 327 2521 1060 75 0 125 1400 1723 441 406 1 0 0
0 0 0 7 75 3785 229 0 0 0 9 47 1935 2104 1 0 15 505 3118 447 11 0 0 0
0 0 0 0 89 3888 119 0 0 0 0 45 1855 2196 0 0 0 216 3748 132 0 0 0 0
0 0 0 0 74 3723 299 0 0 0 0 49 1509 2537 1 0 0 121 3628 347 0 0 0 0
0 0 0 2 367 3711 16 0 0 0 4 347 3369 376 0 0 20 1590 2485 1 0 0 0 0
10 63 123 1509 488 1895 8 0 18 155 1614 392 1743 174 0 0 529 2389 1175 3 0 0 0 0
0 1 2 27 245 3755 66 0 0 1 42 198 3049 806 0 0 43 1890 2163 0 0 0 0 0
95 73 138 911 710 2138 31 0 104 195 1026 541 1669 561 0 0 476 1940 1611 43 26 0 0 0
0 334 2192 205 262 1103 0 0 0 2391 338 236 1050 81 0 0 1533 1989 574 0 0 0 0 0
0 2 679 360 184 459 2381 31 0 649 390 156 182 2440 277 2 600 515 216 2346 378 41 0 0
0 0 10 167 100 576 3187 56 0 0 3 176 194 3298 412 13 0 1 121 3278 512 176 8 0
0 0 15 929 151 247 2632 122 0 0 5 954 166 2359 579 33 0 0 31 3211 613 231 10 0
827 220 239 1566 226 164 802 52 829 239 989 959 131 734 200 15 843 837 1085 1044 214 70 3 0
430 1899 187 678 403 451 48 0 139 2104 685 430 511 187 40 0 131 502 2608 613 137 101 4 0
379 2913 74 57 106 436 96 35 1 3149 215 66 333 211 82 39 0 0 2242 1451 181 139 71 12
198 2437 192 760 402 58 25 24 0 2556 918 471 80 20 25 26 3 538 2285 1176 24 30 28 12
13 769 295 1168 854 997 0 0 0 860 1668 620 948 0 0 0 586 1051 1124 1335 0 0 0 0
4 317 2837 691 244 3 0 0 0 2746 1087 255 8 0 0 0 1712 1674 413 296 1 0 0 0
0 294 3258 544 0 0 0 0 2 3346 748 0 0 0 0 0 2281 1753 62 0 0 0 0 0
0 5 84 404 952 2646 5 0 0 24 402 888 2729 48 5 0 2 398 984 2632 66 8 6 0
73 1556 174 228 1454 596 15 0 0 1051 1050 1134 517 329 15 0 0 791 651 1814 472 354 14 0
0 0 0 184 3473 439 0 0 0 3 261 3230 602 0 0 0 45 3105 946 0 0 0 0 0
8 101 161 1129 2300 397 0 0 12 147 655 2749 532 1 0 0 106 2132 1839 19 0 0 0 0
981 101 322 2087 563 42 0 0 981 197 2233 527 158 0 0 0 1015 2037 859 181 4 0 0 0
1915 109 114 692 818 448 0 0 1928 140 687 819 522 0 0 0 2007 1609 480 0 0 0 0 0
832 129 207 1755 947 226 0 0 841 176 554 2228 297 0 0 0 866 961 2264 5 0 0 0 0
1 3 4 440 1513 1379 683 73 1 4 31 1424 1321 1123 110 82 1 41 1371 1161 930 459 42 91
0 0 4 23 1030 2767 133 139 0 0 15 756 2779 372 24 150 2 1673 1693 157 333 59 22 157
0 0 0 1 1762 2331 2 0 0 0 2 891 3192 11 0 0 0 1174 2918 4 0 0 0 0
0 0 0 1035 2626 435 0 0 0 0 767 2620 709 0 0 0 6 1857 2233 0 0 0 0 0
0 0 0 6 2836 1254 0 0 0 0 2 2443 1645 6 0 0 4 1768 2324 0 0 0 0 0
0 0 0 2 2918 1174 2 0 0 0 2 2721 1257 116 0 0 1 360 3719 16 0 0 0 0
0 0 0 0 93 3648 355 0 0 0 0 76 2355 1665 0 0 2 259 3708 123 4 0 0 0
0 0 0 0 7 3043 1046 0 0 0 0 5 1341 2636 114 0 0 31 2975 777 312 1 0 0
0 0 0 0 11 3356 729 0 0 0 0 2 1340 2693 61 0 0 36 2999 826 235 0 0 0
0 0 0 0 4 3774 318 0 0 0 0 0 1458 2637 1 0 0 26 3157 874 39 0 0 0
0 0 0 0 244 3803 49 0 0 0 0 133 3431 530 2 0 0 1006 2804 277 9 0 0 0
1367 379 212 221 754 1161 2 0 1396 401 266 550 1387 96 0 0 1489 1047 1421 117 18 4 0 0
516 291 90 333 664 2166 36 0 531 309 186 665 1840 565 0 0 633 1453 2004 6 0 0 0 0
1616 369 139 209 609 1137 17 0 1637 408 202 473 1013 363 0 0 1767 1267 1050 9 3 0 0 0
2434 258 870 230 198 105 1 0 2461 852 385 214 161 23 0 0 2586 1159 249 78 24 0 0 0
1 22 12 38 96 344 3583 0 0 26 31 84 157 3668 130 0 2 76 207 3780 31 0 0 0
0 0 0 0 0 13 4076 7 0 0 0 0 0 3788 308 0 0 0 2 4050 44 0 0 0
102 74 70 68 116 251 3412 3 112 110 84 91 169 3104 426 0 174 200 258 3367 97 0 0 0
2475 715 329 285 177 99 16 0 2467 716 346 258 213 86 10 0 2416 757 423 282 157 51 10 0
531 697 475 279 242 1713 159 0 530 637 526 342 616 1424 21 0 463 732 1091 1632 145 33 0 0
18 250 34 46 130 3371 247 0 0 195 99 94 1965 1692 51 0 0 16 1538 2307 147 83 5 0
551 929 278 182 507 1550 88 11 535 883 379 484 1132 620 49 14 492 702 943 1623 210 98 15 13
152 443 1646 411 395 988 60 1 160 1930 509 328 827 312 30 0 1151 1054 676 1063 109 41 2 0
0 3 2347 869 133 652 92 0 0 2757 404 149 288 498 0 0 2153 1005 173 750 15 0 0 0
1 308 486 1056 163 1208 874 0 0 532 1313 120 364 1721 46 0 237 1086 334 1716 623 96 4 0
0 0 0 278 2318 1450 50 0 0 0 484 2216 1027 369 0 0 0 937 1943 953 263 0 0 0
47 1213 91 121 278 1910 436 0 0 641 839 212 223 2110 71 0 5 191 103 2741 899 149 8 0
0 0 0 15 1012 3066 3 0 0 0 24 809 3218 45 0 0 1 958 2911 226 0 0 0 0
0 0 1 153 1703 1629 610 0 0 0 20 1148 2136 165 596 31 1 567 2234 524 86 64 587 33
0 0 48 2449 918 499 182 0 0 6 2043 1234 175 425 213 0 17 2275 937 173 97 364 233 0
0 0 0 96 799 2872 329 0 0 0 78 764 1896 1358 0 0 7 837 2073 1179 0 0 0 0
0 0 0 120 652 3018 306 0 0 0 6 641 2000 1449 0 0 10 462 3105 519 0 0 0 0
0 0 0 239 490 1068 2069 230 0 0 1 600 219 717 2077 482 0 15 655 431 135 608 1732 520
0 0 0 0 49 2128 834 1085 0 0 0 8 619 1682 667 1120 0 79 974 351 83 966 537 1106
0 0 0 0 318 2990 788 0 0 0 0 90 1730 2127 149 0 0 153 2899 786 86 117 55 0
93 48 21 333 1166 960 1396 79 95 46 167 944 612 715 1344 173 98 491 932 185 225 716 1373 76
23 57 47 48 1495 2216 210 0 34 69 73 1275 2137 323 185 0 74 1790 1668 137 131 207 89 0
0 0 0 6 2402 460 1192 36 0 0 0 2171 486 204 1184 51 0 751 1618 197 133 241 1112 44
0 0 0 0 0 3146 950 0 0 0 0 0 1339 2687 70 0 0 8 3562 356 66 64 40 0
0 0 0 0 0 3227 869 0 0 0 0 0 1780 2316 0 0 0 9 3810 277 0 0 0 0
0 0 0 0 2 3557 537 0 0 0 0 1 2436 1659 0 0 0 65 3846 185 0 0 0 0
0 0 0 0 7 3337 752 0 0 0 0 3 2633 1460 0 0 0 108 3685 303 0 0 0 0
0 0 0 24 583 3444 45 0 0 0 6 632 3268 190 0 0 16 2215 1863 2 0 0 0 0
0 0 0 157 792 2789 358 0 0 0 74 822 2527 673 0 0 91 1588 2413 4 0 0 0 0
119 78 55 185 898 2666 95 0 137 100 141 471 2849 398 0 0 233 1646 2159 58 0 0 0 0
1583 695 419 360 560 477 2 0 1600 753 479 442 727 95 0 0 1619 1480 630 295 62 10 0 0
1873 947 604 475 150 46 1 0 1867 972 658 440 148 10 1 0 1952 1160 705 255 20 2 1 1
26 171 326 280 359 621 2301 12 27 177 323 318 497 2386 365 3 40 271 557 2362 600 260 4 2
0 0 0 0 9 1084 2984 19 0 0 0 15 293 3415 373 0 0 24 609 2980 410 73 0 0
1330 574 243 279 352 818 500 0 1369 614 324 348 492 933 16 0 1472 928 743 919 34 0 0 0
2058 763 305 261 265 251 193 0 2058 778 326 290 297 334 13 0 2072 923 555 409 74 55 8 0
29 300 399 418 433 2054 463 0 23 321 418 502 1794 982 56 0 26 428 1967 1259 376 40 0 0
0 0 0 46 484 3294 272 0 0 0 37 287 2870 796 106 0 0 75 2315 1276 348 82 0 0
106 296 260 330 800 2123 181 0 113 346 305 689 2021 609 13 0 195 674 2339 699 163 26 0 0
0 0 71 256 1210 2388 171 0 0 184 151 698 2485 575 3 0 330 378 2438 688 260 2 0 0
0 0 718 2431 278 389 278 2 0 1274 1853 279 273 407 10 0 2411 911 382 354 38 0 0 0
0 0 145 377 926 1977 671 0 0 120 390 192 1762 1575 57 0 88 486 184 2400 896 42 0 0
0 0 55 540 836 2241 424 0 0 19 540 703 1533 1294 7 0 3 639 840 1835 776 3 0 0
0 0 0 0 460 3189 447 0 0 0 0 5 2007 2063 21 0 0 0 2 2783 1248 63 0 0
0 0 4 132 258 3123 579 0 0 13 151 177 1835 1920 0 0 11 237 1341 2502 5 0 0 0
0 0 0 3 140 2322 1631 0 0 0 13 111 508 1727 1712 25 0 60 470 901 132 1242 1239 52
0 0 0 1 68 2938 1089 0 0 0 1 62 289 2476 1268 0 0 42 299 841 126 2435 353 0
0 0 0 4 163 2805 1124 0 0 0 11 191 847 3047 0 0 0 130 1445 2521 0 0 0 0
0 0 0 3 226 2474 1393 0 0 0 25 225 665 3181 0 0 1 147 1729 2219 0 0 0 0
0 0 0 2 581 1687 1826 0 0 0 9 274 767 2037 1009 0 0 61 1075 1761 121 498 580 0
0 0 0 22 1158 1592 1288 36 0 0 6 1088 530 1483 949 40 0 82 1190 873 247 1307 358 39
0 9 19 49 236 2545 1238 0 0 9 76 256 924 2831 0 0 10 225 2380 1474 7 0 0 0
2066 389 202 191 247 708 293 0 2070 391 231 208 264 560 372 0 2110 523 355 143 175 608 182 0
1129 185 98 129 264 1863 428 0 1177 216 181 183 1347 761 228 3 1318 587 1672 144 114 123 138 0
2182 321 173 207 216 453 533 11 2193 332 194 215 217 407 472 66 2208 402 246 180 218 359 466 17
230 219 102 105 114 652 2674 0 259 238 139 131 229 3094 6 0 305 411 1525 1854 1 0 0 0
0 0 0 0 0 986 3110 0 0 0 0 0 371 3721 4 0 0 1 2281 1814 0 0 0 0
0 0 0 0 0 1188 2908 0 0 0 0 0 190 3906 0 0 0 3 2842 1251 0 0 0 0
0 0 0 0 0 1373 2723 0 0 0 0 0 482 3611 3 0 0 30 2948 1118 0 0 0 0
0 0 0 3 138 3394 561 0 0 0 53 141 2548 1354 0 0 46 516 3513 21 0 0 0 0
0 0 0 9 176 3015 896 0 0 0 76 223 2841 956 0 0 48 1331 2685 32 0 0 0 0
749 299 109 130 251 1834 723 1 770 338 201 266 1441 1079 1 0 1001 1122 1955 18 0 0 0 0
1042 349 178 75 86 663 1696 7 1069 433 126 71 500 1887 10 0 1269 566 1923 338 0 0 0 0
5 59 215 197 303 1092 2225 0 5 89 315 321 697 2668 1 0 18 540 1861 1677 0 0 0 0
0 0 0 0 24 359 3713 0 0 0 0 22 142 3929 3 0 0 20 425 3649 2 0 0 0
0 0 0 0 0 123 3973 0 0 0 0 0 4 4081 11 0 0 0 197 3898 1 0 0 0
0 0 0 0 17 265 3814 0 0 0 0 0 72 3947 77 0 0 1 159 3912 24 0 0 0
0 0 0 0 2 222 3868 4 0 0 0 0 17 3743 336 0 0 0 68 4009 19 0 0 0
0 0 0 0 5 2799 1292 0 0 0 0 0 1909 2187 0 0 0 0 2268 1828 0 0 0 0
0 0 0 0 7 3700 389 0 0 0 0 2 2414 1680 0 0 0 1 2510 1585 0 0 0 0
0 0 0 0 11 3525 560 0 0 0 0 8 2464 1624 0 0 0 155 2557 1384 0 0 0 0
0 0 0 0 9 2218 1869 0 0 0 0 9 2415 1672 0 0 0 379 3151 566 0 0 0 0
0 0 56 470 113 2698 759 0 0 191 340 73 1917 1575 0 0 427 219 1978 1470 2 0 0 0
223 126 334 1485 606 1304 18 0 257 495 1466 515 1063 300 0 0 1052 1327 518 1198 1 0 0 0
19 13 26 709 783 2534 12 0 19 19 711 566 2461 310 10 0 100 729 976 2134 136 12 9 0
0 0 0 0 73 4012 11 0 0 0 0 5 3226 865 0 0 0 0 334 3695 67 0 0 0
0 0 0 0 74 3257 765 0 0 0 0 43 811 3242 0 0 0 10 453 3633 0 0 0 0
0 0 0 753 430 2267 645 1 0 0 91 909 539 2184 372 1 0 582 751 1872 103 770 17 1
0 0 0 413 1500 1647 536 0 0 0 56 1733 446 1575 286 0 0 919 1449 901 90 737 0 0
0 0 0 0 7 2057 2032 0 0 0 0 7 177 3910 2 0 0 6 778 3311 1 0 0 0
0 0 0 0 0 1739 2357 0 0 0 0 0 280 3816 0 0 0 0 971 3124 1 0 0 0
0 0 0 15 279 1558 2227 17 0 0 0 76 338 3113 476 93 0 0 860 2393 262 206 375 0
0 0 0 14 312 822 2185 763 0 0 0 170 124 510 2183 1109 0 0 84 115 120 354 2083 1340
0 0 0 0 0 1241 2563 292 0 0 0 0 138 3322 313 323 0 0 1315 1915 159 232 159 316
918 340 237 360 539 1085 617 0 900 344 240 352 712 1477 71 0 978 441 1130 938 349 225 35 0
1446 585 305 367 445 812 136 0 1454 619 413 382 653 573 2 0 1468 940 941 334 240 171 2 0
2036 488 383 280 213 544 152 0 2015 474 398 343 386 480 0 0 2086 596 855 480 79 0 0 0
1305 655 447 325 379 515 470 0 1331 705 502 444 499 600 15 0 1417 947 1049 500 145 34 4 0
13 61 151 306 568 1489 1507 1 14 162 382 582 853 2100 3 0 152 989 2216 739 0 0 0 0
0 0 0 3 242 1550 2301 0 0 0 102 227 626 3141 0 0 41 335 2923 797 0 0 0 0
0 0 0 5 290 2065 1736 0 0 0 124 299 1144 2528 1 0 28 413 3250 405 0 0 0 0
0 0 0 13 246 2032 1805 0 0 0 133 219 1180 2563 1 0 21 294 2999 782 0 0 0 0
0 0 0 3 210 2087 1796 0 0 0 101 201 1083 2710 1 0 21 379 3510 185 1 0 0 0
0 0 0 10 183 1125 2777 1 0 2 124 174 700 3094 2 0 59 397 3321 319 0 0 0 0
0 0 0 6 177 1285 2628 0 0 3 112 179 868 2933 1 0 47 555 3225 269 0 0 0 0
0 0 0 0 136 1307 2651 2 0 0 59 162 606 3236 33 0 5 201 2664 1226 0 0 0 0
0 0 0 0 0 621 3471 4 0 0 0 9 163 3874 50 0 0 6 1223 2861 6 0 0 0
0 0 0 0 0 368 3728 0 0 0 0 0 9 4049 38 0 0 6 497 3592 1 0 0 0
0 0 0 0 0 342 3752 2 0 0 0 0 4 4072 20 0 0 0 464 3627 5 0 0 0
0 0 0 0 0 692 3404 0 0 0 0 0 88 4001 7 0 0 0 336 3760 0 0 0 0
0 0 0 0 8 2314 1774 0 0 0 0 5 664 3419 8 0 0 3 1451 2638 4 0 0 0
0 0 0 0 5 2630 1461 0 0 0 0 0 1138 2957 1 0 0 2 1605 2486 3 0 0 0
0 0 0 0 1 2188 1907 0 0 0 0 1 614 3477 4 0 0 30 1238 2820 8 0 0 0
0 0 0 0 0 869 3227 0 0 0 0 0 625 3470 1 0 0 87 2433 1576 0 0 0 0
611 298 239 401 415 1674 458 0 630 335 333 471 1386 939 2 0 681 724 849 1634 208 0 0 0
703 445 412 727 522 908 379 0 719 472 520 769 589 1025 2 0 753 759 1010 1457 106 11 0 0
15 59 39 380 850 2442 310 1 14 59 336 630 1980 1059 18 0 39 398 1082 2192 336 38 11 0
0 0 0 8 22 3069 997 0 0 0 5 11 1640 2433 7 0 0 0 113 3496 487 0 0 0
0 0 569 418 679 626 794 1010 0 0 290 1219 341 658 398 1190 2 15 305 1375 631 306 1396 66
0 1 437 1022 480 492 649 1015 0 0 250 1407 361 541 359 1178 0 297 540 1016 517 299 1267 160
0 1 144 1379 1037 584 424 527 0 0 314 1931 506 340 417 588 2 1085 921 711 219 176 941 41
0 1 408 332 838 838 694 985 0 1 545 932 539 600 338 1141 0 108 975 1036 341 243 1332 61
0 0 183 306 1167 1071 615 754 0 0 755 865 644 735 270 827 1 109 1568 896 244 269 999 10
0 0 70 197 1077 1005 977 770 0 0 774 627 419 1043 358 875 0 93 1676 808 206 249 1028 36
0 0 0 13 190 557 2163 1173 0 0 68 108 88 420 1330 2082 0 0 130 75 96 418 1241 2136
0 0 110 171 1031 1221 1239 324 0 0 742 401 563 1585 409 396 8 587 1440 734 280 298 311 438
62 232 362 402 888 970 892 288 71 258 723 503 650 1104 350 437 146 982 928 782 359 309 302 288
154 366 758 822 1078 678 233 7 180 404 836 896 843 644 269 24 254 979 713 653 711 594 177 15
314 346 343 532 1022 1129 410 0 307 329 354 461 1092 1012 541 0 301 355 428 705 1134 1012 161 0
890 897 475 637 983 214 0 0 890 903 493 680 963 166 1 0 834 1011 688 1116 432 15 0 0
26 223 424 502 954 1240 725 2 31 226 459 559 1130 1286 399 6 42 309 1077 876 855 525 408 4
0 0 0 17 67 2046 1966 0 0 0 1 20 260 3791 24 0 0 0 2894 648 291 263 0 0
0 0 0 0 0 1664 2432 0 0 0 0 0 704 3390 2 0 0 4 2911 1181 0 0 0 0
0 0 0 0 2 1400 2694 0 0 0 0 0 382 3709 5 0 0 2 2247 1847 0 0 0 0
0 0 0 0 5 2096 1995 0 0 0 0 1 1147 2948 0 0 0 210 3114 772 0 0 0 0
0 0 0 0 4 1563 2527 2 0 0 0 3 1106 2980 7 0 1 489 2660 946 0 0 0 0
0 0 0 0 10 2097 1987 2 0 0 0 25 1262 2807 2 0 3 365 2969 758 1 0 0 0
0 0 0 1 43 1421 2623 8 0 1 25 28 316 3726 0 0 9 37 2656 1394 0 0 0 0
0 0 0 2 158 1114 2713 109 0 0 95 173 564 3264 0 0 25 186 2233 1651 1 0 0 0
0 0 0 1 135 1030 2930 0 0 0 23 233 243 3595 2 0 6 193 938 2958 1 0 0 0
0 0 0 1 131 740 3224 0 0 0 14 232 198 3651 1 0 1 129 604 3362 0 0 0 0
0 0 0 0 129 882 3085 0 0 0 5 218 262 3603 8 0 0 134 649 3313 0 0 0 0
0 0 0 0 165 1890 2041 0 0 0 1 228 1195 2666 6 0 0 87 1670 2339 0 0 0 0
0 0 0 0 260 1987 1847 2 0 0 10 289 1779 2011 7 0 1 116 1961 2013 5 0 0 0
0 0 0 89 959 2415 633 0 0 14 187 1024 1694 1177 0 0 72 869 2019 1136 0 0 0 0
0 0 0 31 892 2929 244 0 0 2 240 1120 2473 261 0 0 24 1247 2635 190 0 0 0 0
0 0 0 129 1045 2595 327 0 0 0 216 742 2571 566 1 0 27 711 2715 640 3 0 0 0
145 189 43 743 1509 1459 8 0 168 253 898 1255 1330 192 0 0 555 2350 860 331 0 0 0 0
328 918 506 448 520 801 378 197 305 944 457 479 794 544 355 218 217 960 525 661 710 473 347 203
133 252 210 182 204 1037 2077 1 134 274 238 184 222 2762 281 1 95 380 285 1589 1563 105 79 0
0 0 21 190 1094 198 528 2065 0 0 700 588 131 119 284 2274 0 40 1118 190 126 163 1995 464
0 0 0 49 1184 633 741 1489 0 1 710 414 188 514 564 1705 0 101 934 169 190 586 1917 199
0 20 73 140 716 1818 791 538 0 12 268 223 347 1578 986 682 0 17 317 165 462 1571 1543 21
0 0 0 39 482 53 819 2703 0 0 358 129 42 47 164 3356 0 37 355 99 42 54 3289 220
0 0 0 10 32 33 430 3591 0 0 4 30 15 26 95 3926 0 0 7 27 16 31 3247 768
0 0 0 0 0 0 237 3859 0 0 0 0 0 0 4 4092 0 0 0 0 0 0 2665 1431
0 0 33 65 327 1782 1047 842 0 0 27 49 247 1547 1019 1207 0 0 24 69 405 1696 1697 205
0 0 0 68 564 714 1632 1118 0 1 466 83 93 528 1469 1456 0 256 216 75 86 473 1982 1008
0 1 107 345 1562 89 728 1264 0 131 1679 144 74 73 376 1619 18 1538 350 64 64 95 1768 199
103 596 550 889 1735 86 135 2 220 930 2269 404 111 28 124 10 759 2825 304 26 23 40 119 0
70 758 392 332 1446 589 379 130 136 992 1543 230 230 503 307 155 362 2226 329 265 331 383 200 0
0 578 330 346 790 1084 898 70 0 656 406 431 1001 1420 85 97 3 1226 1786 618 261 38 164 0
0 0 0 49 550 1770 1727 0 0 0 2 156 729 3174 35 0 1 44 1967 1137 625 322 0 0
0 0 0 4 186 1854 2052 0 0 0 16 191 487 3400 2 0 16 212 3212 597 55 4 0 0
0 0 0 1 118 2424 1553 0 0 0 13 143 954 2984 2 0 14 190 3377 515 0 0 0 0
0 0 0 2 129 2651 1314 0 0 0 8 155 749 3183 1 0 5 205 3288 598 0 0 0 0
0 0 0 36 232 2978 850 0 0 0 77 177 1967 1874 1 0 70 652 3023 351 0 0 0 0
0 0 0 46 268 3615 167 0 0 0 89 208 2158 1641 0 0 57 604 3404 31 0 0 0 0
0 0 0 24 183 3187 702 0 0 0 23 171 1215 2687 0 0 21 256 3366 453 0 0 0 0
0 0 0 0 64 1841 2190 1 0 0 2 129 413 3547 5 0 0 154 2577 1357 8 0 0 0
0 0 0 0 11 1074 3011 0 0 0 2 13 346 3732 3 0 2 29 2428 1637 0 0 0 0
0 0 0 0 0 956 3140 0 0 0 0 0 44 4046 6 0 0 2 1593 2501 0 0 0 0
0 0 0 0 0 557 3538 1 0 0 0 0 68 4004 24 0 0 1 1230 2864 1 0 0 0
0 0 0 0 6 1155 2935 0 0 0 0 1 528 3532 35 0 0 18 1782 2296 0 0 0 0
0 0 0 0 2 1665 2428 1 0 0 0 0 840 3153 103 0 0 6 1371 2718 1 0 0 0
0 0 0 0 23 2336 1736 1 0 0 0 8 1746 2188 154 0 0 19 2155 1916 6 0 0 0
0 0 0 0 106 2861 1129 0 0 0 0 146 2090 1825 35 0 3 939 1917 1236 1 0 0 0
0 0 0 0 185 2641 1261 9 0 0 0 308 2092 1613 83 0 6 738 2396 950 6 0 0 0
0 0 0 0 11 1246 2796 43 0 0 0 71 774 3103 148 0 0 209 1744 2137 6 0 0 0
130 30 17 37 151 1590 2141 0 136 36 29 157 1120 2575 43 0 198 718 1997 1182 1 0 0 0
178 153 92 82 185 1601 1785 20 224 170 99 203 692 2547 159 2 395 322 1394 1723 250 11 1 0
0 0 11 110 138 1254 2583 0 0 68 76 260 691 2972 29 0 72 123 774 2960 167 0 0 0
0 48 1328 158 153 277 1224 908 0 37 1338 157 148 211 1139 1066 0 88 1344 178 160 914 1342 70
401 355 506 189 318 851 1041 435 335 331 525 235 243 729 1030 668 252 372 555 279 323 895 1312 108
0 15 505 599 492 1416 795 274 0 10 394 690 434 1385 627 556 0 26 565 716 592 1386 795 16
0 0 286 274 181 270 2166 919 0 0 262 310 179 215 1605 1525 0 5 310 331 207 815 2403 25
0 3 173 103 86 146 1646 1939 0 0 161 120 86 121 1197 2411 0 0 164 139 115 810 2393 475
0 0 0 0 0 489 1156 2451 0 0 0 0 0 400 903 2793 0 0 0 0 69 839 2413 775
0 0 0 7 353 1295 1242 1199 0 0 0 2 254 1041 1267 1532 0 0 0 36 818 958 2047 237
0 1 94 269 336 740 1662 994 0 0 72 276 311 590 1523 1324 0 0 92 364 404 656 1882 698
0 0 0 0 1 6 1319 2770 0 0 0 6 1 3 722 3364 0 0 5 3 3 15 3076 994
0 0 0 34 2969 80 282 731 0 55 2910 55 47 54 161 814 11 2779 225 42 47 81 882 29
0 17 29 115 3564 53 49 269 0 174 3500 51 34 28 39 270 20 3345 327 41 37 39 284 3
0 1433 281 100 169 681 895 537 0 1511 293 114 213 1310 95 560 16 1734 1314 285 61 71 584 31
0 0 0 0 0 1984 2112 0 0 0 0 0 274 3822 0 0 0 8 3402 686 0 0 0 0
0 0 0 0 0 2175 1921 0 0 0 0 0 225 3871 0 0 0 3 3526 567 0 0 0 0
0 0 0 0 0 1784 2311 1 0 0 0 0 218 3875 3 0 0 5 3467 624 0 0 0 0
0 0 0 0 0 1737 2359 0 0 0 0 0 219 3868 9 0 0 2 2855 1239 0 0 0 0
0 0 0 0 1 2136 1959 0 0 0 0 0 291 3804 1 0 0 9 3091 996 0 0 0 0
0 0 0 0 72 3104 920 0 0 0 0 0 805 3289 2 0 0 117 3290 689 0 0 0 0
0 0 0 0 0 2184 1912 0 0 0 0 0 100 3965 31 0 0 1 2817 1278 0 0 0 0
0 0 0 0 3 1169 2921 3 0 0 0 3 166 3861 66 0 0 8 1503 2582 3 0 0 0
0 0 0 0 102 1671 2323 0 0 0 3 120 326 3638 9 0 0 123 2372 1600 1 0 0 0
0 0 0 0 78 2214 1804 0 0 0 1 121 872 3098 4 0 1 143 3099 853 0 0 0 0
0 0 0 0 103 1762 2231 0 0 0 0 160 472 3463 1 0 1 136 2132 1827 0 0 0 0
0 0 0 0 60 1372 2664 0 0 0 0 107 352 3632 5 0 0 93 1690 2313 0 0 0 0
0 0 0 0 51 1102 2943 0 0 0 1 125 276 3689 5 0 1 116 1467 2512 0 0 0 0
0 0 0 0 84 1419 2593 0 0 0 2 163 582 3345 4 0 2 147 1836 2111 0 0 0 0
0 0 0 8 132 2117 1839 0 0 1 22 148 916 3003 6 0 11 259 2132 1694 0 0 0 0
0 0 0 92 342 3136 525 1 0 15 185 235 1691 1966 4 0 108 627 3290 71 0 0 0 0
0 0 0 42 408 1971 1673 2 0 38 318 263 1345 2132 0 0 197 1028 2789 82 0 0 0 0
0 0 0 7 199 610 3280 0 0 5 81 235 259 3487 29 0 32 130 1158 2775 1 0 0 0
0 0 0 0 86 1016 2991 3 0 0 15 139 423 3496 23 0 0 85 1968 2041 2 0 0 0
0 0 0 0 0 137 3954 5 0 0 0 0 7 3810 279 0 0 0 182 3801 113 0 0 0
0 62 1463 241 163 182 680 1305 0 19 1503 243 142 176 319 1694 0 10 1543 260 177 237 1307 562
0 0 76 29 22 30 648 3291 0 0 74 34 17 31 126 3814 0 2 86 33 26 39 2418 1492
0 4 154 71 38 35 146 3648 0 0 125 95 33 32 55 3756 0 0 121 102 34 43 1450 2346
0 1 39 11 21 15 176 3833 0 0 30 16 17 17 31 3985 0 0 27 19 20 15 3199 816
0 0 0 0 0 0 144 3952 0 0 0 0 0 0 7 4089 0 0 0 0 0 0 3401 695
0 0 0 0 0 0 13 4083 0 0 0 0 0 0 1 4095 0 0 0 0 0 0 3335 761
0 0 0 0 38 60 33 3965 0 0 1 67 31 22 20 3955 0 0 36 57 23 25 1179 2776
0 0 0 2 782 458 83 2771 0 3 658 387 194 64 43 2747 0 560 336 306 98 47 346 2403
0 36 49 191 2390 148 146 1136 0 84 2445 174 80 88 118 1107 10 2104 528 131 81 135 860 247
0 370 274 226 2154 531 222 319 0 474 2338 139 176 529 136 304 35 2507 895 136 76 213 234 0
0 638 268 154 357 1288 1071 320 0 716 525 116 266 2097 54 322 11 1110 2170 370 50 67 313 5
0 74 19 10 14 1866 2113 0 0 71 22 13 483 3503 4 0 2 128 3472 490 4 0 0 0
0 0 0 0 0 1086 3009 1 0 0 0 0 117 3969 10 0 0 27 2650 1419 0 0 0 0
0 0 0 0 0 1174 2922 0 0 0 0 0 87 4009 0 0 0 5 3128 963 0 0 0 0
0 0 0 0 0 1231 2865 0 0 0 0 0 51 4045 0 0 0 5 3640 451 0 0 0 0
0 0 0 0 0 1277 2819 0 0 0 0 0 152 3942 2 0 0 2 3700 394 0 0 0 0
0 0 0 0 0 2076 2020 0 0 0 0 0 67 4029 0 0 0 8 3825 263 0 0 0 0
0 0 0 0 1 2148 1947 0 0 0 0 0 62 3858 176 0 0 10 1927 2142 17 0 0 0
0 0 0 0 0 2131 1965 0 0 0 0 0 49 3817 230 0 0 1 1925 2134 36 0 0 0
0 0 0 0 2 1530 2564 0 0 0 0 0 81 4012 3 0 0 3 2583 1510 0 0 0 0
0 0 0 0 1 2655 1440 0 0 0 0 0 509 3587 0 0 0 13 3455 628 0 0 0 0
0 0 0 0 0 2257 1839 0 0 0 0 0 287 3808 1 0 0 1 2857 1238 0 0 0 0
0 0 0 0 3 1219 2874 0 0 0 0 0 539 3547 10 0 0 20 2858 1218 0 0 0 0
0 0 0 0 0 966 3130 0 0 0 0 0 275 3817 4 0 0 2 2553 1541 0 0 0 0
0 0 0 0 0 549 3547 0 0 0 0 0 25 4037 34 0 0 1 2504 1591 0 0 0 0
0 0 0 0 2 1186 2906 2 0 0 0 0 572 3437 87 0 0 323 2794 979 0 0 0 0
0 0 0 0 0 2289 1807 0 0 0 0 0 344 3751 1 0 0 91 3197 808 0 0 0 0
0 0 0 0 0 2575 1518 3 0 0 0 0 345 3675 76 0 0 158 3042 830 66 0 0 0
0 0 0 0 21 2048 2027 0 0 0 0 38 1394 2664 0 0 1 1000 3043 52 0 0 0 0
0 0 0 0 61 662 3372 1 0 0 10 114 265 3680 27 0 6 107 2692 1291 0 0 0 0
0 0 0 0 66 1191 2837 2 0 0 24 150 704 3168 50 0 9 279 1923 1868 17 0 0 0
0 0 0 0 36 454 3603 3 0 0 0 106 259 3466 265 0 0 81 480 3465 70 0 0 0
0 0 0 0 0 0 37 4059 0 0 0 0 0 0 0 4096 0 0 0 0 0 0 1555 2541
0 0 0 0 0 0 97 3999 0 0 0 0 0 1 3 4092 0 0 0 0 1 4 2046 2045
0 0 0 0 161 156 105 3674 0 0 152 136 46 36 43 3683 0 116 195 47 35 47 2339 1317
0 0 0 32 851 143 141 2929 0 3 829 148 58 46 40 2972 0 544 442 71 39 44 1416 1540
0 4 57 166 1241 179 150 2299 0 13 1251 230 103 109 112 2278 2 792 664 132 107 139 1822 438
0 48 325 210 1458 474 189 1392 0 70 1678 324 244 293 127 1360 11 1386 834 268 112 170 1287 28
0 5 59 311 1092 1030 627 972 0 3 340 1295 605 394 791 668 0 120 785 1239 658 650 486 158
0 74 299 260 787 617 1557 502 0 72 648 702 275 950 1003 446 2 386 1111 1007 563 589 371 67
0 246 225 113 95 1311 1996 110 0 253 263 96 340 2763 272 109 11 414 2520 720 172 150 108 1
0 2 5 6 7 2154 1922 0 0 2 5 6 545 3536 2 0 2 113 3381 600 0 0 0 0
0 0 0 0 0 1226 2870 0 0 0 0 0 58 4038 0 0 0 24 3901 171 0 0 0 0
0 0 0 0 0 1488 2608 0 0 0 0 0 195 3901 0 0 0 76 3697 323 0 0 0 0
0 0 0 0 0 1592 2504 0 0 0 0 0 282 3813 1 0 0 11 3800 285 0 0 0 0
0 0 0 0 0 1385 2710 1 0 0 0 0 183 3910 3 0 0 33 3965 98 0 0 0 0
0 0 0 0 0 1355 2741 0 0 0 0 0 232 3864 0 0 0 25 3875 196 0 0 0 0
0 0 0 0 0 1652 2444 0 0 0 0 0 272 3824 0 0 0 27 3642 427 0 0 0 0
0 0 0 0 18 1986 2092 0 0 0 0 1 420 3672 3 0 0 55 3583 458 0 0 0 0
0 0 0 0 79 2632 1384 1 0 0 0 2 1091 2981 22 0 1 498 2718 878 1 0 0 0
0 0 0 0 31 3337 728 0 0 0 0 0 1259 2836 1 0 0 197 3085 814 0 0 0 0
0 0 0 0 0 1667 2429 0 0 0 0 0 147 3948 1 0 0 6 3352 738 0 0 0 0
0 0 0 0 0 1061 3035 0 0 0 0 0 151 3940 5 0 0 47 1919 2130 0 0 0 0
0 0 0 0 2 1042 3049 3 0 0 0 2 233 3772 89 0 0 14 2549 1533 0 0 0 0
0 0 0 0 0 360 3736 0 0 0 0 0 7 4033 56 0 0 0 2579 1517 0 0 0 0
0 0 0 0 0 114 3982 0 0 0 0 0 1 4025 70 0 0 0 1779 2317 0 0 0 0
0 0 0 0 0 136 3959 1 0 0 0 0 9 4036 51 0 0 5 2353 1738 0 0 0 0
0 0 0 0 0 214 3882 0 0 0 0 0 40 4011 45 0 0 3 2700 1393 0 0 0 0
0 0 0 0 0 852 3244 0 0 0 0 0 14 4037 45 0 0 2 1973 2121 0 0 0 0
0 0 0 0 0 1045 3048 3 0 0 0 0 1 3753 342 0 0 0 684 3204 208 0 0 0
0 0 0 0 0 766 3330 0 0 0 0 0 114 3874 108 0 0 88 3019 983 6 0 0 0
0 0 0 0 0 1001 3095 0 0 0 0 0 238 3858 0 0 0 72 4022 2 0 0 0 0
0 0 0 0 0 217 3597 282 0 0 0 0 38 3387 671 0 0 1 1771 2204 120 0 0 0
0 0 0 0 0 19 4067 10 0 0 0 0 3 3932 161 0 0 0 1312 2777 7 0 0 0
