3463 571 29 13 3 2 5 10 3710 324 31 12 3 1 5 10 3951 96 16 10 5 2 5 11
1520 2219 275 67 15 0 0 0 1970 1892 166 57 11 0 0 0 3176 796 101 23 0 0 0 0
235 2684 915 139 75 32 15 1 830 2527 557 107 28 31 12 4 2570 1269 154 42 23 26 12 0
0 2076 1206 664 90 39 18 3 0 2628 906 479 25 36 17 5 1343 1966 658 57 28 28 15 1
10 830 1655 1119 482 0 0 0 23 1284 1600 898 291 0 0 0 451 1927 1223 494 1 0 0 0
1513 858 747 631 347 0 0 0 692 1546 834 751 273 0 0 0 1253 1398 864 560 21 0 0 0
110 1476 1159 1224 127 0 0 0 238 1572 1212 1038 36 0 0 0 755 1645 1456 240 0 0 0 0
880 1554 902 617 143 0 0 0 1011 1579 835 551 120 0 0 0 1404 1605 530 517 40 0 0 0
43 303 970 1017 1762 1 0 0 47 422 951 1115 1561 0 0 0 117 899 908 1732 440 0 0 0
148 1017 1594 533 563 227 5 9 216 1307 1544 463 419 132 6 9 454 2171 779 439 235 5 5 8
46 68 1622 939 619 795 7 0 62 603 1959 423 424 621 4 0 364 1877 761 292 775 24 3 0
228 67 374 390 774 2159 79 25 241 92 415 424 1058 1760 79 27 262 341 420 546 2334 96 73 24
725 210 301 432 1226 1025 155 22 280 573 412 439 1499 716 149 28 449 656 429 386 1922 89 139 26
1711 334 195 334 1501 21 0 0 1709 380 193 430 1383 1 0 0 1757 405 234 1184 516 0 0 0
3000 278 298 430 90 0 0 0 3001 287 311 440 57 0 0 0 3040 356 349 351 0 0 0 0
3036 349 122 39 550 0 0 0 2926 453 128 35 554 0 0 0 3074 342 102 193 385 0 0 0
1660 1141 204 241 484 357 9 0 1441 1407 238 254 456 294 6 0 1716 1218 249 321 524 65 3 0
2956 381 74 91 238 316 40 0 2881 508 137 102 160 295 13 0 2978 559 65 116 305 73 0 0
1497 267 271 536 792 526 202 5 1545 566 546 454 378 406 194 7 1817 755 401 310 307 344 157 5
2320 741 294 197 209 232 94 9 2329 837 339 182 142 175 82 10 2530 785 332 110 122 136 75 6
3628 102 147 81 46 73 19 0 3646 221 76 41 24 66 22 0 3712 161 85 35 15 70 18 0
1728 1352 502 284 205 23 2 0 2578 938 290 201 64 23 2 0 3228 517 172 104 52 21 2 0
1826 889 972 409 0 0 0 0 1920 1868 308 0 0 0 0 0 3427 626 43 0 0 0 0 0
1579 952 478 705 231 130 20 1 1304 1982 413 168 179 47 3 0 2610 1012 200 125 138 10 1 0
1495 374 650 1020 447 103 7 0 1528 1236 1019 201 66 46 0 0 2940 894 156 41 59 6 0 0
537 447 741 1095 1122 138 13 3 750 1187 1392 527 202 25 11 2 2151 1189 475 174 83 11 12 1
780 609 771 1081 542 261 51 1 906 1599 880 348 192 158 13 0 2471 976 256 149 139 100 5 0
1387 1060 1026 569 54 0 0 0 1617 2103 329 45 2 0 0 0 3363 634 83 16 0 0 0 0
21 750 1695 1503 127 0 0 0 640 2666 781 9 0 0 0 0 3444 645 7 0 0 0 0 0
283 100 298 2388 998 29 0 0 336 2124 1274 333 29 0 0 0 2857 1238 1 0 0 0 0 0
1451 550 209 739 1037 101 9 0 1241 1341 929 353 223 9 0 0 2928 737 155 160 115 1 0 0
76 259 354 965 2191 241 10 0 75 615 2096 1164 132 14 0 0 2131 1763 196 6 0 0 0 0
37 293 270 700 2185 595 16 0 23 525 1827 1310 294 112 5 0 2078 1668 182 140 17 7 4 0
49 66 265 1399 2102 197 18 0 65 1356 1825 620 159 54 17 0 2710 1042 135 109 43 53 4 0
276 253 787 2155 623 2 0 0 391 2430 1135 107 32 1 0 0 3002 955 55 69 15 0 0 0
