14 1420 1586 452 371 157 49 47 120 316 1532 1433 500 179 16 0 147 147 111 435 1236 1260 734 26
7 1489 540 271 331 515 827 116 283 766 1313 508 221 804 132 69 350 278 333 1215 886 909 58 67
30 812 388 400 378 650 1244 194 86 1439 508 401 418 898 259 87 259 795 1186 461 605 664 48 78
216 3019 195 73 59 95 275 164 31 3201 766 55 34 9 0 0 47 466 2092 1237 254 0 0 0
56 2825 911 101 42 94 54 13 6 1177 1870 969 64 10 0 0 9 65 185 1525 928 1252 132 0
0 15 201 251 634 1311 1054 630 63 144 152 535 1262 1055 658 227 167 160 250 809 614 1049 894 153
5 179 424 142 486 365 917 1578 388 168 283 414 234 697 1204 708 504 77 49 128 723 1169 1038 408
16 186 56 144 376 364 821 2133 277 502 167 113 104 612 901 1420 520 161 229 165 327 839 686 1169
35 946 103 346 1556 796 207 107 1571 1092 706 173 375 72 78 29 2017 278 287 925 459 75 40 15
14 401 462 74 502 1448 1060 135 0 48 432 1052 1309 928 327 0 1 43 604 1186 1162 941 159 0
45 220 54 100 252 1825 1324 276 125 358 113 179 1385 1433 480 23 120 367 203 1169 1395 676 146 20
0 0 0 7 445 1368 1584 692 125 754 101 347 481 878 1391 19 535 409 324 466 559 1504 299 0
0 0 1 19 471 1187 1385 1033 75 517 168 352 529 453 1999 3 336 369 385 499 375 1572 560 0
0 0 3 56 579 1507 685 1266 63 428 144 752 780 267 1578 84 289 294 677 808 230 842 932 24
0 3 19 59 1437 1594 955 29 0 27 94 1964 983 867 161 0 9 98 1905 955 400 728 1 0
597 565 417 347 395 722 866 187 905 698 399 355 529 825 367 18 1096 733 498 323 728 542 160 16
152 255 223 279 349 482 2044 312 412 351 265 410 366 1194 1078 20 559 399 394 414 469 1699 150 12
146 279 651 649 448 460 1056 407 366 776 666 479 437 518 839 15 900 741 595 438 419 851 138 14
330 195 423 506 676 577 970 419 629 408 586 592 411 602 822 46 917 580 577 401 375 864 357 25
232 721 1007 443 458 576 590 69 1096 959 452 525 454 487 113 10 1606 681 588 447 265 452 43 14
1514 918 342 306 473 445 88 10 2034 1161 392 286 179 36 7 1 2490 954 372 197 65 15 3 0
443 779 786 330 402 864 283 209 1634 622 493 742 262 173 147 23 1691 937 750 270 140 172 119 17
1191 495 239 266 218 403 1169 115 1416 517 276 304 524 988 64 7 1505 609 391 599 815 153 16 8
1527 367 425 426 410 573 296 72 1710 526 367 435 455 426 154 23 1947 512 472 406 297 338 112 12
966 421 416 319 441 1007 479 47 1359 400 363 646 937 283 96 12 1397 526 814 779 329 163 75 13
1987 384 249 351 369 556 195 5 2171 320 290 738 252 293 31 1 2276 701 331 327 312 145 3 1
370 401 356 582 943 1270 167 7 619 520 951 1048 739 205 14 0 985 1202 881 583 387 55 3 0
517 208 121 223 727 1536 687 77 644 190 334 1098 1108 594 128 0 744 453 1207 874 453 351 14 0
726 179 47 108 253 1623 1150 10 844 106 145 890 1763 324 24 0 847 309 1448 1131 269 91 1 0
683 576 68 87 287 1476 911 8 296 1002 122 852 1133 653 38 0 182 274 1710 1437 321 156 16 0
0 0 0 0 31 1067 2735 263 0 0 0 251 1982 1525 338 0 0 187 1683 1249 597 380 0 0
0 5 4 20 86 761 3218 2 5 4 26 208 1400 2453 0 0 12 98 999 2914 70 3 0 0
0 3 11 23 62 571 3315 111 3 15 45 143 1340 2453 97 0 17 73 605 2660 545 190 6 0
0 1 1 5 60 716 3171 142 1 3 33 110 1434 2167 348 0 4 39 541 2310 629 412 161 0
0 8 21 36 82 772 3131 46 7 19 37 71 1169 2751 42 0 23 30 116 2695 1108 96 28 0
