45 1261 401 668 1482 14 13 212 483 1218 854 1287 19 17 13 205 1728 1879 230 20 13 14 16 196
16 730 798 750 1310 119 72 301 401 1091 987 1114 116 65 76 246 1456 1826 309 126 63 82 52 182
199 1200 432 594 1372 162 51 86 1083 783 876 1130 97 37 36 54 1892 1699 319 69 37 35 35 10
0 323 375 445 2243 276 114 320 54 715 756 1995 155 93 92 236 861 2200 516 122 91 86 105 115
0 3 75 441 2993 235 75 274 0 151 813 2646 133 69 41 243 291 2780 587 87 63 47 57 184
268 990 331 697 1554 95 53 108 1176 555 1087 1065 62 43 48 60 1876 1866 158 59 46 57 34 0
162 1114 333 633 1355 376 23 100 900 638 731 1335 352 20 26 94 1473 1120 1122 227 24 24 28 78
6 940 446 1173 1150 258 24 99 685 543 1281 1214 227 35 21 90 1211 1419 1137 174 36 17 28 74
0 1026 245 576 1924 120 47 158 653 628 798 1711 89 46 39 132 1372 1748 702 71 36 41 51 75
36 1343 576 628 1218 74 62 159 882 1079 951 890 71 56 44 123 1942 1559 318 61 50 40 65 61
38 619 575 610 1609 343 84 218 292 980 951 1338 239 81 74 141 1303 1681 670 175 71 66 60 70
83 132 135 493 2003 1192 9 49 213 190 824 1877 930 9 7 46 529 1588 1202 715 8 9 8 37
0 30 110 263 1891 1802 0 0 64 231 152 2186 1463 0 0 0 338 149 3108 501 0 0 0 0
4 44 60 188 1671 2129 0 0 39 96 261 2026 1674 0 0 0 267 130 2961 738 0 0 0 0
0 1 70 264 774 2977 10 0 36 110 203 1116 2631 0 0 0 274 75 2319 1428 0 0 0 0
95 243 207 405 1055 2089 1 1 162 420 426 1443 1643 1 1 0 511 585 2003 995 1 1 0 0
0 45 98 407 1070 2474 2 0 49 162 509 1612 1763 1 0 0 344 501 2435 814 2 0 0 0
1599 922 582 350 377 264 2 0 2401 762 396 278 259 0 0 0 3170 365 259 302 0 0 0 0
453 574 413 782 1562 312 0 0 1160 643 1119 1143 31 0 0 0 1712 1627 743 14 0 0 0 0
100 225 441 693 1873 764 0 0 333 575 936 2000 251 1 0 0 852 1529 1529 175 11 0 0 0
242 402 441 648 1365 998 0 0 715 561 889 1524 407 0 0 0 1193 1318 1522 63 0 0 0 0
323 491 406 515 1227 1134 0 0 637 708 715 1578 458 0 0 0 994 1376 1604 121 1 0 0 0
151 279 223 348 1279 1816 0 0 416 304 551 2217 608 0 0 0 697 1033 2315 51 0 0 0 0
32 157 133 684 2852 238 0 0 229 176 1987 1691 13 0 0 0 503 2834 759 0 0 0 0 0
