361 291 1704 888 561 291 0 0 662 1057 1372 268 693 44 0 0 2136 1001 244 715 0 0 0 0
338 74 108 2445 452 679 0 0 417 383 1990 550 690 66 0 0 1037 1853 446 757 3 0 0 0
306 45 93 2565 607 472 5 3 408 311 2202 605 522 48 0 0 817 2152 577 545 5 0 0 0
181 55 94 2801 550 383 11 21 364 248 2266 708 508 2 0 0 765 2305 620 406 0 0 0 0
208 67 141 2685 835 132 11 17 439 245 2140 549 722 1 0 0 976 1930 517 673 0 0 0 0
87 111 60 350 1921 1567 0 0 145 117 155 380 3206 93 0 0 293 207 398 3187 11 0 0 0
121 100 53 138 898 2785 1 0 225 84 117 129 2774 767 0 0 319 160 143 3455 19 0 0 0
0 17 26 101 1428 2522 2 0 4 19 72 339 3032 630 0 0 19 199 492 3329 57 0 0 0
45 41 146 547 1430 1887 0 0 60 96 233 550 3042 115 0 0 263 359 772 2678 24 0 0 0
104 85 92 364 2452 999 0 0 146 105 252 384 3129 80 0 0 319 248 795 2730 4 0 0 0
280 127 168 541 1061 1917 2 0 880 137 226 380 2406 67 0 0 1069 328 1482 1214 3 0 0 0
531 103 142 708 799 1806 7 0 1171 138 416 303 1724 344 0 0 1448 426 1543 650 29 0 0 0
410 272 155 475 878 1861 45 0 518 345 568 476 1762 427 0 0 804 735 1194 1337 26 0 0 0
1185 439 280 585 788 783 36 0 1172 732 583 546 831 231 1 0 1825 919 610 680 60 2 0 0
270 207 161 457 1299 1669 33 0 317 313 329 579 2252 306 0 0 622 433 1752 1204 85 0 0 0
