540 2753 549 254 0 0 0 0 226 2809 865 196 0 0 0 0 204 3298 587 7 0 0 0 0
102 1987 1396 598 13 0 0 0 24 1906 1450 700 16 0 0 0 3 2232 1626 228 7 0 0 0
319 2441 593 369 348 26 0 0 53 2539 544 482 352 126 0 0 7 1919 1184 550 251 185 0 0
286 2022 584 458 615 131 0 0 30 1482 1040 659 634 251 0 0 3 1328 521 753 1194 297 0 0
343 1113 403 524 1447 266 0 0 19 1403 368 511 1271 524 0 0 4 1431 379 509 1208 565 0 0
86 1014 930 678 1117 218 53 0 2 917 556 713 1580 279 49 0 0 1401 939 540 932 249 35 0
30 806 2474 738 48 0 0 0 0 149 2659 1206 77 5 0 0 14 1136 2822 71 53 0 0 0
0 82 2966 1048 0 0 0 0 0 0 3151 945 0 0 0 0 0 1414 2682 0 0 0 0 0
458 842 520 1183 772 321 0 0 218 1055 830 1145 757 91 0 0 170 1238 1910 307 405 66 0 0
422 662 239 1469 659 621 24 0 55 1006 303 1516 946 270 0 0 13 1145 1676 727 335 200 0 0
170 1089 400 822 798 724 93 0 65 1163 522 836 1025 485 0 0 44 964 1217 1057 441 373 0 0
78 654 496 1050 1131 597 90 0 28 472 945 1042 1210 399 0 0 31 631 899 1354 892 289 0 0
249 695 506 817 1412 385 32 0 164 1067 536 760 1204 365 0 0 142 960 978 795 913 308 0 0
193 510 366 938 1215 790 84 0 61 464 197 1241 1671 462 0 0 62 739 1411 1047 562 275 0 0
388 828 406 1041 779 546 108 0 20 1074 542 1227 881 352 0 0 19 1397 1509 581 385 203 2 0
357 858 624 914 951 388 4 0 85 1341 670 1094 856 50 0 0 93 1527 1587 440 401 48 0 0
0 0 53 470 1928 1645 0 0 0 28 425 1818 1704 121 0 0 25 497 2221 1305 48 0 0 0
17 565 309 444 1444 1292 25 0 0 24 339 1889 1658 186 0 0 23 355 1566 1116 240 740 56 0
67 1350 576 377 869 857 0 0 0 53 268 1888 1883 4 0 0 8 242 1260 484 336 1391 375 0
104 1541 1281 522 318 329 1 0 68 1755 728 625 873 47 0 0 119 1066 939 977 231 538 226 0
263 964 1142 597 593 536 1 0 265 943 642 1023 1132 91 0 0 320 1156 815 492 362 794 157 0
103 1092 1197 713 654 337 0 0 202 1824 699 821 550 0 0 0 233 1933 1042 575 197 116 0 0
202 1409 739 759 780 207 0 0 140 1084 848 1552 379 93 0 0 118 911 1477 524 410 629 27 0
260 1553 774 616 694 199 0 0 158 1005 813 1744 280 96 0 0 125 1206 947 348 497 972 1 0
0 0 21 95 1013 2967 0 0 0 9 76 594 3188 229 0 0 10 101 1692 1930 247 116 0 0
116 2196 285 137 312 1048 2 0 4 226 296 2174 1140 256 0 0 20 182 252 989 474 2171 8 0
101 1652 983 664 567 129 0 0 24 739 926 1818 442 147 0 0 67 896 694 381 301 1569 188 0
667 2147 623 328 309 22 0 0 563 1365 461 673 757 277 0 0 319 624 550 836 165 1362 240 0
8 1656 569 184 389 787 503 0 2 285 92 1421 1000 1051 241 4 12 313 62 645 504 2130 400 30
228 1046 1005 1030 716 70 1 0 379 2992 279 281 85 80 0 0 334 2465 465 561 168 103 0 0
370 554 194 382 669 1902 25 0 363 720 265 282 1432 1034 0 0 244 599 470 2152 404 227 0 0
24 118 162 401 792 2599 0 0 1 363 164 380 2979 209 0 0 11 450 754 2322 447 112 0 0
0 69 20 16 695 3296 0 0 0 0 1 247 3734 114 0 0 0 0 935 2895 209 57 0 0
0 3149 272 308 165 202 0 0 3 222 73 3324 387 87 0 0 5 183 64 194 232 3300 117 1
70 1166 1162 1158 448 90 2 0 142 2285 586 913 124 46 0 0 110 2080 641 380 244 624 12 5
161 3121 543 271 0 0 0 0 14 866 639 2428 82 67 0 0 0 531 636 281 173 2370 80 25
188 2508 250 158 98 567 327 0 1 314 204 2419 317 471 370 0 0 255 170 492 252 2466 441 20
581 1169 728 549 538 516 15 0 481 771 1018 1231 348 235 12 0 365 1434 908 539 150 664 36 0
237 1484 527 78 401 1338 31 0 174 265 540 1597 1195 318 7 0 82 525 646 1179 268 1372 24 0
0 1530 44 188 884 1445 5 0 0 5 367 1896 1563 265 0 0 0 120 943 1107 407 1515 4 0
