0 0 0 0 647 3449 0 0 0 0 0 0 4082 14 0 0 0 0 0 0 4096 0 0 0
0 0 0 0 610 3486 0 0 0 0 0 0 4057 39 0 0 0 0 0 0 4096 0 0 0
0 0 0 0 655 3441 0 0 0 0 0 0 3949 147 0 0 0 0 0 0 4096 0 0 0
0 0 0 245 765 3086 0 0 0 0 0 212 3567 317 0 0 0 0 0 475 3621 0 0 0
0 0 0 0 25 4071 0 0 0 0 0 0 2868 1228 0 0 0 0 0 0 4096 0 0 0
0 0 0 0 0 4096 0 0 0 0 0 0 786 3310 0 0 0 0 0 0 4096 0 0 0
0 0 0 0 0 4096 0 0 0 0 0 0 24 4072 0 0 0 0 0 0 4096 0 0 0
0 0 0 0 6 4090 0 0 0 0 0 0 61 4035 0 0 0 0 0 0 4096 0 0 0
0 0 0 0 0 4096 0 0 0 0 0 0 0 4096 0 0 0 0 0 0 3595 501 0 0
0 0 0 0 0 4096 0 0 0 0 0 0 0 4096 0 0 0 0 0 0 3267 829 0 0
0 0 0 0 0 4096 0 0 0 0 0 0 0 4096 0 0 0 0 0 0 3342 754 0 0
0 0 0 0 0 4096 0 0 0 0 0 0 0 4096 0 0 0 0 0 0 1272 2824 0 0
0 0 0 0 0 4096 0 0 0 0 0 0 0 4096 0 0 0 0 0 0 205 3891 0 0
0 0 0 0 0 4096 0 0 0 0 0 0 0 4096 0 0 0 0 0 0 50 4046 0 0
0 0 0 0 0 4096 0 0 0 0 0 0 0 4096 0 0 0 0 0 0 15 4081 0 0
0 0 0 0 3264 832 0 0 0 0 0 0 4096 0 0 0 0 0 0 6 4090 0 0 0
0 0 0 0 3726 370 0 0 0 0 0 0 4096 0 0 0 0 0 0 30 4066 0 0 0
0 0 0 0 3292 804 0 0 0 0 0 0 4096 0 0 0 0 0 0 138 3958 0 0 0
0 0 0 238 2926 932 0 0 0 0 0 233 3863 0 0 0 0 0 0 602 3494 0 0 0
0 0 0 0 1560 2536 0 0 0 0 0 0 4095 1 0 0 0 0 0 0 4096 0 0 0
0 0 0 0 257 3839 0 0 0 0 0 0 3561 535 0 0 0 0 0 0 4096 0 0 0
0 0 0 12 36 3996 52 0 0 13 10 7 866 3145 55 0 5 13 9 10 3930 82 47 0
0 0 0 23 363 3704 6 0 5 43 42 88 387 3530 1 0 32 42 57 258 3700 7 0 0
0 0 0 0 146 3950 0 0 0 0 0 7 290 3799 0 0 0 0 0 127 3946 23 0 0
0 0 0 0 0 4096 0 0 0 0 0 0 0 4096 0 0 0 0 0 0 3950 146 0 0
0 0 0 0 0 4096 0 0 0 0 0 0 0 4096 0 0 0 0 0 0 3871 225 0 0
0 0 0 0 0 4096 0 0 0 0 0 0 0 4096 0 0 0 0 0 0 2183 1913 0 0
0 0 0 0 0 4096 0 0 0 0 0 0 0 4096 0 0 0 0 0 0 278 3818 0 0
0 0 0 0 0 4096 0 0 0 0 0 0 0 4096 0 0 0 0 0 0 66 4030 0 0
0 0 0 0 0 4096 0 0 0 0 0 0 0 4096 0 0 0 0 0 0 92 4004 0 0
0 0 0 0 4089 7 0 0 0 0 0 0 4096 0 0 0 0 0 0 108 3988 0 0 0
0 0 0 0 4086 10 0 0 0 0 0 0 4096 0 0 0 0 0 0 138 3958 0 0 0
0 0 0 0 3954 142 0 0 0 0 0 1 4092 3 0 0 0 0 0 79 4017 0 0 0
0 0 0 255 3830 11 0 0 0 0 0 226 3870 0 0 0 0 0 0 738 3358 0 0 0
0 0 0 0 3950 146 0 0 0 0 0 0 4096 0 0 0 0 0 0 52 4044 0 0 0
0 0 0 0 2296 1800 0 0 0 0 0 0 4060 36 0 0 0 0 0 14 4082 0 0 0
260 80 61 91 639 1213 713 1039 452 872 132 174 631 172 534 1129 398 815 201 229 621 168 444 1220
114 30 25 225 1158 1336 720 488 211 488 216 907 1002 533 272 467 406 266 734 1226 587 167 232 478
0 0 4 660 2644 595 193 0 0 0 31 2853 689 523 0 0 0 13 2292 1196 595 0 0 0
0 0 0 0 317 3779 0 0 0 0 0 189 201 3706 0 0 0 0 62 220 3805 9 0 0
0 0 0 0 0 4096 0 0 0 0 0 0 5 4091 0 0 0 0 0 0 4042 54 0 0
0 0 0 0 0 4096 0 0 0 0 0 0 0 4096 0 0 0 0 0 0 3771 325 0 0
0 0 0 0 0 4096 0 0 0 0 0 0 0 4096 0 0 0 0 0 0 2364 1732 0 0
0 0 0 0 0 4096 0 0 0 0 0 0 0 4096 0 0 0 0 0 0 857 3239 0 0
0 0 0 0 0 4096 0 0 0 0 0 0 0 4096 0 0 0 0 0 0 158 3938 0 0
0 0 0 0 4096 0 0 0 0 0 0 0 4096 0 0 0 0 0 0 1186 2910 0 0 0
0 0 0 0 4096 0 0 0 0 0 0 1 4095 0 0 0 0 0 0 1117 2979 0 0 0
0 0 0 0 4030 66 0 0 0 0 0 0 4092 4 0 0 0 0 0 414 3682 0 0 0
0 0 0 202 3894 0 0 0 0 0 0 327 3769 0 0 0 0 0 2 722 3372 0 0 0
0 0 0 0 4091 5 0 0 0 0 0 0 4096 0 0 0 0 0 0 137 3959 0 0 0
0 0 0 0 3812 284 0 0 0 0 0 0 4094 2 0 0 0 0 0 19 4077 0 0 0
708 60 169 386 930 1220 358 265 1110 121 114 258 1416 389 304 384 396 731 198 367 1529 158 284 433
1110 108 108 298 674 977 702 119 1041 169 216 486 788 913 242 241 61 935 663 667 1087 152 244 287
0 0 0 1230 1039 707 1120 0 0 0 0 1979 943 1174 0 0 0 0 1825 1616 651 4 0 0
0 0 0 765 512 2819 0 0 0 0 0 1030 321 2745 0 0 0 0 865 328 2900 3 0 0
0 0 0 0 1 4095 0 0 0 0 0 0 9 4087 0 0 0 0 0 0 4096 0 0 0
0 0 0 0 0 4096 0 0 0 0 0 0 0 4096 0 0 0 0 0 0 4088 8 0 0
0 0 0 0 0 4096 0 0 0 0 0 0 0 4096 0 0 0 0 0 0 3611 485 0 0
0 0 0 0 0 4096 0 0 0 0 0 0 0 4096 0 0 0 0 0 0 2500 1596 0 0
0 0 0 0 0 4096 0 0 0 0 0 0 0 4096 0 0 0 0 0 0 853 3243 0 0
0 0 24 196 2214 593 1069 0 0 2 25 627 1784 519 1117 22 0 14 23 2043 460 1095 461 0
0 0 48 173 2220 633 1012 10 0 0 60 538 1871 502 1111 14 0 17 50 1842 601 1252 333 1
0 3 23 147 2336 573 905 109 0 3 25 395 2089 587 874 123 0 6 33 1188 1423 878 555 13
0 5 41 240 2222 674 910 4 0 11 40 485 1977 625 930 28 0 24 58 1471 1061 1192 290 0
0 6 30 141 2302 815 799 3 0 12 32 364 2089 736 853 10 0 24 35 1059 1507 1155 316 0
0 1 26 26 2153 1199 687 4 0 12 20 134 2373 846 706 5 0 23 15 632 2089 1106 231 0
347 80 49 120 843 2030 599 28 365 65 62 126 1795 1007 622 54 407 48 101 392 2002 893 253 0
210 485 284 283 672 2080 82 0 381 407 264 477 918 1562 87 0 602 337 482 584 1736 355 0 0
1 11 341 864 581 964 1284 50 1 10 516 1198 1198 1105 68 0 10 188 1502 1694 603 68 31 0
0 10 19 972 601 2206 288 0 0 11 19 1103 652 1940 371 0 8 19 911 345 1991 746 76 0
0 8 13 21 565 3153 321 15 0 12 12 16 776 2929 340 11 3 10 13 150 3059 777 84 0
0 3 19 9 609 3232 224 0 0 5 18 10 736 3088 239 0 0 16 12 181 3220 636 31 0
0 8 5 32 533 3266 251 1 0 9 5 28 642 3130 281 1 1 10 9 134 3187 703 52 0
0 7 7 9 655 3291 127 0 0 7 7 8 828 3134 112 0 0 10 6 125 3274 672 9 0
0 6 4 11 904 3121 50 0 0 6 3 15 916 3087 69 0 0 7 6 169 1610 2302 2 0
1 8 158 324 3605 0 0 0 2 23 171 881 3019 0 0 0 3 69 183 3500 341 0 0 0
2 21 224 318 3279 52 50 150 3 61 275 705 3052 0 0 0 35 208 316 2846 691 0 0 0
0 3 87 212 2418 521 304 551 3 104 387 1382 2219 1 0 0 79 327 741 2134 815 0 0 0
3 32 228 260 3555 18 0 0 4 56 235 373 3413 15 0 0 6 160 216 2486 1224 4 0 0
4 26 200 319 3524 23 0 0 4 68 189 369 3446 20 0 0 6 155 176 1809 1948 2 0 0
462 188 386 500 2303 257 0 0 496 263 342 504 2480 11 0 0 574 378 387 506 2251 0 0 0
3850 56 45 91 54 0 0 0 3848 63 43 102 40 0 0 0 3885 46 70 89 6 0 0 0
1516 960 895 454 124 86 61 0 1885 1123 789 165 81 53 0 0 2491 1157 323 93 32 0 0 0
7 91 82 1316 518 603 1419 60 27 107 197 1736 739 1290 0 0 97 144 1633 1368 854 0 0 0
3 122 150 1752 559 1510 0 0 6 139 188 1809 620 1334 0 0 74 158 1660 426 1767 11 0 0
3 33 171 142 476 3271 0 0 3 46 173 132 760 2982 0 0 11 128 159 118 3658 22 0 0
4 40 169 97 386 3400 0 0 4 52 162 102 509 3267 0 0 10 164 93 154 3661 14 0 0
5 21 176 108 245 3541 0 0 5 37 174 102 319 3459 0 0 7 135 127 149 3608 70 0 0
5 20 184 125 168 3594 0 0 5 27 182 127 204 3551 0 0 7 139 123 127 3245 455 0 0
4 28 163 119 204 3578 0 0 5 41 159 117 224 3550 0 0 6 139 88 137 1562 2164 0 0
0 11 210 1359 2516 0 0 0 3 27 211 2224 1631 0 0 0 3 70 190 3534 299 0 0 0
3 38 269 1009 2718 25 18 16 3 68 292 1513 2220 0 0 0 7 145 433 3072 439 0 0 0
8 77 510 1673 1562 63 62 141 7 84 616 2047 1342 0 0 0 74 238 743 2819 222 0 0 0
5 54 187 491 3359 0 0 0 7 64 228 609 3188 0 0 0 11 145 275 2097 1568 0 0 0
3 25 228 300 3517 23 0 0 4 50 226 349 3451 16 0 0 9 151 173 1827 1930 6 0 0
878 415 657 829 1298 19 0 0 952 449 836 659 1198 2 0 0 1125 601 844 587 935 4 0 0
1366 739 449 210 178 182 234 738 1638 697 381 175 193 221 401 390 1771 626 274 161 185 209 323 547
1526 431 395 394 361 518 452 19 1722 569 399 396 612 368 17 13 1921 590 480 795 186 96 18 10
12 97 77 1500 325 778 1304 3 24 116 185 1751 930 1088 1 1 88 166 1943 1695 199 2 2 1
6 114 174 1773 631 1398 0 0 6 159 174 1820 727 1210 0 0 65 185 1679 392 1774 1 0 0
5 48 156 134 680 3073 0 0 5 58 152 138 947 2796 0 0 7 154 105 178 3647 5 0 0
6 46 208 106 357 3373 0 0 3 55 200 111 539 3188 0 0 10 120 191 76 3681 18 0 0
5 41 168 134 287 3461 0 0 6 49 171 124 422 3324 0 0 10 122 154 115 3646 49 0 0
4 26 187 132 221 3526 0 0 4 31 190 128 298 3445 0 0 11 114 162 117 3441 251 0 0
8 22 243 140 199 3484 0 0 8 33 247 130 203 3475 0 0 14 131 192 120 2735 904 0 0
7 104 253 2284 1448 0 0 0 7 124 245 2734 986 0 0 0 7 145 250 3543 151 0 0 0
13 311 646 1801 1298 27 0 0 15 346 850 2100 762 23 0 0 143 679 1650 1483 140 1 0 0
68 955 1796 1271 6 0 0 0 70 1084 2044 891 7 0 0 0 379 2264 1376 75 2 0 0 0
2 328 939 2637 190 0 0 0 18 448 1637 1876 117 0 0 0 306 1553 2008 229 0 0 0 0
10 117 281 359 3327 2 0 0 12 149 255 423 3255 2 0 0 16 240 222 1887 1731 0 0 0
213 331 397 416 2211 209 101 218 282 489 487 524 1989 29 61 235 517 490 515 967 1276 28 59 244
1324 961 503 422 319 312 131 124 2512 1010 110 85 86 120 106 67 3247 306 81 86 80 116 103 77
189 391 505 567 481 880 1067 16 1668 2387 12 6 5 3 5 10 3784 271 12 5 5 4 3 12
15 117 112 1485 200 997 858 312 38 1595 335 1484 161 103 96 284 1291 389 1554 303 94 72 93 300
9 170 227 1737 620 1333 0 0 12 194 239 1761 747 1143 0 0 109 222 1562 506 1695 2 0 0
9 57 224 179 728 2899 0 0 10 73 218 175 969 2651 0 0 15 163 209 169 3510 30 0 0
9 51 230 174 369 3263 0 0 9 68 228 173 494 3124 0 0 15 164 206 165 3462 84 0 0
6 58 221 183 293 3335 0 0 7 65 217 185 357 3265 0 0 15 165 203 158 2958 597 0 0
6 55 212 183 239 3401 0 0 6 53 233 164 272 3368 0 0 11 167 190 160 2800 768 0 0
4 24 213 140 219 3496 0 0 3 30 212 146 235 3470 0 0 6 99 225 112 2097 1557 0 0
3 55 224 2564 1250 0 0 0 4 87 212 2940 853 0 0 0 4 121 192 3765 14 0 0 0
2 25 201 820 2336 365 154 193 4 69 229 1707 1546 226 131 184 36 194 1199 2109 213 126 117 102
4 99 273 3415 305 0 0 0 18 221 491 3363 3 0 0 0 189 349 3543 15 0 0 0 0
0 70 160 3593 273 0 0 0 5 161 209 3694 27 0 0 0 119 284 3574 119 0 0 0 0
6 115 169 586 3215 5 0 0 4 120 174 726 3065 7 0 0 18 166 254 2684 969 5 0 0
0 0 0 5 396 1102 1806 787 2 186 122 434 1288 1309 55 700 1 173 406 2156 539 43 43 735
140 251 82 104 133 1802 1465 119 241 3668 39 16 15 13 15 89 3346 544 58 15 15 12 15 91
1191 242 148 145 165 566 1639 0 1153 2941 2 0 0 0 0 0 3388 701 7 0 0 0 0 0
1538 193 144 409 294 1262 256 0 1775 1960 82 279 0 0 0 0 3171 592 289 44 0 0 0 0
2823 155 144 472 148 354 0 0 2721 256 152 489 157 321 0 0 1325 1540 632 135 395 69 0 0
2814 95 90 84 145 868 0 0 2461 407 102 100 209 817 0 0 62 2259 620 103 952 100 0 0
2761 153 109 92 153 828 0 0 2311 577 116 106 170 816 0 0 193 1986 797 128 740 252 0 0
2893 93 98 81 125 806 0 0 2015 939 95 86 144 817 0 0 11 1537 1445 122 399 582 0 0
2956 222 150 92 109 567 0 0 1473 1735 113 92 121 562 0 0 129 709 2399 203 313 343 0 0
2761 362 138 71 118 646 0 0 1723 1223 243 120 114 673 0 0 389 961 1424 450 264 608 0 0
324 314 716 1929 813 0 0 0 417 601 962 1929 187 0 0 0 610 970 490 2020 6 0 0 0
1 34 152 860 2645 165 87 152 3 78 179 2316 1183 124 85 128 48 171 1342 2147 150 81 84 73
2 104 256 3299 435 0 0 0 13 217 309 3557 0 0 0 0 210 294 3592 0 0 0 0 0
1 85 227 3686 97 0 0 0 3 168 359 3566 0 0 0 0 141 284 3667 4 0 0 0 0
762 532 654 1022 1016 110 0 0 928 815 913 817 623 0 0 0 1430 1060 625 821 160 0 0 0
0 0 5 142 465 1514 1557 413 32 173 178 400 1473 914 330 596 38 156 329 1487 999 115 264 708
0 0 0 15 81 2292 1528 180 158 3558 45 20 15 28 63 209 3533 198 25 25 9 27 39 240
1680 544 236 198 203 656 579 0 1673 2300 116 7 0 0 0 0 2792 1146 158 0 0 0 0 0
1909 183 174 184 334 856 456 0 2260 1829 7 0 0 0 0 0 3703 393 0 0 0 0 0 0
2927 269 411 389 100 0 0 0 2983 480 525 108 0 0 0 0 2678 1198 220 0 0 0 0 0
4083 13 0 0 0 0 0 0 4013 83 0 0 0 0 0 0 947 3106 43 0 0 0 0 0
1959 403 567 734 433 0 0 0 2026 677 969 424 0 0 0 0 1198 2110 788 0 0 0 0 0
3995 67 25 9 0 0 0 0 3942 130 24 0 0 0 0 0 1045 2953 98 0 0 0 0 0
4071 25 0 0 0 0 0 0 3636 460 0 0 0 0 0 0 64 3483 549 0 0 0 0 0
1907 522 726 827 114 0 0 0 2038 1010 1015 33 0 0 0 0 1840 2105 151 0 0 0 0 0
2401 309 518 678 190 0 0 0 2162 686 692 545 11 0 0 0 119 2152 1346 479 0 0 0 0
82 91 189 1125 2523 86 0 0 69 164 221 2499 1080 63 0 0 70 271 1544 1944 266 1 0 0
56 268 363 3071 338 0 0 0 103 394 464 3121 14 0 0 0 436 455 3200 5 0 0 0 0
183 486 803 1334 705 465 120 0 318 848 1043 1338 452 97 0 0 869 1153 1374 501 190 9 0 0
1314 613 705 427 677 359 1 0 1515 837 732 775 237 0 0 0 1903 918 879 395 1 0 0 0
221 422 1199 625 567 1026 24 12 322 650 1270 849 981 4 12 8 591 1112 893 1456 13 8 8 15
0 5 36 202 359 1451 895 1148 243 1861 181 99 90 134 285 1203 1713 414 138 94 83 121 222 1311
68 38 34 38 55 2417 1446 0 160 3936 0 0 0 0 0 0 3931 165 0 0 0 0 0 0
47 141 128 110 247 2725 698 0 105 3989 2 0 0 0 0 0 3842 254 0 0 0 0 0 0
2462 909 503 208 14 0 0 0 2647 1056 359 34 0 0 0 0 3056 835 190 15 0 0 0 0
2969 230 236 363 298 0 0 0 2983 310 450 304 49 0 0 0 1417 2070 478 69 62 0 0 0
2570 337 418 528 179 64 0 0 2563 480 591 258 142 62 0 0 2168 1263 327 171 138 29 0 0
2467 190 329 540 557 13 0 0 2378 459 551 602 92 14 0 0 880 2376 670 54 115 1 0 0
3867 229 0 0 0 0 0 0 2437 1659 0 0 0 0 0 0 21 2087 1988 0 0 0 0 0
3265 360 419 52 0 0 0 0 3120 743 233 0 0 0 0 0 285 3289 510 12 0 0 0 0
3059 422 539 76 0 0 0 0 2750 799 453 88 6 0 0 0 57 2407 1414 178 40 0 0 0
576 214 350 1010 1946 0 0 0 538 370 349 2180 659 0 0 0 155 814 1856 1227 44 0 0 0
695 964 886 1258 287 6 0 0 1100 1046 827 1097 26 0 0 0 1977 1044 1042 32 1 0 0 0
422 265 496 996 1176 668 73 0 522 553 1043 1438 522 18 0 0 728 715 1484 1067 91 11 0 0
1470 593 650 595 347 349 92 0 1636 745 818 439 353 100 5 0 1965 719 724 377 279 28 4 0
636 781 1607 789 187 88 8 0 837 1587 1080 413 82 89 8 0 1547 1477 712 196 68 88 8 0
1727 78 285 240 228 306 710 522 1750 349 441 123 137 234 444 618 1839 425 271 115 154 192 344 756
2605 111 81 92 127 457 581 42 2696 1057 82 45 76 54 41 45 3600 194 60 64 71 40 36 31
2860 56 51 55 40 484 550 0 2987 1109 0 0 0 0 0 0 3926 170 0 0 0 0 0 0
3391 222 232 134 52 65 0 0 3441 328 204 112 11 0 0 0 3586 236 199 74 1 0 0 0
1197 414 771 1232 447 18 17 0 1304 690 1420 444 210 11 17 0 1309 1433 781 378 177 17 1 0
1942 313 420 795 413 184 29 0 2025 405 941 298 232 174 21 0 2182 879 515 189 245 86 0 0
1183 203 463 1119 764 296 68 0 1231 461 1194 389 525 272 24 0 680 2093 399 355 478 91 0 0
3141 76 20 91 526 205 37 0 2635 577 23 157 498 170 36 0 55 2121 1131 487 250 52 0 0
2711 353 184 275 417 145 11 0 2653 542 158 314 306 117 6 0 435 2182 867 416 169 25 2 0
2236 172 203 296 328 637 222 2 2099 373 245 264 417 500 198 0 182 1725 853 392 594 290 60 0
109 52 168 1670 1395 578 124 0 101 81 438 2317 537 530 92 0 19 282 1541 1403 578 273 0 0
608 310 337 993 676 897 260 15 700 326 558 991 591 660 256 14 866 458 1078 417 744 408 112 13
915 130 288 399 1154 889 275 46 937 214 359 903 882 548 173 80 989 276 634 982 758 264 93 100
1704 122 127 177 640 796 502 28 1724 135 134 229 934 425 484 31 1766 126 237 681 544 361 316 65
1479 218 474 484 710 612 119 0 1516 380 576 561 640 326 97 0 1661 610 566 606 438 196 19 0
4028 17 7 9 15 20 0 0 4033 14 8 9 15 17 0 0 4031 16 8 9 15 17 0 0
4056 40 0 0 0 0 0 0 4073 23 0 0 0 0 0 0 4049 47 0 0 0 0 0 0
4063 33 0 0 0 0 0 0 4065 31 0 0 0 0 0 0 4039 57 0 0 0 0 0 0
3522 166 248 64 51 31 14 0 3526 209 221 57 42 30 11 0 3549 295 140 64 30 18 0 0
1223 503 1060 403 614 244 46 3 1262 663 1035 346 577 174 37 2 985 964 1124 626 332 60 5 0
1958 117 129 387 1246 241 18 0 1966 117 153 441 1173 234 12 0 1968 112 305 623 815 273 0 0
2179 112 320 854 621 10 0 0 2161 118 297 888 629 3 0 0 857 1387 416 692 744 0 0 0
2791 824 223 170 85 3 0 0 2672 696 481 209 38 0 0 0 70 2842 1029 151 4 0 0 0
757 1570 789 343 257 182 118 80 946 1726 670 342 280 122 10 0 1460 1263 918 304 151 0 0 0
170 458 949 2332 187 0 0 0 226 1087 1634 1146 3 0 0 0 343 1839 833 1081 0 0 0 0
0 0 0 2028 2016 52 0 0 0 0 55 3980 61 0 0 0 0 4 1638 2436 18 0 0 0
1100 43 84 402 1176 1181 110 0 1124 131 614 1776 451 0 0 0 1153 238 1196 1208 301 0 0 0
2303 105 83 74 56 68 160 1247 2293 109 78 82 57 58 100 1319 2134 246 85 81 58 58 92 1342
2256 93 126 379 615 621 6 0 2314 139 458 623 384 171 7 0 2314 200 791 523 77 162 29 0
3 5 47 69 416 970 2586 0 6 33 135 541 1385 1996 0 0 7 139 491 810 2649 0 0 0
1276 47 37 36 75 478 2142 5 1300 40 35 77 790 1853 1 0 1302 43 41 139 2357 214 0 0
3128 321 88 134 144 232 49 0 3374 108 115 202 221 76 0 0 3412 86 110 271 217 0 0 0
3089 46 33 72 103 127 246 380 3107 45 52 119 143 259 371 0 3119 49 114 181 233 400 0 0
2277 273 769 115 122 168 311 61 2372 898 120 159 237 306 4 0 2751 602 133 286 313 11 0 0
2770 718 606 2 0 0 0 0 2979 1065 52 0 0 0 0 0 3051 1045 0 0 0 0 0 0
406 239 698 2372 381 0 0 0 454 736 2747 159 0 0 0 0 363 2679 1054 0 0 0 0 0
3849 114 125 8 0 0 0 0 3876 182 38 0 0 0 0 0 1233 2860 3 0 0 0 0 0
2800 1159 137 0 0 0 0 0 2497 1238 361 0 0 0 0 0 0 3369 727 0 0 0 0 0
219 1120 861 171 199 460 819 247 31 1061 1276 231 545 642 258 52 60 865 1531 541 866 137 42 54
390 190 931 2169 416 0 0 0 408 812 591 2247 38 0 0 0 336 1038 506 2215 1 0 0 0
0 0 0 2364 1732 0 0 0 0 0 12 3979 105 0 0 0 0 0 1656 2440 0 0 0 0
536 655 944 1162 400 354 45 0 709 1276 879 902 330 0 0 0 1060 1353 1153 283 247 0 0 0
3867 19 13 8 10 11 18 150 3866 15 18 8 10 10 15 154 3846 34 16 10 11 8 13 158
871 64 54 211 996 1136 725 39 907 73 395 1074 929 546 146 26 899 94 646 1454 747 129 126 1
0 0 6 22 45 193 3830 0 0 3 19 39 715 3320 0 0 0 10 31 144 3911 0 0 0
515 852 495 200 381 924 729 0 701 1111 211 425 1228 420 0 0 1552 358 250 725 1211 0 0 0
1977 324 589 678 528 0 0 0 2010 576 514 730 266 0 0 0 1887 845 433 783 148 0 0 0
0 0 58 449 648 843 1406 692 0 0 241 797 910 1505 643 0 0 25 492 1122 1271 1186 0 0
659 419 460 136 289 708 1402 23 695 598 339 422 825 1217 0 0 874 547 407 864 1393 11 0 0
2696 653 741 6 0 0 0 0 2761 936 399 0 0 0 0 0 1472 2387 237 0 0 0 0 0
1332 216 389 753 655 751 0 0 1317 439 561 375 737 667 0 0 295 1743 231 320 846 661 0 0
4096 0 0 0 0 0 0 0 4066 30 0 0 0 0 0 0 27 4029 40 0 0 0 0 0
2898 218 77 90 134 270 273 136 2701 495 101 198 238 254 109 0 16 2658 879 322 217 4 0 0
7 226 124 112 126 399 1552 1550 82 1321 604 211 163 266 211 1238 531 986 554 309 238 94 107 1277
147 413 656 2561 319 0 0 0 170 492 787 2608 39 0 0 0 182 619 1198 2097 0 0 0 0
1 565 304 2092 1134 0 0 0 7 711 258 2970 150 0 0 0 196 657 1421 1822 0 0 0 0
740 519 430 2092 315 0 0 0 761 782 366 2126 61 0 0 0 1059 747 2201 89 0 0 0 0
4018 18 7 14 7 15 17 0 4018 18 7 14 7 16 16 0 4015 20 8 12 7 14 20 0
327 41 27 27 30 75 912 2657 330 40 25 27 42 313 603 2716 314 45 33 27 270 147 902 2358
444 906 654 209 262 457 1052 112 1023 560 545 308 431 658 403 168 1314 321 577 441 741 137 436 129
2 1110 904 1400 680 0 0 0 529 1313 1414 840 0 0 0 0 1068 1383 1542 103 0 0 0 0
1702 171 270 950 985 18 0 0 1708 192 639 1095 462 0 0 0 1297 623 804 945 427 0 0 0
280 114 197 514 498 817 1676 0 271 123 290 912 828 1659 13 0 219 184 455 1081 1585 572 0 0
1414 97 178 115 233 639 1364 56 1426 123 245 322 706 1270 4 0 1418 136 396 692 1231 223 0 0
3160 404 532 0 0 0 0 0 3167 555 374 0 0 0 0 0 2305 1580 211 0 0 0 0 0
2230 159 167 378 455 707 0 0 2200 172 153 318 708 545 0 0 1470 866 157 262 863 478 0 0
4059 16 9 10 2 0 0 0 4062 19 11 4 0 0 0 0 622 3457 17 0 0 0 0 0
367 74 73 93 157 347 1836 1149 375 92 126 264 634 2196 409 0 7 437 450 770 2084 343 5 0
0 0 0 0 0 5 1879 2212 0 250 2276 108 80 104 177 1101 396 1928 204 112 112 116 97 1131
628 2525 735 184 24 0 0 0 666 2970 278 175 7 0 0 0 862 2973 159 102 0 0 0 0
0 2261 1835 0 0 0 0 0 0 3350 746 0 0 0 0 0 389 3672 35 0 0 0 0 0
686 1663 927 277 543 0 0 0 764 2237 991 104 0 0 0 0 1564 2519 13 0 0 0 0 0
2216 103 83 318 625 41 148 562 2232 109 823 153 29 43 139 568 2234 969 69 35 31 34 108 616
73 39 13 15 24 49 249 3634 96 17 11 17 21 43 183 3708 96 17 10 17 22 45 223 3666
1404 352 1618 343 196 104 79 0 1471 329 1630 304 182 98 75 7 1554 289 1602 316 171 73 86 5
297 531 377 618 1691 582 0 0 373 615 508 770 1322 508 0 0 531 694 637 828 1264 142 0 0
1159 774 478 600 246 837 2 0 1227 716 481 613 520 539 0 0 1333 676 523 523 705 336 0 0
986 375 252 401 275 351 900 556 990 376 347 511 299 648 335 590 1107 273 398 500 409 472 348 589
637 231 100 63 94 199 1091 1681 661 245 67 99 189 732 416 1687 692 228 77 150 526 361 578 1484
3278 436 90 86 120 86 0 0 3268 460 74 87 142 65 0 0 3228 496 80 105 165 22 0 0
1358 990 545 564 581 58 0 0 1310 1023 538 615 557 53 0 0 1389 977 569 676 461 24 0 0
2753 125 121 127 170 177 221 402 2748 149 160 237 219 202 377 4 1442 1480 419 223 203 297 32 0
791 94 77 90 101 252 893 1798 824 102 106 145 362 1458 1014 85 807 119 148 491 1430 836 265 0
226 49 49 58 89 239 2521 865 305 124 2429 86 99 135 406 512 498 2169 142 93 98 122 287 687
0 2183 1913 0 0 0 0 0 0 3985 111 0 0 0 0 0 0 4084 12 0 0 0 0 0
0 228 3868 0 0 0 0 0 0 3111 985 0 0 0 0 0 0 4050 46 0 0 0 0 0
0 141 1661 790 1504 0 0 0 0 1574 2373 149 0 0 0 0 206 3854 36 0 0 0 0 0
0 0 278 1259 601 49 151 1758 0 506 1561 52 42 40 104 1791 442 1555 78 44 35 40 83 1819
749 635 166 213 46 52 181 2054 983 441 161 182 48 49 143 2089 1245 240 174 105 42 47 117 2126
104 1168 621 832 945 379 47 0 275 1078 583 802 898 400 60 0 570 888 637 865 817 302 17 0
0 3416 648 14 18 0 0 0 0 4016 50 13 17 0 0 0 33 4014 23 12 14 0 0 0
94 1604 396 456 879 579 88 0 98 1652 383 447 1012 440 64 0 148 1667 400 542 978 360 1 0
121 1791 643 324 368 473 198 178 143 2040 387 319 377 452 181 197 178 2063 366 319 392 413 206 159
4 41 33 23 30 87 330 3548 3 43 29 23 31 69 265 3633 4 20 43 27 28 76 270 3628
1342 2317 64 29 28 39 75 202 1366 2297 66 25 29 37 84 192 1927 1741 62 26 28 37 86 189
721 2309 1066 0 0 0 0 0 697 2569 830 0 0 0 0 0 757 2915 424 0 0 0 0 0
670 937 161 333 592 740 453 210 588 1060 238 773 931 379 127 0 572 1112 637 906 718 151 0 0
1449 1322 178 172 140 314 308 213 1091 1691 298 177 395 259 182 3 1019 1780 340 370 399 154 34 0
1191 655 73 51 70 256 1721 79 839 1153 1386 113 119 160 214 112 868 2244 224 123 113 155 239 130
0 1772 2324 0 0 0 0 0 0 3832 264 0 0 0 0 0 0 4035 61 0 0 0 0 0
0 198 3898 0 0 0 0 0 0 3008 1088 0 0 0 0 0 0 4030 66 0 0 0 0 0
0 85 1137 885 1128 242 430 189 0 987 1876 276 155 206 405 191 268 2455 303 148 144 273 391 114
0 98 205 316 75 135 354 2913 17 368 201 53 64 125 309 2959 237 279 77 57 63 143 313 2927
132 3249 316 45 35 40 60 219 499 3081 126 41 37 31 49 232 1818 1845 42 40 34 33 46 238
6 1574 2224 89 76 93 34 0 21 1934 1861 82 77 83 38 0 147 2933 755 70 80 91 20 0
0 1773 2323 0 0 0 0 0 0 3259 837 0 0 0 0 0 5 4074 17 0 0 0 0 0
1 750 2821 136 204 171 13 0 10 1430 2143 129 211 168 5 0 45 2647 923 135 208 137 1 0
16 2215 1753 112 0 0 0 0 11 2680 1339 66 0 0 0 0 44 3408 546 98 0 0 0 0
0 618 178 61 41 60 238 2900 0 654 143 55 39 51 166 2988 0 529 219 95 36 46 114 3057
255 2822 306 28 45 35 128 477 136 2988 265 17 50 34 122 484 225 2047 1075 58 50 25 118 498
17 2304 1689 86 0 0 0 0 0 2382 1649 65 0 0 0 0 0 1836 1616 644 0 0 0 0
86 2220 319 163 245 260 420 383 1 2386 335 371 344 378 281 0 0 424 1904 920 392 414 42 0
308 3443 293 40 12 0 0 0 4 3745 313 34 0 0 0 0 1 1207 2487 401 0 0 0 0
494 1704 174 62 71 183 1021 387 1 2112 891 117 99 135 311 430 18 986 1661 396 117 130 291 497
2 2173 1816 105 0 0 0 0 0 3614 394 88 0 0 0 0 3 3722 252 119 0 0 0 0
0 657 3257 182 0 0 0 0 0 2555 1396 145 0 0 0 0 0 3168 729 199 0 0 0 0
0 440 328 282 435 498 1380 733 0 525 263 202 445 502 1301 858 0 162 569 187 479 792 1267 640
5 298 70 92 201 469 1255 1706 14 285 64 90 182 412 1130 1919 26 102 233 83 188 430 1400 1634
221 3391 399 83 2 0 0 0 80 3711 256 47 2 0 0 0 513 1486 2043 50 4 0 0 0
0 2355 1574 167 0 0 0 0 0 2543 1408 145 0 0 0 0 0 1117 2467 512 0 0 0 0
0 2835 1081 180 0 0 0 0 0 2710 1239 147 0 0 0 0 0 705 2519 872 0 0 0 0
0 2944 930 222 0 0 0 0 0 2528 1373 195 0 0 0 0 0 189 2376 1531 0 0 0 0
42 3934 92 28 0 0 0 0 9 3923 135 29 0 0 0 0 0 0 3851 245 0 0 0 0
188 1415 64 38 62 105 281 1943 40 1557 64 37 52 94 211 2041 0 14 1570 86 67 85 215 2059
534 2753 44 47 41 71 132 474 189 3092 44 52 42 67 109 501 0 65 3182 98 58 60 116 517
11 3930 155 0 0 0 0 0 0 3298 798 0 0 0 0 0 0 0 2304 1792 0 0 0 0
31 4049 16 0 0 0 0 0 1 3946 149 0 0 0 0 0 0 0 2790 1306 0 0 0 0
41 4054 1 0 0 0 0 0 0 4015 81 0 0 0 0 0 0 0 2125 1971 0 0 0 0
2464 1336 102 26 14 20 25 109 2407 1334 154 31 15 18 28 109 2291 384 641 606 15 16 30 113
3 4032 48 13 0 0 0 0 0 3998 90 8 0 0 0 0 0 0 3968 128 0 0 0 0
0 3460 636 0 0 0 0 0 0 3522 574 0 0 0 0 0 0 0 3555 541 0 0 0 0
538 2575 367 51 253 112 198 2 536 2693 249 42 215 147 212 2 489 128 2757 126 158 197 222 19
588 788 125 123 154 358 1953 7 570 785 129 125 144 243 2011 89 555 132 761 149 139 229 2066 65
10 4037 49 0 0 0 0 0 1 3982 113 0 0 0 0 0 0 0 3841 255 0 0 0 0
0 3803 293 0 0 0 0 0 0 3381 715 0 0 0 0 0 0 0 3233 863 0 0 0 0
0 3338 758 0 0 0 0 0 0 2877 1219 0 0 0 0 0 0 0 2506 1590 0 0 0 0
0 3669 427 0 0 0 0 0 0 3060 1036 0 0 0 0 0 0 0 2190 1906 0 0 0 0
3 3842 57 21 25 33 60 55 0 3655 243 19 28 32 51 68 0 0 3010 896 28 35 62 65
0 188 121 115 290 719 1365 1298 0 184 119 106 256 589 1298 1544 0 13 212 161 274 598 1401 1437
64 2372 100 128 272 216 378 566 12 2333 177 117 254 231 332 640 0 126 2123 359 297 249 436 506
0 3793 303 0 0 0 0 0 0 2762 1334 0 0 0 0 0 0 0 1058 3038 0 0 0 0
1 3920 175 0 0 0 0 0 0 2676 1420 0 0 0 0 0 0 0 699 3397 0 0 0 0
2 2983 160 144 261 546 0 0 0 2592 621 378 505 0 0 0 0 0 1071 3025 0 0 0 0
2519 122 59 75 105 526 690 0 2594 83 69 172 764 414 0 0 2602 82 129 503 780 0 0 0
0 3983 113 0 0 0 0 0 0 3912 184 0 0 0 0 0 0 0 3689 407 0 0 0 0
0 2550 1546 0 0 0 0 0 0 3047 1049 0 0 0 0 0 0 0 3340 756 0 0 0 0
633 1826 816 467 302 33 11 8 611 2029 555 45 83 254 480 39 671 494 2556 308 38 13 9 7
1207 1642 235 136 218 279 304 75 1191 1697 200 107 132 223 372 174 1181 170 1643 297 162 245 315 83
0 3868 228 0 0 0 0 0 0 3772 324 0 0 0 0 0 0 0 3569 527 0 0 0 0
0 3350 746 0 0 0 0 0 0 3162 934 0 0 0 0 0 0 0 2860 1236 0 0 0 0
0 3233 863 0 0 0 0 0 0 2802 1294 0 0 0 0 0 0 0 2197 1899 0 0 0 0
0 3552 544 0 0 0 0 0 0 2829 1267 0 0 0 0 0 0 0 1608 2488 0 0 0 0
4 3219 325 45 150 169 159 25 0 2621 915 42 133 169 170 46 0 10 1270 2274 99 251 179 13
83 2459 250 314 594 221 56 119 29 2238 503 257 588 298 50 133 7 185 1231 1530 601 346 75 121
1 3609 307 115 61 3 0 0 0 2689 1227 98 78 4 0 0 0 0 1316 2682 90 8 0 0
0 3112 696 202 86 0 0 0 0 1656 2152 207 81 0 0 0 0 0 579 3431 86 0 0 0
2 3391 473 230 0 0 0 0 0 2200 1640 249 7 0 0 0 0 0 611 3431 54 0 0 0
1 1172 191 260 366 1261 845 0 0 1002 445 539 1465 645 0 0 0 0 902 2078 1116 0 0 0
40 9 11 11 33 236 3756 0 44 11 10 39 891 3101 0 0 48 10 16 119 3903 0 0 0
0 3346 750 0 0 0 0 0 0 3440 656 0 0 0 0 0 0 0 2133 1963 0 0 0 0
0 2490 1606 0 0 0 0 0 0 3038 1058 0 0 0 0 0 0 0 2206 1890 0 0 0 0
67 1440 1449 292 195 129 292 232 69 1741 1114 248 108 177 367 272 44 185 1675 1464 107 113 338 170
69 2606 484 311 257 219 146 4 62 2249 824 327 233 193 184 24 13 148 2008 1284 293 221 125 4
0 3218 574 178 126 0 0 0 0 3101 708 224 63 0 0 0 0 8 1975 1985 128 0 0 0
0 2405 1378 144 169 0 0 0 0 2457 1331 150 158 0 0 0 0 0 1198 2763 135 0 0 0
0 3023 774 231 68 0 0 0 0 2550 1247 252 47 0 0 0 0 0 1522 2487 87 0 0 0
0 3084 723 222 67 0 0 0 0 2666 1149 209 72 0 0 0 0 0 1290 2718 88 0 0 0
0 3311 477 233 75 0 0 0 0 2975 818 245 58 0 0 0 0 0 1443 2525 128 0 0 0
0 3116 671 150 159 0 0 0 0 2436 1355 151 154 0 0 0 0 0 718 3202 176 0 0 0
0 2735 1183 75 103 0 0 0 0 1574 2350 93 79 0 0 0 0 0 268 3713 115 0 0 0
0 3179 917 0 0 0 0 0 0 1612 2484 0 0 0 0 0 0 0 76 4020 0 0 0 0
0 3163 343 48 48 61 119 314 0 2193 1302 52 43 53 98 355 0 0 376 3150 53 73 153 291
0 80 44 43 67 557 2481 824 0 71 70 83 653 2355 76 788 0 0 127 1040 2050 75 89 715
14 1872 225 232 404 818 531 0 0 1758 514 494 852 478 0 0 0 0 1745 1703 648 0 0 0
