9 1259 1735 821 118 63 38 53 31 1732 1382 661 113 74 41 62 530 1856 1082 361 96 71 43 57
15 486 2027 1039 118 63 70 278 19 1120 2122 344 87 62 68 274 1032 2203 325 91 70 54 87 234
32 220 1754 1736 284 69 1 0 69 1117 2117 705 81 7 0 0 2006 1879 188 23 0 0 0 0
314 1364 1207 862 182 70 51 46 756 1609 1179 373 84 39 43 13 2268 1336 272 86 65 37 17 15
21 594 1531 1628 279 37 5 1 170 1324 1962 568 64 8 0 0 2018 1813 232 28 5 0 0 0
174 835 1508 1290 246 9 11 23 335 1287 1704 686 42 12 8 22 1716 1821 457 54 10 14 10 14
7 615 2243 725 181 76 66 183 52 1035 1997 525 170 75 64 178 422 2130 857 325 89 57 70 146
202 1129 1961 707 78 3 5 11 435 1657 1526 438 23 6 5 6 1096 2239 610 132 7 6 6 0
191 546 1758 914 319 127 68 173 285 1020 1641 579 233 101 71 166 1131 1823 549 229 104 58 70 132
255 906 1717 781 327 79 20 11 463 1586 1341 473 146 51 23 13 2083 1324 458 94 58 40 26 13
368 1148 957 542 394 296 172 219 510 1266 913 487 343 210 163 204 536 1156 827 507 342 255 188 285
21 535 1320 1092 639 193 96 200 117 832 1326 956 451 170 79 165 698 1377 1107 400 229 111 83 91
5 668 1467 963 515 257 72 149 140 1170 1365 775 335 106 58 147 1026 1734 689 322 103 62 74 86
129 926 1610 907 383 118 15 8 295 1354 1559 661 181 27 13 6 859 2341 690 150 14 24 10 8
492 1223 1085 620 356 197 90 33 794 1280 994 468 308 161 74 17 1010 1266 875 467 287 130 50 11
392 1303 1100 719 355 151 61 15 759 1246 974 592 334 142 42 7 776 1388 944 573 296 87 29 3
564 1355 1183 577 277 91 34 15 858 1463 999 459 229 58 20 10 1235 1379 795 412 195 52 21 7
564 1792 1204 368 116 38 9 5 890 1853 890 314 108 31 7 3 1561 1575 602 235 90 19 8 6
698 1663 1052 454 167 34 16 12 1175 1615 823 345 90 27 13 8 1794 1310 635 243 75 27 9 3
608 1599 1038 523 229 75 19 5 1014 1535 844 478 153 54 15 3 1265 1474 779 384 136 45 10 3
354 1286 1130 681 392 186 54 13 632 1383 942 604 344 156 29 6 778 1274 947 599 352 122 18 6
365 719 920 835 571 425 200 61 490 922 978 721 493 315 157 20 660 900 860 732 483 277 139 45
317 842 886 758 578 379 225 111 518 914 914 712 517 303 168 50 643 832 847 674 563 347 134 56
95 399 973 606 411 705 668 239 204 894 784 476 757 681 246 54 558 969 712 464 544 596 197 56
137 337 370 258 403 991 1268 332 244 400 331 357 1146 1199 313 106 535 1493 1107 425 289 130 73 44
317 598 324 323 299 585 1345 305 489 511 310 377 668 1289 231 221 478 1551 1036 396 192 129 131 183
529 1008 691 343 328 554 501 142 755 1200 415 377 673 464 133 79 654 1275 847 775 256 111 71 107
434 821 1041 730 480 361 164 65 693 1141 936 494 449 241 100 42 622 700 691 688 610 504 175 106
1024 1232 880 420 299 169 57 15 1421 1118 679 423 268 145 36 6 1030 977 689 602 424 246 91 37
1255 1173 669 349 284 210 115 41 1330 1242 592 372 258 192 94 16 1382 1054 649 475 314 146 64 12
1015 1212 821 412 293 167 132 44 1107 1395 608 391 311 200 66 18 1000 914 737 663 519 186 67 10
202 518 1547 514 221 252 490 352 316 944 1247 361 286 516 223 203 358 478 676 715 1183 418 130 138
215 631 1119 595 225 310 596 405 336 835 1006 452 409 571 166 321 317 695 726 905 666 329 123 335
430 756 1989 282 140 165 135 199 593 2199 556 179 145 192 117 115 599 462 354 623 1236 595 62 165
509 843 978 886 293 231 149 207 714 1061 1169 410 244 247 224 27 569 688 753 611 459 797 206 13
