502 442 2570 582 0 0 0 0 726 297 3017 56 0 0 0 0 613 392 1919 1172 0 0 0 0
110 628 315 2883 138 22 0 0 555 245 680 2473 129 14 0 0 485 296 241 2670 279 118 7 0
6 106 35 3732 131 52 24 10 74 53 44 3722 128 45 22 8 43 65 35 3623 210 67 31 22
6 22 27 3581 392 43 7 18 6 21 29 3786 207 24 6 17 12 22 45 3628 343 21 7 18
165 547 118 2226 548 168 66 258 370 354 139 2313 485 126 55 254 435 284 164 2184 612 108 52 257
584 749 239 2415 109 0 0 0 910 419 274 2397 96 0 0 0 1020 299 324 2324 129 0 0 0
158 1190 170 1742 329 138 54 315 438 903 187 1762 264 148 60 334 651 523 365 1717 276 143 77 344
773 323 303 2568 129 0 0 0 930 170 414 2534 48 0 0 0 877 201 386 2430 202 0 0 0
636 233 556 2666 5 0 0 0 661 212 793 2430 0 0 0 0 653 214 533 2689 7 0 0 0
166 480 727 2487 118 39 12 67 162 479 1397 1815 112 45 17 69 142 408 446 2793 198 31 13 65
0 0 3090 1006 0 0 0 0 0 0 3197 899 0 0 0 0 0 0 2473 1597 26 0 0 0
744 268 1588 1339 93 30 11 23 785 266 1948 955 80 27 10 25 757 267 1191 1671 127 35 17 31
276 473 834 2064 168 61 31 189 296 446 1162 1747 160 58 36 191 295 331 897 1991 290 68 33 191
437 297 623 2606 88 9 6 30 558 200 801 2447 45 9 6 30 549 222 759 2471 45 12 7 31
111 463 193 3003 206 34 8 78 319 286 475 2821 80 26 11 78 348 263 583 2722 62 26 13 79
170 365 185 2909 263 43 23 138 320 241 291 2847 183 44 30 140 315 258 429 2712 164 50 26 142
593 301 297 2402 361 28 17 97 790 138 522 2312 188 31 12 103 798 143 567 2303 136 30 22 97
295 729 655 1621 559 44 27 166 587 488 784 1790 201 49 24 173 438 602 763 1822 213 49 34 175
545 287 630 2264 198 31 23 118 722 177 766 2123 130 32 25 121 700 174 654 2106 267 44 22 129
246 380 1458 1865 59 19 10 59 372 402 2069 1132 39 15 10 57 317 407 1521 1749 25 10 11 56
0 2 11 499 3584 0 0 0 0 1 12 503 3579 1 0 0 0 0 1 193 2087 1815 0 0
649 238 335 1494 1380 0 0 0 716 169 353 1438 1420 0 0 0 646 206 315 1338 1529 62 0 0
1 24 315 2570 1186 0 0 0 4 28 394 2518 1152 0 0 0 4 30 291 2589 1182 0 0 0
1059 232 937 1868 0 0 0 0 1145 181 1094 1676 0 0 0 0 1147 168 874 1907 0 0 0 0
127 277 2668 1024 0 0 0 0 134 308 3065 589 0 0 0 0 128 261 2780 927 0 0 0 0
73 313 891 2691 128 0 0 0 213 210 1240 2355 78 0 0 0 214 223 1146 2443 70 0 0 0
0 6 137 1169 1755 926 103 0 0 14 171 1258 1643 856 154 0 0 15 137 1311 1680 873 80 0
0 29 86 441 1144 1406 990 0 0 22 88 482 1107 1340 1057 0 0 8 78 429 1136 1471 974 0
0 0 0 192 1328 1502 1074 0 0 0 0 233 1362 1420 1081 0 0 0 0 35 1156 1561 1344 0
0 0 117 1597 1596 786 0 0 0 0 212 1557 1593 734 0 0 0 0 15 1314 1689 1028 50 0
579 268 186 465 2308 286 4 0 636 269 196 441 2304 250 0 0 485 416 194 422 2185 382 12 0
665 68 80 672 2451 158 2 0 686 46 81 634 2499 148 2 0 101 615 92 756 2249 281 2 0
577 30 21 294 2940 224 10 0 575 32 21 360 2884 215 9 0 5 596 25 653 2577 229 11 0
467 146 77 2931 297 174 4 0 538 85 97 3013 184 177 2 0 307 303 373 2829 100 175 9 0
68 40 770 2968 139 107 4 0 68 47 1309 2426 134 108 4 0 63 54 2018 1727 114 112 8 0
60 76 139 2314 1253 254 0 0 70 100 135 2524 1141 126 0 0 18 135 208 2824 820 91 0 0
0 27 33 181 1276 2536 43 0 0 26 38 204 1481 2249 98 0 0 4 59 330 2364 1302 37 0
15 86 71 145 1030 2389 360 0 1 85 77 174 1084 2233 442 0 0 19 128 197 1501 1835 416 0
0 0 0 9 382 2994 711 0 0 0 0 11 569 2760 756 0 0 0 0 17 971 2181 927 0
0 22 107 271 2249 1447 0 0 0 33 125 294 2530 1114 0 0 3 46 156 531 2446 900 14 0
1509 482 848 793 264 171 28 1 2103 308 729 610 193 124 29 0 1244 1145 619 741 176 139 32 0
1889 275 716 969 137 110 0 0 2562 192 403 735 142 62 0 0 761 1989 270 794 218 64 0 0
1762 250 731 765 497 91 0 0 2482 79 306 724 443 62 0 0 703 1853 280 680 516 61 3 0
1516 335 696 692 804 52 1 0 2197 92 373 649 736 49 0 0 839 1445 360 649 747 56 0 0
347 530 602 1603 951 63 0 0 654 360 637 1508 882 55 0 0 594 446 820 1391 810 35 0 0
1079 446 490 1087 971 23 0 0 965 573 532 1054 950 22 0 0 230 851 889 1110 983 33 0 0
1200 374 240 357 1846 78 1 0 774 849 426 317 1665 64 1 0 362 401 1256 344 1718 13 2 0
2408 275 178 258 977 0 0 0 1894 959 599 225 419 0 0 0 56 870 2462 199 509 0 0 0
2622 292 308 706 168 0 0 0 1838 1067 428 601 162 0 0 0 24 1128 2019 647 278 0 0 0
941 243 359 746 1807 0 0 0 711 480 401 700 1804 0 0 0 24 688 836 794 1754 0 0 0
0 0 0 1105 898 2050 43 0 0 0 1586 1958 530 22 0 0 0 0 1947 1159 968 22 0 0
0 0 0 346 1896 1840 14 0 0 0 109 2001 1986 0 0 0 0 0 367 1529 2170 30 0 0
0 0 0 6 3229 834 27 0 0 0 0 521 3543 32 0 0 0 0 0 523 3359 214 0 0
0 0 0 0 3077 1000 19 0 0 0 0 0 3550 534 12 0 0 0 0 0 2926 1160 10 0
11 8 7 36 2737 1273 24 0 11 8 7 35 3169 849 17 0 10 9 7 7 2644 1398 21 0
3 3 6 32 2226 1815 11 0 4 6 3 28 2263 1785 7 0 3 5 4 6 2117 1956 5 0
0 3 5 25 1579 2431 53 0 0 2 6 24 1489 2523 52 0 0 2 6 33 1586 2445 24 0
0 0 0 0 1457 2626 13 0 0 0 0 0 1491 2591 14 0 0 0 0 0 942 3152 2 0
0 0 0 23 3471 602 0 0 0 0 0 25 3579 492 0 0 0 0 0 6 3096 994 0 0
0 0 0 769 3327 0 0 0 0 0 0 1153 2943 0 0 0 0 0 0 1210 2886 0 0 0
0 0 0 341 3044 680 31 0 0 0 600 746 2663 87 0 0 0 0 578 274 3141 103 0 0
0 0 0 3 3359 697 37 0 0 0 3 103 3490 477 23 0 0 0 24 81 2518 1438 35 0
0 0 0 0 2725 1289 82 0 0 0 0 0 3248 785 63 0 0 0 0 0 1863 2169 64 0
0 0 0 0 1864 2152 80 0 0 0 0 0 2738 1311 47 0 0 0 0 0 2232 1836 28 0
0 0 0 4 1470 2550 72 0 0 0 0 5 2421 1616 54 0 0 0 0 5 2037 2021 33 0
0 0 1 285 2454 1294 62 0 0 0 2 253 2669 1114 58 0 0 0 1 6 2321 1723 45 0
0 0 0 0 1888 2208 0 0 0 0 0 0 2048 2048 0 0 0 0 0 0 1832 2264 0 0
0 0 0 0 3012 1084 0 0 0 0 0 0 3030 1066 0 0 0 0 0 0 2465 1631 0 0
0 0 0 0 3931 165 0 0 0 0 0 0 3967 129 0 0 0 0 0 0 3665 431 0 0
0 0 239 764 3093 0 0 0 0 0 245 1126 2725 0 0 0 0 0 9 484 3603 0 0 0
