55 1093 703 535 636 1058 14 2 74 1612 1003 1249 119 28 10 1 1553 1614 811 44 38 24 9 3
37 1065 554 440 514 1486 0 0 54 1450 877 1082 632 1 0 0 1140 2055 890 5 6 0 0 0
4 268 125 122 204 3343 30 0 0 335 243 1685 1833 0 0 0 315 3459 322 0 0 0 0 0
0 0 0 0 0 4084 12 0 0 0 0 1710 2386 0 0 0 0 4017 79 0 0 0 0 0
0 0 0 0 93 4003 0 0 0 0 0 4053 43 0 0 0 125 3971 0 0 0 0 0 0
0 0 0 2 7 4076 10 1 0 1 9 3137 948 1 0 0 2194 1901 0 1 0 0 0 0
0 0 0 0 0 3703 393 0 0 0 0 335 3761 0 0 0 34 4062 0 0 0 0 0 0
0 0 0 0 59 3234 803 0 0 0 19 188 3882 7 0 0 64 3940 92 0 0 0 0 0
0 0 0 4 20 3828 244 0 0 0 10 25 4055 6 0 0 23 3682 391 0 0 0 0 0
0 0 0 0 0 4096 0 0 0 0 0 3197 899 0 0 0 90 4006 0 0 0 0 0 0
1 5 12 59 570 2695 644 110 4 18 304 2299 1031 205 235 0 1959 1534 173 82 122 218 8 0
0 0 9 40 64 2327 1514 142 0 3 73 479 3056 222 241 22 257 2987 326 118 110 131 149 18
0 0 0 0 1 1505 2590 0 0 0 0 78 3965 53 0 0 83 3942 70 1 0 0 0 0
1 9 10 22 43 2169 1841 1 4 17 26 86 3957 6 0 0 51 3889 151 5 0 0 0 0
0 0 0 0 0 4062 34 0 0 0 0 1857 2239 0 0 0 499 3597 0 0 0 0 0 0
10 49 178 1052 2216 432 96 63 41 406 2270 1126 88 102 59 4 2856 918 109 58 85 57 11 2
0 37 36 52 97 2930 926 18 3 65 90 1964 1788 186 0 0 2401 1317 356 18 4 0 0 0
426 233 140 132 252 1684 948 281 578 217 254 1211 1299 380 140 17 1990 1035 413 261 269 100 25 3
0 0 1 8 19 2954 1112 2 0 2 12 179 3899 3 1 0 1038 3041 15 2 0 0 0 0
0 0 0 0 0 3950 146 0 0 0 0 2664 1432 0 0 0 2702 1394 0 0 0 0 0 0
149 587 250 715 1503 692 131 69 390 659 1365 1334 147 104 84 13 1925 1600 254 79 67 83 79 9
92 662 35 61 159 733 2352 2 102 681 61 538 2692 22 0 0 558 3011 522 4 1 0 0 0
666 85 55 146 255 628 2010 251 727 95 236 436 1646 701 173 82 1024 1602 716 282 186 133 121 32
301 313 220 175 224 307 2511 45 547 307 239 275 1860 852 16 0 840 1970 1090 136 45 15 0 0
0 0 0 0 0 1917 2179 0 0 0 0 112 3965 19 0 0 39 3869 188 0 0 0 0 0
415 672 125 127 517 1871 347 22 490 719 491 1479 562 277 78 0 2161 1199 237 64 94 235 101 5
164 903 213 190 323 1836 467 0 311 1072 313 1223 1172 5 0 0 2172 1622 302 0 0 0 0 0
89 378 159 226 380 1510 1193 161 363 252 339 1252 1472 217 160 41 1907 1091 442 205 182 136 101 32
870 314 239 490 699 774 653 57 1101 421 893 709 844 50 46 32 2175 1528 233 36 22 24 22 56
71 313 137 123 589 2379 484 0 329 158 652 1682 1275 0 0 0 2559 1537 0 0 0 0 0 0
965 503 437 495 338 794 405 159 1142 456 813 763 478 148 273 23 1924 1126 483 261 129 70 64 39
86 762 563 764 341 921 534 125 172 826 1170 854 783 64 214 13 998 1691 1081 109 150 64 3 0
131 63 250 1087 274 748 1217 326 162 86 1221 665 1449 109 348 56 1207 1578 721 162 293 135 0 0
728 168 391 1404 369 459 443 134 834 507 1438 477 608 72 135 25 1767 998 1087 63 105 67 9 0
25 6 147 845 158 1455 1293 167 26 25 933 519 2189 130 271 3 1302 1799 625 79 254 36 1 0
