47 441 686 1338 1148 46 27 363 784 282 642 1732 243 26 28 359 844 302 1679 672 152 28 37 382
83 260 519 544 2169 125 48 348 350 431 351 1516 1001 62 36 349 461 383 635 1836 320 52 52 357
0 7 313 460 2772 396 25 123 30 272 281 1453 1865 56 20 119 92 224 582 2633 360 54 21 130
0 5 254 346 2468 772 41 210 27 238 163 1353 1858 223 35 199 124 177 537 2171 648 186 37 216
12 73 112 389 2644 635 59 172 50 102 150 1757 1391 441 40 165 78 110 625 2178 484 341 94 186
0 71 670 2676 606 73 0 0 536 2816 121 227 396 0 0 0 999 2400 150 410 137 0 0 0
64 184 640 1609 1424 170 5 0 551 2928 178 179 255 1 4 0 759 2771 179 285 97 0 5 0
9 67 465 896 1792 852 6 9 105 2223 308 341 658 448 2 11 334 2060 388 331 791 177 4 11
8 108 461 303 820 1963 365 68 104 550 663 225 705 1710 78 61 347 852 186 211 677 1461 291 71
0 7 23 41 238 3499 215 73 6 16 33 57 1394 2382 136 72 8 13 28 80 1270 2089 518 90
438 545 129 259 1926 783 16 0 421 577 178 319 2237 355 9 0 115 844 229 483 2054 358 13 0
539 313 208 490 844 1625 77 0 564 380 418 463 1510 736 25 0 312 413 576 528 1809 407 51 0
503 129 98 131 459 2614 162 0 559 112 191 248 1818 1117 51 0 86 147 522 353 2243 705 40 0
121 72 126 222 406 1306 1843 0 140 179 1724 601 556 856 40 0 109 1544 623 373 675 716 56 0
279 170 258 132 124 836 2294 3 347 371 2370 366 214 419 9 0 531 2112 610 233 216 377 17 0
117 17 7 105 856 2992 2 0 124 13 13 723 3037 186 0 0 21 138 275 1963 1699 0 0 0
55 36 70 189 805 2919 22 0 68 49 193 415 2677 694 0 0 73 110 333 1933 1641 6 0 0
558 57 43 73 503 2809 53 0 580 56 58 314 1781 1307 0 0 467 85 239 1339 1941 25 0 0
35 27 17 85 414 2371 1147 0 48 24 92 554 2116 1262 0 0 53 38 484 1592 1870 59 0 0
12 8 22 116 545 2215 1178 0 20 34 102 1177 2410 353 0 0 19 84 1096 2085 789 22 1 0
