52 697 2710 630 7 0 0 0 516 3219 361 0 0 0 0 0 3762 334 0 0 0 0 0 0
19 224 2850 1001 2 0 0 0 453 3550 93 0 0 0 0 0 3909 187 0 0 0 0 0 0
1 555 1460 2039 36 4 1 0 539 3294 243 15 4 1 0 0 3792 280 18 5 1 0 0 0
4 979 880 994 351 262 210 416 413 1951 701 147 230 163 171 320 1978 1062 147 208 139 152 169 241
172 756 557 180 156 170 266 1839 268 1055 330 141 135 204 216 1747 767 617 235 147 131 214 250 1735
111 675 553 190 131 206 230 2000 149 1001 375 129 122 175 254 1891 726 522 245 111 187 162 264 1879
1 970 1207 485 331 210 244 648 527 1815 485 149 186 165 254 515 1995 749 205 173 153 196 211 414
0 899 2450 741 3 2 1 0 830 3171 88 2 4 1 0 0 3924 165 2 2 2 1 0 0
0 1939 1068 1042 43 3 1 0 1723 1470 871 27 4 1 0 0 3112 937 34 11 1 1 0 0
0 514 1814 1768 0 0 0 0 454 1340 2302 0 0 0 0 0 1054 2967 75 0 0 0 0 0
33 723 2012 409 235 131 209 344 359 2462 425 161 111 115 317 146 2705 504 189 113 109 229 213 34
53 988 2341 654 59 1 0 0 871 2859 342 24 0 0 0 0 3674 413 9 0 0 0 0 0
46 1579 1385 886 193 4 3 0 1632 1914 536 7 4 3 0 0 3807 270 12 4 3 0 0 0
7 512 1221 874 1088 165 81 148 420 1669 1390 271 114 58 114 60 1939 1624 187 104 53 89 86 14
9 127 80 211 534 827 474 1834 59 142 189 653 641 384 678 1350 137 213 493 748 325 515 897 768
9 178 148 133 325 894 425 1984 89 166 149 366 740 463 571 1552 180 142 308 624 617 328 973 924
49 661 1064 1072 537 223 213 277 414 1473 1296 207 170 176 239 121 1512 1637 220 163 151 224 145 44
112 1904 1279 780 11 7 1 2 1756 1798 521 10 8 1 2 0 3577 492 12 8 4 1 2 0
1 518 1462 2115 0 0 0 0 453 1429 2214 0 0 0 0 0 1203 2832 61 0 0 0 0 0
0 0 0 3136 960 0 0 0 0 0 2646 1450 0 0 0 0 0 1249 2847 0 0 0 0 0
0 9 191 711 3184 1 0 0 10 268 978 2840 0 0 0 0 179 784 3130 3 0 0 0 0
0 185 753 2953 205 0 0 0 143 1210 2742 1 0 0 0 0 1111 2924 61 0 0 0 0 0
0 13 649 3300 134 0 0 0 9 1903 2184 0 0 0 0 0 1538 2558 0 0 0 0 0 0
0 0 0 1705 2128 263 0 0 0 256 2891 837 112 0 0 0 61 2863 1005 167 0 0 0 0
0 0 10 117 350 3611 8 0 0 29 117 476 3474 0 0 0 19 87 378 3412 200 0 0 0
25 165 31 137 188 3546 4 0 111 88 121 206 3555 15 0 0 177 95 139 3140 545 0 0 0
0 0 116 2258 1219 503 0 0 0 231 2476 961 428 0 0 0 19 2250 1225 602 0 0 0 0
0 826 1424 1452 374 20 0 0 480 1909 1403 304 0 0 0 0 1429 2297 370 0 0 0 0 0
0 0 201 2806 1089 0 0 0 0 140 3158 798 0 0 0 0 0 2254 1842 0 0 0 0 0
0 0 338 1450 2308 0 0 0 0 0 1744 2352 0 0 0 0 0 1118 2978 0 0 0 0 0
730 185 784 1514 883 0 0 0 794 244 2164 894 0 0 0 0 906 1312 1878 0 0 0 0 0
0 6 778 2027 1266 19 0 0 0 57 3784 245 10 0 0 0 22 3399 663 11 1 0 0 0
0 0 458 2411 1056 127 44 0 0 15 3812 90 111 68 0 0 2 3686 228 144 36 0 0 0
0 0 61 2535 1040 396 63 1 0 0 2199 1570 263 34 30 0 0 1180 2545 307 48 16 0 0
0 1 29 666 2077 1230 83 10 0 18 45 2614 1236 111 72 0 0 32 1313 2221 451 79 0 0
284 133 131 1337 1159 921 122 9 354 128 317 2143 970 104 80 0 404 172 1916 1368 133 102 1 0
499 157 1406 1385 497 72 80 0 548 242 2496 635 79 93 3 0 616 1987 1265 125 101 2 0 0
16 1577 1614 638 161 75 15 0 317 2593 937 142 74 33 0 0 1206 2578 201 81 30 0 0 0
97 243 3089 597 36 24 10 0 166 359 3482 52 36 1 0 0 326 3642 92 33 3 0 0 0
0 0 3408 688 0 0 0 0 0 0 4096 0 0 0 0 0 0 3775 321 0 0 0 0 0
84 122 998 2062 830 0 0 0 129 167 3783 17 0 0 0 0 260 3701 135 0 0 0 0 0
60 139 994 1907 982 14 0 0 156 182 3559 190 7 2 0 0 278 3621 189 6 2 0 0 0
64 168 481 2190 714 349 130 0 151 112 3165 410 194 64 0 0 237 3345 307 190 17 0 0 0
64 173 86 2501 592 646 34 0 127 136 2199 1500 84 50 0 0 223 1730 2020 95 28 0 0 0
25 159 72 1278 1757 738 67 0 86 170 308 3264 181 87 0 0 240 529 3162 85 80 0 0 0
34 138 91 2476 619 660 78 0 120 113 855 2867 51 68 22 0 213 864 2890 23 69 37 0 0
75 159 1275 1482 608 445 39 13 181 254 2746 828 28 23 36 0 269 2669 1037 56 16 49 0 0
160 1429 1434 597 398 77 1 0 224 2869 901 41 46 15 0 0 1573 2410 48 49 16 0 0 0
225 1106 1840 788 106 31 0 0 479 1700 1762 114 41 0 0 0 1879 2060 127 30 0 0 0 0
174 184 3329 409 0 0 0 0 292 424 3380 0 0 0 0 0 560 3536 0 0 0 0 0 0
0 0 0 4 1977 2113 2 0 0 0 2397 1699 0 0 0 0 1019 3070 7 0 0 0 0 0
0 0 4 16 501 3523 52 0 0 10 760 3307 19 0 0 0 679 3391 26 0 0 0 0 0
0 14 53 49 175 3549 256 0 22 68 263 3627 116 0 0 0 379 3630 87 0 0 0 0 0
0 0 8 17 123 3144 804 0 0 19 122 3403 552 0 0 0 102 3672 322 0 0 0 0 0
0 0 0 0 83 2116 1897 0 0 0 11 1140 2934 11 0 0 0 1434 2656 6 0 0 0 0
0 0 0 0 95 2220 1781 0 0 0 47 1629 2412 8 0 0 8 2207 1879 2 0 0 0 0
0 0 4 17 239 3507 329 0 0 12 218 3657 209 0 0 0 123 3844 129 0 0 0 0 0
0 45 67 102 1949 1932 1 0 48 107 2872 1069 0 0 0 0 2447 1644 5 0 0 0 0 0
0 0 0 114 3033 949 0 0 0 39 3275 781 1 0 0 0 2395 1700 1 0 0 0 0 0
0 0 0 320 3420 356 0 0 0 14 3544 538 0 0 0 0 1059 3036 1 0 0 0 0 0
9 45 16 15 337 3671 3 0 56 22 1461 2557 0 0 0 0 1916 2177 3 0 0 0 0 0
16 281 99 102 380 3208 10 0 272 163 2239 1422 0 0 0 0 3200 891 5 0 0 0 0 0
0 13 49 35 226 3763 10 0 23 60 2433 1580 0 0 0 0 2811 1279 6 0 0 0 0 0
0 0 0 0 58 3983 55 0 0 0 405 3673 18 0 0 0 378 3712 6 0 0 0 0 0
0 0 0 0 0 2664 1432 0 0 0 0 1861 2235 0 0 0 0 1764 2332 0 0 0 0 0
0 0 0 0 0 2132 1964 0 0 0 0 1498 2598 0 0 0 0 1824 2272 0 0 0 0 0
0 0 0 0 5 3793 298 0 0 0 268 3720 108 0 0 0 383 3688 25 0 0 0 0 0
0 38 23 34 752 3242 7 0 37 34 2509 1516 0 0 0 0 3002 1093 1 0 0 0 0 0
35 303 106 126 1969 1556 1 0 269 201 3219 407 0 0 0 0 3439 656 1 0 0 0 0 0
14 60 19 23 3601 379 0 0 68 34 3588 406 0 0 0 0 3304 792 0 0 0 0 0 0
