0 0 1 135 1095 1440 865 560 0 6 595 1546 1274 350 156 169 894 2374 530 130 35 14 14 105
0 0 0 5 848 1289 968 986 0 0 165 1655 1165 453 196 462 559 2287 668 147 70 26 20 319
0 0 0 3 639 1676 1560 218 0 0 136 1648 2030 182 48 52 430 3132 429 38 14 9 23 21
0 0 0 0 47 875 1746 1428 0 0 2 544 1932 370 105 1143 36 2089 777 48 17 20 76 1033
0 0 2 22 553 2607 890 22 0 8 146 2258 1631 53 0 0 498 3357 241 0 0 0 0 0
0 0 1 36 405 1978 1303 373 0 58 311 1612 1721 326 18 50 640 2703 670 33 19 15 16 0
0 123 375 135 387 1959 947 170 57 487 197 1631 1462 202 39 21 874 2766 405 29 17 5 0 0
0 144 730 272 588 1556 713 93 59 907 397 1416 1191 104 22 0 1514 2313 255 14 0 0 0 0
0 4 356 340 221 353 967 1855 0 554 276 316 848 789 309 1004 764 832 1078 352 87 68 80 835
0 1 111 126 122 723 2567 446 3 156 138 390 2691 712 6 0 324 2478 1287 7 0 0 0 0
0 1 157 117 248 629 2626 318 1 211 163 525 2598 597 1 0 432 2706 958 0 0 0 0 0
0 0 15 54 32 123 2684 1188 0 40 50 67 1863 1899 63 114 95 1571 2292 25 6 9 12 86
0 0 0 0 0 11 1836 2249 0 0 0 3 760 2590 262 481 0 647 2798 176 11 21 39 404
0 0 32 53 121 476 2471 943 0 73 162 385 1702 1774 0 0 473 1685 1938 0 0 0 0 0
0 0 0 0 0 57 2096 1943 0 0 0 29 614 3453 0 0 6 918 3172 0 0 0 0 0
0 0 0 0 0 0 1288 2808 0 0 0 0 116 3980 0 0 0 317 3779 0 0 0 0 0
0 0 0 0 0 0 1180 2916 0 0 0 0 50 4041 5 0 0 290 3805 1 0 0 0 0
0 0 0 0 0 905 2754 437 0 0 0 186 3314 364 36 196 45 3197 624 25 14 8 22 161
0 0 0 0 0 16 2971 1109 0 0 0 6 2666 770 111 543 1 2294 1211 41 19 11 40 479
0 0 0 0 0 19 4041 36 0 0 0 6 3981 109 0 0 1 3536 559 0 0 0 0 0
0 0 0 0 0 0 3408 688 0 0 0 0 2548 1548 0 0 0 1792 2304 0 0 0 0 0
0 0 0 0 7 26 3256 807 0 0 0 18 2185 1893 0 0 11 1881 2204 0 0 0 0 0
0 0 0 9 234 321 1357 2175 0 0 75 416 657 2119 247 582 151 776 2264 259 67 37 41 501
0 0 140 210 241 481 2041 983 1 194 277 356 1949 793 148 378 382 2020 1181 122 37 23 32 299
0 0 0 0 4 215 3394 483 0 0 1 54 2959 1082 0 0 4 2742 1350 0 0 0 0 0
0 0 0 0 0 0 1074 3022 0 0 0 0 87 3534 233 242 0 272 3478 113 26 34 43 130
0 0 0 0 0 0 2326 1770 0 0 0 0 939 3157 0 0 0 1063 3033 0 0 0 0 0
0 0 0 0 0 0 2097 1999 0 0 0 0 867 3229 0 0 0 1151 2945 0 0 0 0 0
0 0 0 0 0 0 2117 1979 0 0 0 0 717 3379 0 0 0 1307 2789 0 0 0 0 0
0 0 0 0 0 0 2081 2015 0 0 0 0 803 3293 0 0 0 1170 2926 0 0 0 0 0
0 0 0 0 0 0 1134 2962 0 0 0 0 160 3936 0 0 0 469 3626 1 0 0 0 0
0 0 0 0 0 0 884 3212 0 0 0 0 38 4058 0 0 0 295 3801 0 0 0 0 0
0 0 0 0 0 0 1236 2860 0 0 0 0 164 3931 1 0 0 467 3629 0 0 0 0 0
0 0 0 0 0 0 1675 2421 0 0 0 0 437 3659 0 0 0 493 3603 0 0 0 0 0
0 0 0 0 0 1038 3055 3 0 0 0 173 3913 10 0 0 45 3884 167 0 0 0 0 0
0 0 0 0 0 129 3960 7 0 0 0 20 4032 44 0 0 7 3799 290 0 0 0 0 0
0 0 0 0 0 8 3999 89 0 0 0 4 3918 174 0 0 1 3560 535 0 0 0 0 0
0 0 0 0 0 0 3118 978 0 0 0 0 2128 1968 0 0 0 2119 1977 0 0 0 0 0
0 0 0 0 0 0 2622 1474 0 0 0 0 1080 3016 0 0 0 1748 2348 0 0 0 0 0
0 0 0 0 0 0 2722 1374 0 0 0 0 1043 3053 0 0 0 1472 2623 1 0 0 0 0
0 0 0 0 0 83 3772 241 0 0 0 7 3411 678 0 0 0 3010 1086 0 0 0 0 0
0 0 0 0 0 7 3330 759 0 0 0 1 2490 1605 0 0 1 2686 1409 0 0 0 0 0
0 0 0 0 0 0 1894 2202 0 0 0 0 457 3639 0 0 0 1376 2720 0 0 0 0 0
0 0 1 5 14 21 2681 1374 0 3 10 28 1732 2300 23 0 7 2400 1689 0 0 0 0 0
0 1 21 53 89 107 1849 1976 0 52 93 109 822 2936 84 0 53 1462 2546 35 0 0 0 0
0 0 0 0 0 0 2058 2038 0 0 0 0 795 3301 0 0 0 1680 2416 0 0 0 0 0
0 0 0 0 0 0 2904 1192 0 0 0 0 2127 1969 0 0 0 2639 1457 0 0 0 0 0
0 0 0 0 0 1 1809 2286 0 0 0 0 689 3407 0 0 0 1156 2940 0 0 0 0 0
0 0 0 0 0 0 700 3396 0 0 0 0 154 3836 106 0 0 300 3793 3 0 0 0 0
0 0 0 0 0 0 860 3236 0 0 0 0 225 3797 74 0 0 396 3695 5 0 0 0 0
0 0 0 0 0 0 2120 1976 0 0 0 0 879 3217 0 0 0 1226 2870 0 0 0 0 0
0 0 0 0 1 301 3567 227 0 0 0 58 3297 741 0 0 23 3372 701 0 0 0 0 0
0 0 0 0 0 87 3918 91 0 0 0 13 3871 212 0 0 5 3713 378 0 0 0 0 0
0 0 0 0 0 49 4022 25 0 0 0 9 4002 85 0 0 3 3817 276 0 0 0 0 0
0 0 0 0 0 2 3445 649 0 0 0 0 2949 1147 0 0 1 2986 1109 0 0 0 0 0
0 0 0 0 0 0 2341 1755 0 0 0 0 1223 2872 1 0 0 1657 2439 0 0 0 0 0
0 0 0 0 0 0 3131 965 0 0 0 0 2180 1916 0 0 0 2548 1548 0 0 0 0 0
0 0 0 0 0 266 3800 30 0 0 0 30 3975 91 0 0 15 3850 231 0 0 0 0 0
0 0 0 0 0 40 3437 619 0 0 0 14 2885 1197 0 0 4 3242 850 0 0 0 0 0
0 0 0 0 0 0 1915 2181 0 0 0 0 883 3206 7 0 0 1622 2474 0 0 0 0 0
0 0 0 0 0 0 3403 693 0 0 0 0 2927 1169 0 0 0 3253 843 0 0 0 0 0
0 0 0 0 0 0 1315 2781 0 0 0 0 392 3704 0 0 0 1164 2932 0 0 0 0 0
0 0 0 0 0 0 1320 2776 0 0 0 0 374 3722 0 0 0 1331 2765 0 0 0 0 0
0 0 0 0 0 0 2764 1332 0 0 0 0 1983 2113 0 0 0 2797 1299 0 0 0 0 0
0 0 0 0 0 0 833 3263 0 0 0 0 283 3799 14 0 0 611 3484 1 0 0 0 0
0 0 0 0 0 0 59 4037 0 0 0 0 0 3294 802 0 0 2 4062 32 0 0 0 0
0 0 0 0 0 0 112 3984 0 0 0 0 0 3663 433 0 0 5 4074 17 0 0 0 0
0 0 0 0 0 0 450 3646 0 0 0 0 12 4077 7 0 0 91 4004 1 0 0 0 0
0 0 3 75 106 115 3254 543 0 22 145 80 2570 1279 0 0 187 2530 1379 0 0 0 0 0
0 0 0 0 0 45 3222 829 0 0 0 25 2642 1427 2 0 20 2395 1679 2 0 0 0 0
0 0 0 0 3 14 2944 1135 0 0 2 9 1991 2091 3 0 10 2240 1845 1 0 0 0 0
0 0 0 0 0 16 1758 2322 0 0 0 10 553 3502 31 0 8 1087 2988 13 0 0 0 0
0 0 0 0 0 7 723 3366 0 0 0 3 143 3884 66 0 5 402 3668 21 0 0 0 0
0 0 0 0 0 11 1158 2927 0 0 0 7 257 3713 117 2 7 631 3395 63 0 0 0 0
0 0 0 0 0 78 3279 739 0 0 0 18 2718 1251 109 0 6 2795 1235 60 0 0 0 0
0 0 0 0 16 70 2036 1974 0 0 3 58 1100 2752 183 0 35 1801 2212 48 0 0 0 0
0 0 0 0 0 0 520 3576 0 0 0 0 61 3896 139 0 0 292 3761 43 0 0 0 0
0 0 0 0 3 75 1746 2272 0 0 7 93 650 3265 81 0 67 1574 2433 22 0 0 0 0
0 0 0 0 0 0 1129 2967 0 0 0 0 175 3795 126 0 0 996 3068 32 0 0 0 0
0 0 0 0 0 0 1591 2505 0 0 0 1 640 3249 206 0 1 1495 2535 65 0 0 0 0
0 0 0 0 0 7 1769 2320 0 0 3 24 706 3200 162 1 15 1736 2282 63 0 0 0 0
0 50 59 526 400 405 748 1908 41 253 684 420 309 2355 34 0 919 1047 2125 5 0 0 0 0
12 204 257 942 293 252 664 1472 333 2207 579 60 32 861 24 0 2972 237 868 19 0 0 0 0
0 0 55 2306 722 36 70 907 0 1319 1750 40 26 956 5 0 2908 233 950 5 0 0 0 0
0 0 71 2379 910 30 106 600 0 1248 2086 46 35 681 0 0 3104 301 690 1 0 0 0 0
0 0 38 82 252 802 2870 52 26 193 183 363 3080 251 0 0 481 2813 796 6 0 0 0 0
0 1 84 123 201 434 3042 211 24 233 195 244 2885 515 0 0 522 2398 1171 5 0 0 0 0
0 0 55 43 58 216 3237 487 15 109 106 140 2674 1052 0 0 261 2365 1469 1 0 0 0 0
0 0 0 0 5 104 3020 967 0 0 2 64 2165 1865 0 0 49 2055 1992 0 0 0 0 0
0 5 33 33 54 155 2815 1001 24 68 55 84 1905 1960 0 0 160 1941 1992 3 0 0 0 0
10 71 44 39 34 159 3022 717 102 65 41 122 2316 1450 0 0 263 2201 1628 4 0 0 0 0
0 0 0 0 12 336 3636 112 0 0 5 181 3566 344 0 0 75 3267 754 0 0 0 0 0
0 0 7 34 21 245 3300 489 7 38 48 102 2849 1052 0 0 148 2898 1049 1 0 0 0 0
0 429 612 328 197 286 1315 929 462 949 355 204 701 1421 2 2 1770 1204 1113 6 1 2 0 0
0 185 329 234 237 282 2144 685 172 498 269 290 1658 1209 0 0 991 2147 958 0 0 0 0 0
0 0 0 0 9 191 2939 957 0 0 25 198 2470 1403 0 0 159 3072 865 0 0 0 0 0
0 31 24 10 126 517 2895 493 43 77 519 295 2595 567 0 0 734 2863 499 0 0 0 0 0
2 295 115 60 526 385 2290 423 311 509 414 193 2138 522 9 0 1265 2096 734 1 0 0 0 0
40 479 241 180 470 1588 724 374 330 516 323 1710 815 338 64 0 1314 2266 429 77 10 0 0 0
386 1393 284 205 596 474 534 224 1244 2194 561 80 4 7 6 0 2974 1075 33 11 3 0 0 0
8 542 269 372 2782 109 13 1 187 823 2312 773 1 0 0 0 2538 1552 6 0 0 0 0 0
20 90 138 215 3410 223 0 0 178 193 2320 1405 0 0 0 0 2702 1394 0 0 0 0 0 0
295 1063 253 414 450 835 719 67 1018 1077 310 446 1117 128 0 0 2340 1280 470 6 0 0 0 0
88 1107 478 312 342 454 962 353 1167 881 294 481 1101 172 0 0 2712 805 552 27 0 0 0 0
0 22 44 44 487 470 2507 522 45 606 301 411 2476 257 0 0 1540 2035 521 0 0 0 0 0
0 0 0 0 9 238 3504 345 0 0 6 75 3525 472 18 0 39 3148 906 3 0 0 0 0
392 713 173 193 212 279 1812 322 964 626 160 110 1800 407 29 0 1741 1710 638 7 0 0 0 0
133 1232 362 264 290 385 1126 304 787 1301 247 175 1217 302 67 0 2265 1241 573 17 0 0 0 0
0 0 0 0 16 1230 2516 334 0 0 5 309 3391 272 119 0 112 3537 431 16 0 0 0 0
23 740 280 239 380 488 1008 938 582 981 168 271 1597 401 96 0 2556 1229 291 20 0 0 0 0
0 60 193 131 302 252 976 2182 125 507 292 324 2330 513 5 0 3598 440 56 2 0 0 0 0
0 1 76 101 48 137 2112 1621 31 166 36 213 3228 365 57 0 1975 1878 242 1 0 0 0 0
0 0 0 4 15 157 3442 478 0 2 53 104 3375 389 173 0 134 3554 383 25 0 0 0 0
1 77 44 45 64 514 2638 713 105 102 533 1519 1628 201 8 0 2782 1237 74 3 0 0 0 0
128 668 99 90 79 477 2142 413 881 159 423 720 1733 154 26 0 2464 1454 174 4 0 0 0 0
113 1005 94 56 288 795 1492 253 316 906 151 939 1472 306 6 0 976 2785 326 8 1 0 0 0
1260 2679 74 27 20 22 12 2 1795 2204 45 27 20 5 0 0 1936 2102 51 7 0 0 0 0
397 1931 402 155 189 267 284 471 1407 1654 364 203 269 196 3 0 3310 778 8 0 0 0 0 0
565 508 275 866 858 364 162 498 1242 1131 978 275 380 87 3 0 3796 300 0 0 0 0 0 0
977 616 163 406 907 1019 8 0 1710 816 316 998 256 0 0 0 3041 1046 9 0 0 0 0 0
1014 712 138 154 795 696 465 122 1723 1162 643 394 173 1 0 0 3833 205 56 2 0 0 0 0
0 0 0 31 600 1707 1687 71 8 534 1057 1189 1301 7 0 0 2417 1647 32 0 0 0 0 0
0 0 0 1 592 2058 1445 0 0 0 80 1418 2594 4 0 0 548 3477 71 0 0 0 0 0
952 632 142 185 484 1209 490 2 1518 558 154 863 1001 2 0 0 2471 1553 69 3 0 0 0 0
839 1588 134 234 529 657 115 0 2037 1098 285 452 222 2 0 0 3480 541 71 4 0 0 0 0
0 0 1 21 797 2931 346 0 0 2 294 2275 1525 0 0 0 1200 2888 8 0 0 0 0 0
239 559 82 409 827 383 789 808 872 1088 284 898 906 48 0 0 3789 285 22 0 0 0 0 0
0 0 0 0 0 0 2748 1348 0 0 0 1787 2258 51 0 0 3792 299 5 0 0 0 0 0
0 0 7 171 156 302 2689 771 6 250 377 2386 1057 20 0 0 3914 182 0 0 0 0 0 0
0 1 31 98 244 600 3043 79 3 74 139 471 3394 15 0 0 507 3560 29 0 0 0 0 0
0 0 0 21 59 680 3064 272 0 9 592 1570 1915 10 0 0 2358 1704 34 0 0 0 0 0
0 1 3 11 138 325 2846 772 1 76 466 1715 1821 17 0 0 2893 1190 13 0 0 0 0 0
169 1202 74 78 693 1044 835 1 392 1367 1045 395 895 2 0 0 2283 1782 30 1 0 0 0 0
1761 2335 0 0 0 0 0 0 2394 1702 0 0 0 0 0 0 2657 1439 0 0 0 0 0 0
807 1644 99 73 252 664 507 50 1513 1357 815 395 16 0 0 0 3362 733 1 0 0 0 0 0
317 181 210 176 744 1422 850 196 670 947 1555 727 196 1 0 0 4037 59 0 0 0 0 0 0
376 343 154 867 1010 1340 6 0 816 1088 564 1592 36 0 0 0 3252 832 12 0 0 0 0 0
159 166 518 1186 1092 875 93 7 592 1948 693 743 117 3 0 0 3367 708 21 0 0 0 0 0
0 2 126 328 866 1524 1220 30 41 1102 544 1080 1314 15 0 0 2131 1952 13 0 0 0 0 0
0 0 0 0 21 1661 2363 51 0 0 2 1216 2842 36 0 0 679 3392 25 0 0 0 0 0
335 237 248 405 382 1281 1198 10 713 491 394 1054 1429 15 0 0 2119 1930 45 2 0 0 0 0
959 326 287 256 246 1005 997 20 1428 385 286 819 1154 24 0 0 2628 1394 70 4 0 0 0 0
0 0 0 0 40 1771 2257 28 0 0 13 1339 2722 22 0 0 1059 3027 10 0 0 0 0 0
52 329 187 950 876 662 734 306 545 1578 393 706 870 4 0 0 3535 529 31 1 0 0 0 0
0 0 0 0 0 2 2468 1626 0 0 1 1613 2482 0 0 0 4096 0 0 0 0 0 0 0
0 0 0 344 454 419 2764 115 6 719 115 1876 1346 34 0 0 2941 1143 12 0 0 0 0 0
0 0 1 305 381 1088 2259 62 7 451 134 1103 2349 52 0 0 1575 2498 23 0 0 0 0 0
936 443 53 43 167 743 1402 309 1399 66 127 1206 1263 35 0 0 2887 1196 13 0 0 0 0 0
1605 674 143 183 208 341 776 166 2317 293 273 858 353 2 0 0 3846 246 4 0 0 0 0 0
247 1242 145 533 789 1080 60 0 696 1539 1139 674 48 0 0 0 3377 718 1 0 0 0 0 0
2108 1386 221 302 74 5 0 0 2838 1127 116 13 2 0 0 0 3413 670 13 0 0 0 0 0
2408 1162 66 295 165 0 0 0 3080 893 123 0 0 0 0 0 3744 352 0 0 0 0 0 0
1270 358 383 581 957 547 0 0 1669 1369 1042 16 0 0 0 0 4081 15 0 0 0 0 0 0
40 210 149 850 1318 1436 89 4 266 670 1521 1486 146 5 0 2 3338 737 17 2 0 0 0 2
60 237 122 483 1593 1304 292 5 304 800 1510 1207 269 5 1 0 2856 1200 37 2 1 0 0 0
0 0 0 6 441 1015 2613 21 0 233 362 755 2721 25 0 0 1159 2604 333 0 0 0 0 0
0 0 0 0 5 560 3524 7 0 0 2 563 3530 1 0 0 746 3348 2 0 0 0 0 0
38 140 62 386 1114 968 1382 6 159 316 1394 895 1330 1 0 1 2723 1368 3 0 1 0 0 1
42 197 75 270 1091 1248 1172 1 224 283 1331 1167 1090 1 0 0 2830 1253 13 0 0 0 0 0
0 0 0 0 3 697 3389 7 0 0 2 703 3391 0 0 0 1077 3019 0 0 0 0 0 0
670 737 263 241 438 1026 707 14 1389 528 623 1015 540 1 0 0 3554 528 14 0 0 0 0 0
280 821 311 176 148 195 1832 333 859 622 285 1679 650 1 0 0 3676 355 53 11 1 0 0 0
21 338 202 185 122 244 2946 38 184 502 200 1142 2066 2 0 0 2374 1684 36 2 0 0 0 0
0 0 0 26 156 131 3738 45 2 151 43 191 3698 9 2 0 1278 2809 9 0 0 0 0 0
1175 847 77 78 80 182 1597 60 2018 116 97 284 1518 57 6 0 2836 1211 47 2 0 0 0 0
977 333 77 70 78 300 2171 90 1318 94 91 435 2057 95 6 0 2181 1858 57 0 0 0 0 0
624 341 56 106 1365 999 556 49 963 87 1337 1220 450 39 0 0 3150 882 63 1 0 0 0 0
0 0 0 697 3060 223 106 10 0 316 3338 315 106 21 0 0 3474 551 71 0 0 0 0 0
92 137 170 1076 2280 262 75 4 258 723 2816 204 94 1 0 0 3713 331 52 0 0 0 0 0
205 361 292 200 999 1858 128 53 621 535 1867 945 102 26 0 0 3858 221 16 1 0 0 0 0
0 0 0 132 1910 1850 144 60 0 90 1881 1835 215 74 1 0 3352 676 68 0 0 0 0 0
0 67 182 180 1429 1507 636 95 87 388 1340 1446 706 106 5 18 2420 1202 413 28 9 3 12 9
0 9 59 43 227 1087 2554 117 29 146 207 1160 2377 169 8 0 1468 2223 388 17 0 0 0 0
0 0 0 0 0 354 3617 125 0 0 0 564 3390 118 24 0 922 3059 110 5 0 0 0 0
0 0 0 5 728 1157 2101 105 0 2 735 1355 1885 101 18 0 2306 1704 84 2 0 0 0 0
0 0 0 10 1488 1445 1057 96 0 6 1563 1459 966 84 18 0 3010 989 89 8 0 0 0 0
0 0 0 0 0 232 3720 144 0 0 0 430 3510 102 54 0 1026 2956 108 6 0 0 0 0
0 65 126 316 1675 1398 474 42 35 958 1329 1407 323 44 0 0 3287 757 51 1 0 0 0 0
163 986 529 462 247 323 1359 27 685 1292 412 399 1288 18 2 0 2581 1442 65 7 1 0 0 0
95 427 381 325 577 143 2077 71 359 1099 337 212 2025 52 12 0 2166 1835 89 5 1 0 0 0
0 0 0 0 0 16 3930 150 0 0 0 123 3857 103 13 0 862 3151 82 1 0 0 0 0
747 777 75 71 89 130 2194 13 1502 135 109 226 2124 0 0 0 2473 1623 0 0 0 0 0 0
117 296 72 67 167 253 3114 10 417 94 190 435 2960 0 0 0 1608 2484 4 0 0 0 0 0
466 970 328 147 581 1010 594 0 1331 505 464 1401 395 0 0 0 3200 887 9 0 0 0 0 0
0 0 115 186 2432 1362 1 0 21 219 2208 1648 0 0 0 0 3302 794 0 0 0 0 0 0
0 0 101 166 2131 1694 4 0 27 187 2160 1721 1 0 0 0 3603 493 0 0 0 0 0 0
0 0 53 161 992 2844 46 0 8 151 1213 2717 7 0 0 0 3770 326 0 0 0 0 0 0
0 0 0 36 1882 2159 19 0 0 16 1591 2437 52 0 0 0 3600 496 0 0 0 0 0 0
0 0 0 19 1341 2665 71 0 0 9 1396 2667 24 0 0 0 3559 537 0 0 0 0 0 0
0 0 0 0 42 2860 1194 0 0 0 124 2953 1019 0 0 0 2494 1602 0 0 0 0 0 0
0 0 0 0 0 1190 2906 0 0 0 0 1543 2552 1 0 0 1742 2354 0 0 0 0 0 0
0 0 0 0 27 1311 2758 0 0 0 25 1692 2379 0 0 0 1945 2150 1 0 0 0 0 0
0 0 0 0 125 2667 1286 18 0 0 106 2781 1208 1 0 0 2599 1497 0 0 0 0 0 0
0 0 1 53 59 294 3658 31 0 23 86 560 3424 3 0 0 1062 3033 1 0 0 0 0 0
0 2 45 203 884 1868 1070 24 16 364 961 1902 822 31 0 0 2634 1350 110 2 0 0 0 0
0 3 71 123 720 2460 719 0 34 176 847 2569 470 0 0 0 3549 547 0 0 0 0 0 0
0 0 11 287 1219 557 2019 3 0 1083 524 689 1800 0 0 0 2610 1485 1 0 0 0 0 0
0 0 0 177 551 687 2672 9 0 18 674 1152 2252 0 0 0 1903 2190 3 0 0 0 0 0
14 281 163 180 1059 1217 1181 1 229 348 1103 1546 870 0 0 0 2947 1148 1 0 0 0 0 0
0 6 18 20 81 1541 2427 3 5 29 90 2028 1944 0 0 0 1986 2110 0 0 0 0 0 0
0 0 0 0 492 2697 907 0 0 0 377 3149 570 0 0 0 2849 1247 0 0 0 0 0 0
0 0 20 25 1632 2414 5 0 0 36 1492 2567 1 0 0 0 3458 638 0 0 0 0 0 0
0 10 104 97 937 2936 12 0 21 159 1137 2776 3 0 0 0 3606 489 1 0 0 0 0 0
0 1 83 121 525 3328 38 0 20 158 771 3129 18 0 0 0 3748 348 0 0 0 0 0 0
0 0 0 1 1073 2980 42 0 0 1 595 3450 50 0 0 0 3417 679 0 0 0 0 0 0
0 0 0 0 544 3093 459 0 0 0 646 3025 425 0 0 0 2868 1227 1 0 0 0 0 0
0 0 0 0 140 3584 372 0 0 0 324 3525 247 0 0 0 3106 990 0 0 0 0 0 0
0 0 4 94 35 2216 1747 0 0 62 55 2479 1500 0 0 0 2050 2046 0 0 0 0 0 0
0 0 4 286 117 1881 1808 0 0 167 220 2280 1429 0 0 0 2227 1869 0 0 0 0 0 0
0 0 15 133 179 1495 1774 500 0 93 199 1698 1600 381 119 6 1572 2259 254 10 1 0 0 0
0 0 0 31 101 1051 2648 265 0 8 105 1272 2436 248 26 1 1348 2647 98 3 0 0 0 0
0 97 244 187 993 2305 270 0 66 376 1046 2433 175 0 0 0 3537 555 4 0 0 0 0 0
0 9 10 16 160 2977 923 1 10 16 331 3424 307 8 0 0 3579 497 18 2 0 0 0 0
0 66 76 255 691 2070 903 35 73 198 805 2259 689 72 0 0 2115 1569 353 59 0 0 0 0
0 0 0 50 127 1081 2838 0 0 4 171 1862 2059 0 0 0 1882 2214 0 0 0 0 0 0
2 97 67 120 895 1811 1104 0 117 117 999 2103 760 0 0 0 3119 976 1 0 0 0 0 0
0 31 113 431 416 2077 1028 0 45 368 576 2372 735 0 0 0 2889 1205 2 0 0 0 0 0
0 60 144 238 527 2829 298 0 66 317 561 2971 181 0 0 0 3330 765 1 0 0 0 0 0
0 7 110 69 174 3267 469 0 33 134 324 3487 118 0 0 0 3277 818 1 0 0 0 0 0
0 0 0 0 11 2985 1100 0 0 0 60 3671 365 0 0 0 3313 782 1 0 0 0 0 0
0 0 0 0 40 3666 390 0 0 0 99 3852 145 0 0 0 3505 591 0 0 0 0 0 0
