0 359 2768 967 2 0 0 0 0 2015 2068 13 0 0 0 0 826 3258 12 0 0 0 0 0
75 305 1568 1934 214 0 0 0 243 640 2814 396 3 0 0 0 568 3064 450 14 0 0 0 0
223 277 1371 1830 395 0 0 0 337 628 2624 507 0 0 0 0 785 2807 501 3 0 0 0 0
32 221 508 2358 832 145 0 0 190 219 2580 1103 4 0 0 0 916 2705 471 4 0 0 0 0
0 6 679 2084 758 568 1 0 3 280 2285 1495 33 0 0 0 1087 2793 216 0 0 0 0 0
0 0 75 2495 1251 89 34 152 0 12 2060 1673 149 40 20 142 26 2124 1351 277 69 34 28 187
0 4 84 2558 1044 115 41 250 2 15 2258 1303 191 63 36 228 32 1994 1328 299 93 51 34 265
0 20 317 3006 753 0 0 0 12 93 3240 751 0 0 0 0 288 3545 263 0 0 0 0 0
0 10 324 2706 1056 0 0 0 8 147 2941 1000 0 0 0 0 529 3312 255 0 0 0 0 0
0 11 487 2257 1341 0 0 0 7 279 2664 1146 0 0 0 0 534 3355 207 0 0 0 0 0
0 0 161 2473 1461 1 0 0 0 81 2670 1345 0 0 0 0 169 3554 373 0 0 0 0 0
0 0 210 2299 1581 6 0 0 0 34 2657 1403 2 0 0 0 77 3527 492 0 0 0 0 0
0 0 111 2240 1744 1 0 0 2 159 2340 1595 0 0 0 0 520 3048 528 0 0 0 0 0
0 5 250 1925 1916 0 0 0 4 149 2002 1941 0 0 0 0 722 3295 79 0 0 0 0 0
0 1 31 1563 2451 50 0 0 0 31 1816 2240 9 0 0 0 710 3203 183 0 0 0 0 0
79 126 173 2087 1508 123 0 0 176 168 2488 1216 48 0 0 0 1001 2894 201 0 0 0 0 0
0 0 76 2044 1724 102 13 137 0 36 2108 1678 106 18 13 137 209 2520 1048 122 40 10 13 134
0 0 254 2401 1121 151 15 154 0 111 2441 1195 154 29 13 153 379 2619 676 137 84 31 16 154
0 10 906 2394 785 1 0 0 2 700 2712 681 1 0 0 0 1987 2074 35 0 0 0 0 0
0 58 2222 1752 64 0 0 0 2 1536 2491 67 0 0 0 0 3607 489 0 0 0 0 0 0
0 39 1365 2643 49 0 0 0 0 380 3217 499 0 0 0 0 30 3034 1032 0 0 0 0 0
5 201 477 3084 273 56 0 0 55 251 3267 358 165 0 0 0 120 3166 585 225 0 0 0 0
95 558 782 2081 580 0 0 0 275 678 2767 375 1 0 0 0 950 2805 335 6 0 0 0 0
57 472 792 1948 826 1 0 0 393 715 2425 562 1 0 0 0 2708 1327 60 1 0 0 0 0
50 180 399 2049 1417 1 0 0 183 351 3100 462 0 0 0 0 2506 1568 22 0 0 0 0 0
0 5 270 3497 159 131 29 5 0 127 3557 233 119 47 13 0 89 3633 183 100 68 23 0 0
0 1 231 3684 180 0 0 0 0 94 3536 466 0 0 0 0 122 3814 160 0 0 0 0 0
0 16 225 3605 250 0 0 0 0 135 3650 311 0 0 0 0 223 3867 6 0 0 0 0 0
0 2 708 2956 420 10 0 0 0 295 3291 493 17 0 0 0 1159 2788 137 12 0 0 0 0
0 29 1317 2504 245 1 0 0 3 752 3103 238 0 0 0 0 1469 2608 19 0 0 0 0 0
0 0 1205 2368 505 7 4 7 0 509 2977 580 18 3 2 7 794 2903 334 38 12 4 4 7
0 33 1072 1883 609 150 60 289 5 704 2154 673 180 70 48 262 526 2272 555 211 105 57 48 322
391 775 1171 1577 182 0 0 0 895 1270 1758 173 0 0 0 0 2476 1578 42 0 0 0 0 0
934 1292 1050 748 71 1 0 0 1551 1496 955 90 4 0 0 0 3152 879 61 3 1 0 0 0
306 853 1286 1255 381 15 0 0 886 1363 1476 366 5 0 0 0 2850 1075 169 2 0 0 0 0
162 487 1588 1264 555 40 0 0 507 1504 1500 557 28 0 0 0 2559 1243 276 18 0 0 0 0
68 82 1523 1474 933 16 0 0 111 1195 1904 876 10 0 0 0 1854 2072 168 2 0 0 0 0
0 1 1417 2367 310 1 0 0 0 597 3201 298 0 0 0 0 1742 2274 80 0 0 0 0 0
0 10 1766 2071 248 1 0 0 0 876 2993 227 0 0 0 0 2313 1733 50 0 0 0 0 0
0 114 2719 1263 0 0 0 0 2 1808 2286 0 0 0 0 0 3539 557 0 0 0 0 0 0
0 3 43 1648 2402 0 0 0 0 5 885 3206 0 0 0 0 525 446 2989 136 0 0 0 0
0 29 79 1385 2299 185 119 0 52 33 756 2874 223 157 1 0 201 450 2489 746 203 7 0 0
817 871 386 988 1010 24 0 0 1195 631 787 1241 241 1 0 0 1251 877 1225 712 31 0 0 0
25 56 236 2066 1713 0 0 0 39 141 1129 2782 5 0 0 0 77 1208 2569 242 0 0 0 0
0 0 112 2678 1306 0 0 0 0 51 1328 2717 0 0 0 0 45 1254 2797 0 0 0 0 0
0 5 174 2871 772 35 30 209 0 48 2091 1666 42 32 60 157 35 2006 1753 37 43 34 157 31
0 0 164 3488 444 0 0 0 0 49 2868 1179 0 0 0 0 20 3049 1027 0 0 0 0 0
0 3 477 3298 318 0 0 0 0 244 2973 879 0 0 0 0 154 3291 651 0 0 0 0 0
0 17 219 3532 210 117 1 0 0 168 2961 820 138 9 0 0 299 2972 668 141 16 0 0 0
0 128 711 3257 0 0 0 0 8 385 3562 141 0 0 0 0 970 3065 61 0 0 0 0 0
0 63 1839 1952 154 72 16 0 9 491 3326 132 113 24 1 0 1787 2040 120 112 36 1 0 0
0 181 3568 347 0 0 0 0 21 2857 1215 3 0 0 0 0 2901 1190 5 0 0 0 0 0
0 605 2871 617 3 0 0 0 61 3297 719 19 0 0 0 0 3463 631 2 0 0 0 0 0
1 1435 2570 90 0 0 0 0 143 3723 230 0 0 0 0 0 3952 144 0 0 0 0 0 0
0 449 3613 34 0 0 0 0 22 3639 435 0 0 0 0 0 3850 246 0 0 0 0 0 0
0 69 3705 322 0 0 0 0 8 2540 1548 0 0 0 0 0 3393 703 0 0 0 0 0 0
0 25 2634 1437 0 0 0 0 2 883 3211 0 0 0 0 0 2851 1245 0 0 0 0 0 0
0 6 1629 2461 0 0 0 0 0 285 3811 0 0 0 0 0 2092 2004 0 0 0 0 0 0
0 3 1174 2919 0 0 0 0 0 451 3645 0 0 0 0 0 2042 2054 0 0 0 0 0 0
0 15 2057 2024 0 0 0 0 0 344 3752 0 0 0 0 0 2352 1744 0 0 0 0 0 0
1123 253 219 481 1575 445 0 0 1258 153 403 637 1614 31 0 0 747 888 508 1669 270 14 0 0
700 677 322 417 1111 779 90 0 1036 476 354 863 1199 150 18 0 872 1223 414 910 592 83 2 0
661 1058 443 408 1031 493 2 0 1038 838 472 829 789 130 0 0 906 1526 532 672 426 34 0 0
658 576 239 332 1445 817 27 2 941 364 311 1349 883 237 9 2 1043 1064 690 623 591 68 16 1
864 300 178 306 1794 435 131 88 1032 196 271 1776 435 230 119 37 1187 764 1181 368 323 173 88 12
823 211 183 305 1981 240 163 190 991 172 509 1750 253 193 113 115 1262 621 1451 208 236 161 140 17
783 238 174 401 2377 36 75 12 952 148 634 2060 209 76 15 2 1195 652 1831 255 118 38 6 1
690 200 116 1061 1764 59 189 17 839 89 827 2036 73 216 16 0 1209 671 1864 70 181 99 2 0
660 106 122 1801 1218 121 68 0 712 104 1044 1988 139 101 8 0 1103 938 1776 107 157 15 0 0
456 89 187 3164 199 1 0 0 503 145 2074 1357 17 0 0 0 1118 1793 1149 20 16 0 0 0
288 114 625 2771 80 56 136 26 358 227 3177 73 81 90 90 0 923 2812 99 88 57 116 1 0
20 80 2733 1263 0 0 0 0 30 1399 2659 8 0 0 0 0 1733 2352 11 0 0 0 0 0
0 320 3525 171 80 0 0 0 9 3227 696 164 0 0 0 0 2742 1233 121 0 0 0 0 0
0 1026 3070 0 0 0 0 0 30 3890 176 0 0 0 0 0 3509 587 0 0 0 0 0 0
0 114 3963 19 0 0 0 0 9 2791 1296 0 0 0 0 0 2485 1611 0 0 0 0 0 0
2 157 3677 260 0 0 0 0 35 1757 2304 0 0 0 0 0 2003 2093 0 0 0 0 0 0
105 103 2338 1550 0 0 0 0 132 1042 2922 0 0 0 0 0 1598 2498 0 0 0 0 0 0
362 66 1337 2321 4 6 0 0 392 684 3009 4 7 0 0 0 1538 2547 7 4 0 0 0 0
400 69 800 2611 51 157 8 0 451 443 2982 135 84 1 0 0 1530 2470 84 12 0 0 0 0
120 546 1576 1297 93 445 19 0 268 1708 1598 393 127 2 0 0 2481 1497 96 22 0 0 0 0
1634 494 261 558 874 274 1 0 1871 470 1107 301 255 91 1 0 2017 1519 189 171 182 18 0 0
999 668 471 1028 575 322 33 0 1191 683 1029 711 341 139 2 0 1404 1330 684 363 271 44 0 0
723 1409 345 419 660 294 90 156 1295 1134 455 392 481 146 190 3 1319 1362 362 538 274 164 76 1
834 759 393 695 283 352 398 382 1103 732 689 243 409 266 529 125 1382 1036 264 259 404 529 191 31
1205 569 237 1095 188 195 382 225 1506 498 1056 175 146 201 448 66 1726 1293 189 133 196 404 141 14
1224 404 424 1053 203 138 425 225 1422 613 960 209 169 239 372 112 1803 1143 174 221 170 432 101 52
718 455 325 965 719 187 551 176 918 466 937 392 608 401 321 53 1157 1084 334 661 339 387 128 6
466 403 391 589 286 617 1176 168 676 455 654 275 321 1324 334 57 866 809 259 260 1102 646 134 20
547 404 331 416 474 315 1357 252 842 350 445 344 414 1221 465 15 621 752 334 446 1044 778 97 24
830 381 399 431 326 275 1139 315 1074 389 436 397 271 1061 440 28 725 721 584 389 868 694 98 17
964 339 222 300 360 738 1010 163 1152 268 281 387 538 1183 255 32 1223 372 347 441 1104 509 86 14
1325 670 1312 343 25 25 268 128 1451 1332 838 45 25 247 144 14 2176 1260 218 30 228 139 45 0
1145 1082 1416 67 66 20 205 95 1315 2122 257 78 21 195 97 11 2701 992 71 25 194 92 19 2
866 651 1315 173 1042 12 15 22 1074 1590 996 371 28 18 18 1 3092 616 318 32 16 20 2 0
850 124 510 56 2493 63 0 0 929 515 873 1698 81 0 0 0 2462 146 1411 77 0 0 0 0
860 134 213 61 2714 114 0 0 952 233 313 2416 182 0 0 0 2242 118 1626 110 0 0 0 0
753 121 76 87 2838 221 0 0 860 87 172 2164 813 0 0 0 2030 117 1549 397 3 0 0 0
501 124 48 45 1737 1637 4 0 605 54 72 1299 2063 3 0 0 1761 149 460 1709 17 0 0 0
160 416 41 43 145 3289 2 0 551 60 49 1126 2296 14 0 0 1512 251 26 2273 34 0 0 0
102 489 42 78 68 3248 69 0 477 152 84 755 2560 68 0 0 1061 421 77 2471 66 0 0 0
0 0 19 141 3936 0 0 0 0 7 85 4004 0 0 0 0 3 279 3814 0 0 0 0 0
21 17 247 753 2942 72 37 7 40 75 569 3240 121 40 11 0 63 552 3227 196 48 10 0 0
88 16 30 269 2800 156 342 395 99 16 108 2939 182 177 543 32 108 249 2775 195 132 511 126 0
306 28 51 1694 2015 0 1 1 321 35 819 2917 1 1 0 2 349 1327 2416 1 1 0 1 1
457 40 57 2073 1469 0 0 0 480 37 1154 2425 0 0 0 0 515 1542 2039 0 0 0 0 0
508 66 75 2033 1414 0 0 0 553 69 1175 2299 0 0 0 0 674 1896 1526 0 0 0 0 0
493 74 87 1679 1763 0 0 0 552 105 1285 2154 0 0 0 0 899 2144 1053 0 0 0 0 0
456 94 75 1716 1755 0 0 0 521 193 1644 1738 0 0 0 0 1093 2551 452 0 0 0 0 0
464 61 135 2400 1036 0 0 0 511 218 2326 1041 0 0 0 0 1334 2598 164 0 0 0 0 0
443 80 109 3045 419 0 0 0 501 381 2813 401 0 0 0 0 1327 2749 20 0 0 0 0 0
432 270 567 2819 8 0 0 0 545 931 2602 18 0 0 0 0 1931 2158 7 0 0 0 0 0
590 318 1405 1783 0 0 0 0 747 1025 2323 1 0 0 0 0 2305 1788 3 0 0 0 0 0
625 970 1260 1108 45 8 45 35 914 1734 1289 66 8 33 38 14 2781 1165 53 7 27 35 27 1
51 335 945 2041 370 24 240 90 400 2112 1151 73 25 216 114 5 3627 44 70 22 218 105 10 0
0 26 450 1236 1975 47 252 110 133 1085 2161 308 47 248 110 4 3373 20 298 45 277 83 0 0
761 490 726 771 967 35 211 135 958 924 1165 672 38 221 118 0 2283 637 795 50 244 87 0 0
18 26 140 1152 2387 44 166 163 42 670 2569 445 55 202 113 0 3295 119 327 63 273 19 0 0
0 0 94 1156 2097 370 227 152 10 562 2325 631 267 202 99 0 3195 253 208 233 191 16 0 0
0 0 89 636 1740 1625 6 0 23 310 1733 1939 90 1 0 0 3850 129 45 72 0 0 0 0
1 66 124 380 1406 2115 4 0 129 295 1390 2271 11 0 0 0 4000 96 0 0 0 0 0 0
0 0 0 0 4096 0 0 0 0 0 0 4096 0 0 0 0 0 0 4096 0 0 0 0 0
0 0 21 149 3034 639 152 101 52 455 241 3007 221 78 23 19 376 297 3040 217 108 17 7 34
0 0 6 105 3193 210 364 218 0 0 40 3247 209 222 363 15 0 99 3187 213 185 377 35 0
0 0 20 976 2652 43 220 185 0 3 459 3178 31 104 258 63 2 716 2901 43 46 266 104 18
0 0 30 2071 1560 43 216 176 0 4 863 2789 41 72 278 49 5 963 2680 38 33 284 89 4
0 0 23 1827 1845 14 189 198 0 4 758 2926 17 67 264 60 5 905 2770 20 26 262 93 15
0 0 23 1746 1926 20 210 171 0 5 777 2907 25 72 261 49 8 1162 2513 23 32 273 78 7
0 0 16 1726 1953 60 181 160 0 3 1076 2603 65 103 207 39 21 2223 1433 59 36 257 67 0
0 0 14 2148 1550 39 214 131 0 4 1478 2227 33 101 204 49 32 3145 526 34 34 258 67 0
0 0 76 3181 470 46 161 162 0 21 2676 1016 54 96 201 32 53 3570 83 49 35 242 64 0
0 0 315 3384 29 61 198 109 0 77 3599 42 63 155 111 49 136 3569 10 61 51 207 62 0
66 689 1394 1565 56 63 166 97 451 735 2526 36 62 141 95 50 973 2739 10 62 60 187 65 0
60 1940 1594 143 35 57 168 99 368 2892 470 40 47 125 141 13 2750 970 45 25 86 182 38 0
0 164 795 2265 554 14 146 158 345 1842 1579 15 18 129 159 9 3739 35 16 13 103 182 8 0
0 18 320 958 2479 34 83 204 139 666 2880 98 35 132 143 3 3739 41 30 21 143 122 0 0
1137 1000 420 654 577 35 104 169 1558 940 1053 239 33 103 159 11 3043 329 420 27 50 209 18 0
0 26 237 570 2835 164 55 209 114 456 2745 500 37 79 165 0 3721 79 26 45 143 82 0 0
0 7 103 424 2337 784 222 219 57 438 1908 1202 151 204 132 4 3331 288 125 108 188 55 1 0
0 0 94 417 1349 2227 8 1 47 406 1114 2519 10 0 0 0 4005 81 9 1 0 0 0 0
0 49 196 309 534 2997 11 0 162 314 506 3085 29 0 0 0 3964 131 1 0 0 0 0 0
290 123 192 1265 2194 32 0 0 382 226 314 3148 26 0 0 0 638 370 3056 32 0 0 0 0
206 109 193 325 1951 1017 264 31 318 928 291 2338 163 47 3 8 1224 916 1734 154 56 0 1 11
293 111 246 335 2168 941 2 0 366 278 126 3269 55 2 0 0 664 1328 2023 78 2 1 0 0
338 182 133 1156 1848 439 0 0 422 219 377 3044 34 0 0 0 644 1579 1820 53 0 0 0 0
357 403 48 2070 1000 218 0 0 460 326 774 2532 4 0 0 0 758 1276 2048 14 0 0 0 0
285 350 142 2614 382 323 0 0 413 303 1411 1907 62 0 0 0 629 839 2600 28 0 0 0 0
281 137 234 3276 88 80 0 0 322 253 2294 1182 43 2 0 0 474 551 3054 17 0 0 0 0
252 180 216 3210 238 0 0 0 317 282 2490 1007 0 0 0 0 495 929 2662 10 0 0 0 0
271 203 189 2626 734 71 2 0 364 267 2334 1078 52 1 0 0 545 2061 1476 14 0 0 0 0
274 252 137 1754 1202 477 0 0 397 224 1889 1559 27 0 0 0 564 3366 161 5 0 0 0 0
270 292 414 1532 1325 263 0 0 401 229 2103 1363 0 0 0 0 706 3319 71 0 0 0 0 0
223 827 926 1150 890 80 0 0 519 1036 1688 853 0 0 0 0 2313 1722 61 0 0 0 0 0
152 353 1507 1223 851 9 1 0 242 1616 1678 554 5 1 0 0 2999 1022 71 3 0 1 0 0
56 140 366 1623 1831 79 1 0 191 953 2372 566 12 2 0 0 3691 387 13 4 1 0 0 0
4 90 182 597 2787 436 0 0 157 317 2551 1070 1 0 0 0 3932 162 2 0 0 0 0 0
415 492 256 864 1957 112 0 0 700 586 2083 727 0 0 0 0 3762 164 168 2 0 0 0 0
0 87 100 336 2491 1082 0 0 119 259 2202 1516 0 0 0 0 4075 21 0 0 0 0 0 0
9 69 102 252 2153 1511 0 0 142 630 1544 1780 0 0 0 0 4043 53 0 0 0 0 0 0
7 81 81 252 864 2794 17 0 143 301 824 2826 2 0 0 0 4030 65 1 0 0 0 0 0
6 141 147 366 633 2802 1 0 207 334 586 2960 9 0 0 0 3984 112 0 0 0 0 0 0
0 0 0 1228 334 2534 0 0 0 0 85 3528 483 0 0 0 0 2377 1693 26 0 0 0 0
0 0 0 799 467 2465 365 0 11 841 184 2637 420 3 0 0 871 1919 1270 36 0 0 0 0
0 0 0 647 212 3234 3 0 0 0 161 3340 595 0 0 0 0 2839 1207 50 0 0 0 0
0 0 0 199 469 3413 15 0 0 0 145 3460 490 1 0 0 0 3438 630 28 0 0 0 0
0 0 0 15 459 3533 89 0 0 0 25 3242 817 12 0 0 207 3343 542 4 0 0 0 0
0 0 0 0 197 3866 33 0 0 0 2 3640 452 2 0 0 107 3646 343 0 0 0 0 0
0 0 4 278 359 3375 80 0 0 0 280 3145 607 64 0 0 18 3248 640 175 15 0 0 0
0 0 5 1257 347 2400 87 0 0 0 1253 2207 566 70 0 0 17 2548 1374 155 2 0 0 0
0 0 120 806 359 2741 70 0 0 9 887 2631 525 44 0 0 40 2936 1011 108 1 0 0 0
0 0 141 647 303 2839 165 1 0 26 768 2708 458 136 0 0 103 3058 748 184 3 0 0 0
0 0 384 467 410 2692 141 2 0 64 786 2705 430 111 0 0 156 2987 785 162 6 0 0 0
0 2 621 444 788 2034 207 0 2 137 919 2349 498 191 0 0 379 2513 927 263 14 0 0 0
0 21 689 318 1202 1663 202 1 0 352 685 2591 280 188 0 0 1687 1607 582 213 7 0 0 0
0 0 42 167 329 3366 190 2 0 85 196 3371 352 92 0 0 3244 596 187 69 0 0 0 0
0 0 1 223 53 3704 111 4 0 7 242 2968 869 10 0 0 3306 767 23 0 0 0 0 0
0 209 75 126 884 2708 92 2 2 259 196 3236 396 7 0 0 1725 2240 130 1 0 0 0 0
0 0 0 112 300 2938 740 6 0 0 356 2019 1699 22 0 0 2379 1665 52 0 0 0 0 0
0 0 3 128 356 2677 927 5 12 286 372 1819 1594 13 0 0 2429 1609 58 0 0 0 0 0
0 1 12 80 358 2620 1025 0 4 20 378 1957 1731 6 0 0 2559 1507 30 0 0 0 0 0
0 0 12 34 468 2326 1256 0 2 22 304 1967 1797 4 0 0 2793 1257 46 0 0 0 0 0
0 0 0 0 402 3694 0 0 0 0 8 3880 208 0 0 0 572 3521 3 0 0 0 0 0
0 0 0 0 337 3206 543 10 14 794 104 2638 519 27 0 0 1508 2374 212 2 0 0 0 0
0 0 0 0 336 3577 183 0 0 0 0 3344 695 57 0 0 1272 2467 345 12 0 0 0 0
0 0 0 0 580 3211 305 0 0 0 12 3027 981 76 0 0 1743 1898 455 0 0 0 0 0
0 0 0 0 532 3183 375 6 0 0 11 2778 1166 141 0 0 2164 1366 561 5 0 0 0 0
0 0 0 0 287 3188 614 7 0 0 9 2436 1356 295 0 0 2034 1282 769 11 0 0 0 0
0 32 154 104 234 2935 626 11 0 96 190 2422 1027 361 0 0 1248 2031 661 150 6 0 0 0
0 110 409 354 319 2059 840 5 0 307 553 1349 1197 690 0 0 1286 1385 948 415 62 0 0 0
0 395 606 520 214 1452 878 31 0 660 843 720 1172 688 13 0 1032 1331 1379 307 47 0 0 0
0 84 551 390 297 1627 1101 46 2 294 713 946 1315 800 26 0 1197 1234 1159 425 77 4 0 0
0 171 1010 279 352 1380 861 43 0 572 876 863 1075 693 17 0 1002 1380 1208 449 57 0 0 0
0 176 1164 265 432 1460 591 8 1 637 934 1267 729 527 1 0 1201 1375 1180 310 30 0 0 0
0 285 957 337 525 1526 462 4 1 495 1047 1472 602 478 1 0 1100 1516 1025 350 105 0 0 0
0 365 661 724 304 1595 445 2 0 475 1282 1493 446 400 0 0 1359 1173 1207 309 48 0 0 0
0 0 434 1246 324 1219 827 46 0 79 1597 928 987 505 0 0 706 1391 1582 391 26 0 0 0
0 504 759 546 269 1383 604 31 0 419 1371 1087 798 420 1 0 597 1412 1712 321 54 0 0 0
0 0 7 909 237 1827 1045 71 0 24 969 867 1906 329 1 0 896 2164 804 196 36 0 0 0
0 0 0 380 222 1651 1738 105 0 21 464 1029 2227 351 4 0 1545 1921 363 229 38 0 0 0
0 0 0 110 105 918 2957 6 0 0 165 400 3476 55 0 0 1766 2190 71 44 25 0 0 0
0 0 0 0 0 528 3568 0 0 0 0 294 3802 0 0 0 2302 1794 0 0 0 0 0 0
0 0 0 15 494 3491 93 3 0 0 79 3731 233 53 0 0 3353 656 78 9 0 0 0 0
0 0 13 57 255 3410 322 39 32 248 110 3421 252 29 3 1 3102 898 70 16 8 2 0 0
0 0 0 0 49 3902 137 8 0 0 1 3090 927 77 1 0 2475 1515 94 12 0 0 0 0
0 0 0 0 78 3837 173 8 0 0 1 3125 898 72 0 0 2474 1455 164 3 0 0 0 0
0 0 0 0 53 3897 131 15 0 0 0 2819 1214 58 5 0 2383 1595 106 12 0 0 0 0
0 0 0 0 26 3918 152 0 0 0 0 2866 1230 0 0 0 2018 2013 65 0 0 0 0 0
0 0 0 0 19 3551 526 0 0 0 0 2369 1726 1 0 0 1205 2469 422 0 0 0 0 0
0 29 121 36 57 2667 1186 0 0 70 108 1091 2780 47 0 0 157 1592 2289 34 23 1 0 0
0 55 68 168 219 2076 1472 38 0 67 161 1061 2372 404 31 0 122 1877 1483 413 177 24 0 0
0 81 187 246 469 1913 1147 53 0 84 266 1173 2126 392 55 0 164 1874 1141 731 153 33 0 0
0 21 34 318 261 2104 1268 90 0 37 209 962 2307 507 74 0 136 2139 1134 428 243 16 0 0
0 108 280 168 152 2560 806 22 0 213 294 1250 1726 596 17 0 887 2222 427 409 150 1 0 0
0 80 77 52 62 2614 1141 70 0 92 95 1293 1918 677 21 0 1768 1494 415 352 67 0 0 0
0 8 25 82 79 2683 1045 174 0 28 91 931 2406 616 24 0 1899 1533 405 200 59 0 0 0
0 0 0 5 23 2225 1449 394 0 0 9 631 2715 715 26 0 1300 2012 637 146 1 0 0 0
0 0 0 0 1 1180 2449 466 0 0 0 241 2699 1132 24 0 976 1851 757 512 0 0 0 0
0 0 0 0 0 731 2734 631 0 0 0 84 2918 990 104 0 524 2186 925 461 0 0 0 0
0 0 0 5 58 784 2572 677 0 0 37 233 2731 963 132 0 319 2210 947 620 0 0 0 0
0 0 0 0 0 489 3077 530 0 0 0 52 3153 752 139 0 102 2889 525 569 11 0 0 0
0 0 0 0 0 238 3523 335 0 0 0 43 3513 487 53 0 197 2008 1527 313 51 0 0 0
0 0 0 0 19 3865 212 0 0 0 2 1624 2470 0 0 0 898 3174 24 0 0 0 0 0
0 0 0 0 0 2818 1278 0 0 0 0 1860 2236 0 0 0 1241 2742 113 0 0 0 0 0
0 0 0 0 0 3758 338 0 0 0 0 1639 2457 0 0 0 1207 2881 8 0 0 0 0 0
0 0 0 0 1 3435 660 0 0 0 0 787 3309 0 0 0 468 3541 87 0 0 0 0 0
0 0 0 0 0 2895 1201 0 0 0 0 563 3524 9 0 0 509 3264 320 3 0 0 0 0
0 0 0 0 0 3055 1033 8 0 0 0 604 3386 106 0 0 404 3306 366 20 0 0 0 0
0 0 0 0 2 3083 1011 0 0 0 0 604 3492 0 0 0 893 3203 0 0 0 0 0 0
0 0 0 0 0 2325 1771 0 0 0 0 226 3866 4 0 0 918 3145 33 0 0 0 0 0
0 0 0 0 0 2077 2019 0 0 0 0 264 3830 2 0 0 863 3219 14 0 0 0 0 0
0 0 0 0 1 1859 2233 3 0 0 0 267 3814 15 0 0 1183 2913 0 0 0 0 0 0
0 0 0 0 0 1986 2109 1 0 0 0 88 3991 17 0 0 557 3268 271 0 0 0 0 0
0 0 0 0 0 1824 2272 0 0 0 0 287 3801 8 0 0 563 3406 127 0 0 0 0 0
0 0 0 0 0 1730 2366 0 0 0 0 259 3761 76 0 0 334 3573 189 0 0 0 0 0
0 0 0 0 0 1737 2359 0 0 0 0 227 3744 125 0 0 470 3274 352 0 0 0 0 0
0 0 0 0 2 1178 2916 0 0 0 0 130 3874 92 0 0 176 3447 473 0 0 0 0 0
0 0 0 0 0 1319 2777 0 0 0 0 90 3942 64 0 0 131 3417 548 0 0 0 0 0
0 0 0 0 0 1125 2971 0 0 0 0 80 3895 121 0 0 49 3540 507 0 0 0 0 0
0 0 0 0 0 492 3587 17 0 0 0 20 3915 161 0 0 10 3707 378 1 0 0 0 0
0 0 0 0 0 427 3669 0 0 0 0 48 4045 3 0 0 127 3962 7 0 0 0 0 0
0 0 0 0 0 608 3488 0 0 0 0 37 4058 1 0 0 176 3740 180 0 0 0 0 0
0 0 0 0 0 3469 627 0 0 0 0 607 3489 0 0 0 502 3594 0 0 0 0 0 0
0 0 0 0 0 1318 2778 0 0 0 0 256 3840 0 0 0 764 3255 77 0 0 0 0 0
0 0 0 0 0 2582 1514 0 0 0 0 352 3741 3 0 0 1530 2553 13 0 0 0 0 0
0 0 0 0 0 2005 2091 0 0 0 0 159 3931 6 0 0 1695 2401 0 0 0 0 0 0
0 0 0 0 0 970 3126 0 0 0 0 77 4008 11 0 0 965 3125 6 0 0 0 0 0
0 0 0 0 0 636 3401 59 0 0 0 82 3689 325 0 0 298 3229 558 11 0 0 0 0
0 0 0 0 0 1022 3073 1 0 0 0 93 3957 46 0 0 243 3517 336 0 0 0 0 0
0 0 0 0 0 963 3133 0 0 0 0 220 3827 49 0 0 397 3325 370 4 0 0 0 0
0 0 0 0 0 190 3901 5 0 0 0 14 3734 348 0 0 73 3411 523 89 0 0 0 0
0 0 0 0 0 194 3881 21 0 0 0 5 3721 370 0 0 175 3391 514 16 0 0 0 0
0 0 0 0 0 55 4034 7 0 0 0 3 3660 433 0 0 533 3051 469 43 0 0 0 0
0 0 0 0 0 122 3915 59 0 0 0 10 3477 605 3 1 514 2901 626 52 2 1 0 0
0 0 0 0 0 181 3835 80 0 0 0 38 3619 439 0 0 632 3216 246 2 0 0 0 0
0 0 0 0 0 171 3919 6 0 0 0 3 3995 98 0 0 94 3890 112 0 0 0 0 0
0 0 0 0 0 82 4000 14 0 0 0 0 3806 290 0 0 39 3815 242 0 0 0 0 0
0 0 0 0 0 16 4080 0 0 0 0 1 4004 91 0 0 8 3982 106 0 0 0 0 0
0 0 0 0 0 21 4075 0 0 0 0 0 3981 115 0 0 0 3869 227 0 0 0 0 0
0 0 0 0 0 53 4042 1 0 0 0 0 3828 268 0 0 0 3596 488 12 0 0 0 0
0 0 0 0 0 161 3935 0 0 0 0 1 3876 219 0 0 4 3713 375 4 0 0 0 0
0 0 0 0 0 771 3325 0 0 0 0 44 3963 89 0 0 5 3718 373 0 0 0 0 0
0 0 0 0 0 2479 1617 0 0 0 0 206 3890 0 0 0 700 3396 0 0 0 0 0 0
0 0 0 0 0 801 3294 1 0 0 0 128 3966 2 0 0 793 3290 13 0 0 0 0 0
0 0 0 0 1 572 3514 9 0 0 0 21 3949 123 3 0 727 3218 125 26 0 0 0 0
0 0 0 0 0 301 3761 34 0 0 0 42 3539 513 2 0 1168 2187 417 321 3 0 0 0
0 0 0 0 0 190 3880 26 0 0 0 26 3648 422 0 0 1154 2367 317 258 0 0 0 0
0 0 0 0 0 100 3970 26 0 0 0 37 3668 391 0 0 171 3436 217 272 0 0 0 0
0 0 0 0 0 33 4045 18 0 0 0 4 3709 383 0 0 79 3589 187 241 0 0 0 0
0 0 0 0 0 65 4015 16 0 0 0 12 3755 329 0 0 71 3628 218 179 0 0 0 0
0 0 0 0 0 198 3895 3 0 0 0 25 4034 37 0 0 176 3892 21 7 0 0 0 0
0 0 0 0 0 45 4051 0 0 0 0 26 4049 21 0 0 82 3914 100 0 0 0 0 0
0 0 0 0 0 8 3563 525 0 0 0 0 3298 353 155 290 0 2787 614 182 105 66 100 242
0 0 0 0 0 26 3439 631 0 0 0 1 3056 520 159 360 0 2293 1005 147 131 114 107 299
0 0 0 0 0 0 4037 59 0 0 0 0 3745 351 0 0 77 3503 516 0 0 0 0 0
0 0 0 0 0 1 3795 300 0 0 0 0 3423 673 0 0 558 3244 294 0 0 0 0 0
0 0 0 0 0 7 3751 338 0 0 0 0 3171 925 0 0 635 3257 204 0 0 0 0 0
0 0 0 0 0 1 3686 409 0 0 0 0 3230 866 0 0 568 3311 217 0 0 0 0 0
0 0 0 0 0 1 4009 86 0 0 0 0 2832 1264 0 0 37 2732 1327 0 0 0 0 0
0 0 0 0 0 23 4064 9 0 0 0 0 2695 1401 0 0 0 2539 1557 0 0 0 0 0
0 0 0 0 0 4 4089 3 0 0 0 0 3266 830 0 0 0 2957 1139 0 0 0 0 0
0 0 0 0 0 1112 2984 0 0 0 0 51 4013 32 0 0 42 3818 236 0 0 0 0 0
0 0 0 0 9 2117 1970 0 0 0 0 494 3247 355 0 0 722 2894 200 280 0 0 0 0
0 0 0 0 0 36 4029 31 0 0 0 0 3643 453 0 0 92 3467 170 367 0 0 0 0
0 0 0 0 0 124 3930 42 0 0 0 3 3522 571 0 0 303 3031 449 312 1 0 0 0
0 0 0 0 0 64 4022 10 0 0 0 1 3957 137 1 0 187 3659 234 14 2 0 0 0
0 0 0 0 0 10 4086 0 0 0 0 0 4090 6 0 0 354 3742 0 0 0 0 0 0
0 0 0 0 0 30 3605 461 0 0 0 19 3421 305 93 258 23 3110 492 94 46 38 66 227
0 0 0 0 0 12 3417 667 0 0 0 0 3137 462 80 417 1 2890 569 126 46 39 63 362
0 0 0 0 0 1 3904 191 0 0 0 0 3638 458 0 0 8 3727 361 0 0 0 0 0
0 0 0 0 0 7 3860 229 0 0 0 1 3545 550 0 0 14 3427 655 0 0 0 0 0
0 0 0 0 0 0 4019 77 0 0 0 0 3694 402 0 0 0 3569 527 0 0 0 0 0
0 0 0 0 0 3 3808 285 0 0 0 3 3186 907 0 0 0 3373 723 0 0 0 0 0
0 0 0 0 0 0 3708 388 0 0 0 0 3146 950 0 0 0 3361 735 0 0 0 0 0
0 0 0 0 0 0 3762 334 0 0 0 0 3194 902 0 0 0 3496 600 0 0 0 0 0
0 0 0 0 0 0 3861 235 0 0 0 0 3432 664 0 0 0 3545 551 0 0 0 0 0
0 0 0 0 0 0 3797 299 0 0 0 0 2928 1168 0 0 0 3097 999 0 0 0 0 0
0 0 0 0 0 0 3515 581 0 0 0 0 2727 1369 0 0 18 2431 1647 0 0 0 0 0
0 0 0 0 0 0 2500 1596 0 0 0 0 1192 2849 48 7 395 745 2577 345 22 12 0 0
0 0 0 0 0 0 3553 543 0 0 0 0 2466 1630 0 0 525 1720 1851 0 0 0 0 0
0 0 0 0 0 67 3897 132 0 0 0 17 3295 784 0 0 622 2688 786 0 0 0 0 0
0 0 0 0 0 1191 2905 0 0 0 0 26 4016 54 0 0 125 3855 116 0 0 0 0 0
