0 0 4 4092 0 0 0 0 0 0 967 3129 0 0 0 0 0 1078 3018 0 0 0 0 0
0 0 150 3946 0 0 0 0 0 0 431 3665 0 0 0 0 0 365 3731 0 0 0 0 0
0 0 1 4095 0 0 0 0 0 0 412 3684 0 0 0 0 0 316 3780 0 0 0 0 0
0 0 1 4091 4 0 0 0 0 0 870 3226 0 0 0 0 0 673 3423 0 0 0 0 0
0 0 95 4001 0 0 0 0 0 0 1248 2848 0 0 0 0 0 1047 3049 0 0 0 0 0
0 0 507 3589 0 0 0 0 0 22 1583 2491 0 0 0 0 5 1347 2744 0 0 0 0 0
0 5 867 3224 0 0 0 0 0 31 2002 2063 0 0 0 0 1 1844 2251 0 0 0 0 0
0 21 1173 2901 1 0 0 0 0 58 2394 1644 0 0 0 0 0 2326 1770 0 0 0 0 0
0 24 1670 2377 25 0 0 0 0 8 2887 1100 101 0 0 0 2 2656 1438 0 0 0 0 0
0 168 2181 1702 45 0 0 0 0 121 3252 480 243 0 0 0 91 3055 950 0 0 0 0 0
0 192 2655 1246 3 0 0 0 0 27 3769 287 13 0 0 0 16 3523 557 0 0 0 0 0
0 608 2901 587 0 0 0 0 0 394 3702 0 0 0 0 0 29 4050 17 0 0 0 0 0
0 1208 2819 69 0 0 0 0 0 1880 2216 0 0 0 0 0 249 3847 0 0 0 0 0 0
0 993 3103 0 0 0 0 0 0 1255 2833 8 0 0 0 0 145 3715 236 0 0 0 0 0
0 963 3055 78 0 0 0 0 0 1637 2449 10 0 0 0 0 205 3678 213 0 0 0 0 0
53 3014 879 150 0 0 0 0 440 2934 722 0 0 0 0 0 2690 1361 45 0 0 0 0 0
30 4066 0 0 0 0 0 0 461 3635 0 0 0 0 0 0 4071 25 0 0 0 0 0 0
4 4091 1 0 0 0 0 0 146 3950 0 0 0 0 0 0 3932 164 0 0 0 0 0 0
1 4095 0 0 0 0 0 0 52 4044 0 0 0 0 0 0 4007 89 0 0 0 0 0 0
1 4088 7 0 0 0 0 0 24 4072 0 0 0 0 0 0 4022 74 0 0 0 0 0 0
0 4086 10 0 0 0 0 0 12 4084 0 0 0 0 0 0 3907 189 0 0 0 0 0 0
0 4089 7 0 0 0 0 0 29 4067 0 0 0 0 0 0 3903 193 0 0 0 0 0 0
1 4069 26 0 0 0 0 0 21 4045 30 0 0 0 0 0 3558 538 0 0 0 0 0 0
12 4075 9 0 0 0 0 0 47 3987 62 0 0 0 0 0 3509 587 0 0 0 0 0 0
21 4058 17 0 0 0 0 0 184 3868 44 0 0 0 0 0 3494 602 0 0 0 0 0 0
63 4033 0 0 0 0 0 0 452 3644 0 0 0 0 0 0 4078 18 0 0 0 0 0 0
45 4051 0 0 0 0 0 0 372 3724 0 0 0 0 0 0 4032 64 0 0 0 0 0 0
892 3204 0 0 0 0 0 0 2262 1834 0 0 0 0 0 0 4095 1 0 0 0 0 0 0
0 0 1 4094 1 0 0 0 0 0 42 4054 0 0 0 0 0 13 4083 0 0 0 0 0
0 0 0 4049 47 0 0 0 0 0 0 4096 0 0 0 0 0 0 4054 42 0 0 0 0
0 0 0 3909 187 0 0 0 0 0 0 4095 1 0 0 0 0 0 4039 57 0 0 0 0
0 0 0 3898 198 0 0 0 0 0 0 4096 0 0 0 0 0 0 4034 62 0 0 0 0
0 0 0 3847 249 0 0 0 0 0 0 4096 0 0 0 0 0 0 4040 56 0 0 0 0
0 0 0 3937 159 0 0 0 0 0 0 4095 1 0 0 0 0 0 4072 24 0 0 0 0
0 0 0 3857 239 0 0 0 0 0 0 4067 29 0 0 0 0 0 4079 17 0 0 0 0
0 0 0 3586 510 0 0 0 0 0 0 3585 511 0 0 0 0 0 4064 32 0 0 0 0
0 0 0 2301 1795 0 0 0 0 0 0 1015 3081 0 0 0 0 0 3999 97 0 0 0 0
0 0 0 1102 1559 229 891 315 0 0 0 23 2581 113 547 832 0 0 2058 495 60 62 78 1343
0 0 0 1844 585 782 813 72 0 0 1 284 1993 374 906 538 0 12 1989 197 103 140 385 1270
0 0 44 3950 102 0 0 0 0 0 290 2626 1180 0 0 0 0 306 3790 0 0 0 0 0
0 0 509 3587 0 0 0 0 0 0 937 3159 0 0 0 0 0 1032 3064 0 0 0 0 0
0 208 3854 34 0 0 0 0 0 186 3506 404 0 0 0 0 59 2688 1349 0 0 0 0 0
0 216 3849 31 0 0 0 0 0 406 3382 308 0 0 0 0 0 3064 1032 0 0 0 0 0
0 800 3296 0 0 0 0 0 9 2426 1661 0 0 0 0 0 1507 2588 1 0 0 0 0 0
0 1040 3056 0 0 0 0 0 7 2151 1938 0 0 0 0 0 1927 2169 0 0 0 0 0 0
2 1327 2767 0 0 0 0 0 41 1674 2381 0 0 0 0 0 1526 2570 0 0 0 0 0 0
0 1750 2345 1 0 0 0 0 24 2081 1991 0 0 0 0 0 1928 2168 0 0 0 0 0 0
0 1997 2099 0 0 0 0 0 5 2512 1579 0 0 0 0 0 2289 1807 0 0 0 0 0 0
0 2364 1732 0 0 0 0 0 0 2911 1185 0 0 0 0 0 2488 1608 0 0 0 0 0 0
0 3176 920 0 0 0 0 0 0 3464 632 0 0 0 0 0 2934 1162 0 0 0 0 0 0
0 3401 695 0 0 0 0 0 0 3055 1041 0 0 0 0 0 2163 1933 0 0 0 0 0 0
0 3918 178 0 0 0 0 0 0 2271 1825 0 0 0 0 0 1877 2219 0 0 0 0 0 0
0 3858 238 0 0 0 0 0 0 2692 1404 0 0 0 0 0 1838 2258 0 0 0 0 0 0
19 4077 0 0 0 0 0 0 33 4008 55 0 0 0 0 0 3619 477 0 0 0 0 0 0
2 3964 130 0 0 0 0 0 4 3661 431 0 0 0 0 0 2891 1205 0 0 0 0 0 0
265 3831 0 0 0 0 0 0 658 3435 3 0 0 0 0 0 4030 66 0 0 0 0 0 0
0 0 0 4031 65 0 0 0 0 0 0 4096 0 0 0 0 0 0 3094 1002 0 0 0 0
0 0 0 2240 1856 0 0 0 0 0 0 3851 245 0 0 0 0 0 1000 3096 0 0 0 0
0 0 0 1598 2498 0 0 0 0 0 0 3353 743 0 0 0 0 0 771 3325 0 0 0 0
0 0 0 1273 2823 0 0 0 0 0 0 3508 588 0 0 0 0 0 935 3161 0 0 0 0
0 0 0 1252 2844 0 0 0 0 0 0 3351 745 0 0 0 0 0 981 3115 0 0 0 0
0 0 0 1291 2805 0 0 0 0 0 0 2889 1207 0 0 0 0 0 821 3275 0 0 0 0
0 0 0 946 3150 0 0 0 0 0 0 1578 2518 0 0 0 0 0 779 3317 0 0 0 0
0 0 0 558 3538 0 0 0 0 0 0 416 3680 0 0 0 0 0 558 3538 0 0 0 0
0 0 0 266 3830 0 0 0 0 0 0 13 4083 0 0 0 0 0 534 3562 0 0 0 0
0 0 0 26 1887 2118 65 0 0 0 0 0 1911 1816 369 0 0 0 66 1491 647 1095 559 238
0 0 0 126 2217 1753 0 0 0 0 0 65 2567 1455 9 0 0 0 244 1436 1338 675 403 0
0 0 0 2585 1511 0 0 0 0 0 0 600 3496 0 0 0 0 0 3193 903 0 0 0 0
0 0 0 4079 17 0 0 0 0 0 0 3826 270 0 0 0 0 2 4055 39 0 0 0 0
0 56 3746 294 0 0 0 0 0 12 2957 1127 0 0 0 0 0 1294 2802 0 0 0 0 0
0 288 3795 13 0 0 0 0 0 266 3567 263 0 0 0 0 3 2002 2091 0 0 0 0 0
0 417 3679 0 0 0 0 0 0 1434 2662 0 0 0 0 0 588 3323 185 0 0 0 0 0
0 1 4095 0 0 0 0 0 0 307 3789 0 0 0 0 0 346 3750 0 0 0 0 0 0
0 0 4088 8 0 0 0 0 0 19 4077 0 0 0 0 0 70 4026 0 0 0 0 0 0
0 0 4091 5 0 0 0 0 0 9 4087 0 0 0 0 0 52 4044 0 0 0 0 0 0
0 0 4093 3 0 0 0 0 0 1 4095 0 0 0 0 0 32 4064 0 0 0 0 0 0
0 0 4086 10 0 0 0 0 0 2 4094 0 0 0 0 0 18 4078 0 0 0 0 0 0
0 0 4040 56 0 0 0 0 0 17 3821 258 0 0 0 0 106 3990 0 0 0 0 0 0
0 0 3722 374 0 0 0 0 0 151 1395 2550 0 0 0 0 200 3874 22 0 0 0 0 0
0 54 3694 348 0 0 0 0 0 387 1122 2587 0 0 0 0 418 3624 54 0 0 0 0 0
0 381 3687 28 0 0 0 0 0 1064 1852 1180 0 0 0 0 918 3167 11 0 0 0 0 0
0 1959 2137 0 0 0 0 0 4 2470 1622 0 0 0 0 0 2062 2034 0 0 0 0 0 0
0 3521 575 0 0 0 0 0 0 2088 2008 0 0 0 0 0 1339 2757 0 0 0 0 0 0
82 4014 0 0 0 0 0 0 84 3987 25 0 0 0 0 0 3733 363 0 0 0 0 0 0
0 0 0 2924 1172 0 0 0 0 0 0 4017 79 0 0 0 0 0 552 3544 0 0 0 0
0 0 0 354 3742 0 0 0 0 0 0 1822 2274 0 0 0 0 0 0 4095 1 0 0 0
0 0 0 20 4076 0 0 0 0 0 0 302 3794 0 0 0 0 0 0 4084 12 0 0 0
0 0 0 32 4064 0 0 0 0 0 0 290 3806 0 0 0 0 0 0 4094 2 0 0 0
0 0 0 40 4056 0 0 0 0 0 0 313 3783 0 0 0 0 0 0 4095 1 0 0 0
0 0 0 24 4072 0 0 0 0 0 0 103 3993 0 0 0 0 0 0 4096 0 0 0 0
0 0 0 23 4073 0 0 0 0 0 0 28 4068 0 0 0 0 0 0 4095 1 0 0 0
0 0 0 10 4086 0 0 0 0 0 0 1 4095 0 0 0 0 0 0 4095 1 0 0 0
0 0 0 17 4079 0 0 0 0 0 0 0 4096 0 0 0 0 0 0 4096 0 0 0 0
0 0 0 14 4082 0 0 0 0 0 0 0 4096 0 0 0 0 0 0 4096 0 0 0 0
0 0 0 86 4010 0 0 0 0 0 0 0 4096 0 0 0 0 0 4 4090 2 0 0 0
0 0 0 963 3133 0 0 0 0 0 0 57 4039 0 0 0 0 0 355 3741 0 0 0 0
0 0 0 3843 253 0 0 0 0 0 0 2745 1351 0 0 0 0 0 2462 1634 0 0 0 0
0 283 3272 541 0 0 0 0 0 180 2390 1526 0 0 0 0 46 1163 2824 63 0 0 0 0
0 8 3968 120 0 0 0 0 0 7 3713 376 0 0 0 0 0 239 3843 14 0 0 0 0
0 115 3981 0 0 0 0 0 0 304 3791 1 0 0 0 0 66 2148 1882 0 0 0 0 0
0 0 4026 70 0 0 0 0 0 3 4093 0 0 0 0 0 3 4091 2 0 0 0 0 0
0 0 3917 179 0 0 0 0 0 1 4094 1 0 0 0 0 1 4094 1 0 0 0 0 0
0 0 3991 105 0 0 0 0 0 0 4096 0 0 0 0 0 3 4092 1 0 0 0 0 0
0 0 3996 100 0 0 0 0 0 0 4096 0 0 0 0 0 5 4091 0 0 0 0 0 0
0 0 3994 102 0 0 0 0 0 0 4092 4 0 0 0 0 0 4096 0 0 0 0 0 0
0 0 3751 345 0 0 0 0 0 0 3433 663 0 0 0 0 0 4094 2 0 0 0 0 0
0 0 3371 725 0 0 0 0 0 0 586 3510 0 0 0 0 0 4075 21 0 0 0 0 0
0 0 3391 705 0 0 0 0 0 0 129 3967 0 0 0 0 0 4041 55 0 0 0 0 0
0 0 4031 65 0 0 0 0 0 0 1668 2428 0 0 0 0 0 4089 7 0 0 0 0 0
0 995 3101 0 0 0 0 0 0 894 3160 42 0 0 0 0 604 3492 0 0 0 0 0 0
0 3483 613 0 0 0 0 0 0 2335 1761 0 0 0 0 0 1495 2601 0 0 0 0 0 0
18 4075 3 0 0 0 0 0 36 4048 12 0 0 0 0 0 3906 190 0 0 0 0 0 0
0 0 0 1507 2589 0 0 0 0 0 0 3032 1064 0 0 0 0 0 1 4095 0 0 0 0
0 0 0 20 4076 0 0 0 0 0 0 173 3923 0 0 0 0 0 0 3887 209 0 0 0
0 0 0 0 4096 0 0 0 0 0 0 1 4095 0 0 0 0 0 0 2882 1214 0 0 0
0 0 0 0 4096 0 0 0 0 0 0 0 4096 0 0 0 0 0 0 2560 1536 0 0 0
0 0 0 0 4096 0 0 0 0 0 0 0 4096 0 0 0 0 0 0 2356 1740 0 0 0
0 0 0 0 4096 0 0 0 0 0 0 0 4096 0 0 0 0 0 0 2757 1339 0 0 0
0 0 0 1 4095 0 0 0 0 0 0 0 4096 0 0 0 0 0 0 3136 960 0 0 0
0 0 0 73 4023 0 0 0 0 0 0 36 4060 0 0 0 0 0 0 3199 897 0 0 0
0 0 0 0 4096 0 0 0 0 0 0 0 4096 0 0 0 0 0 0 3855 241 0 0 0
0 0 0 1 4095 0 0 0 0 0 0 0 4096 0 0 0 0 0 0 4064 32 0 0 0
0 0 0 8 4088 0 0 0 0 0 0 0 4096 0 0 0 0 0 0 4096 0 0 0 0
0 0 0 176 3920 0 0 0 0 0 0 4 4092 0 0 0 0 0 0 4096 0 0 0 0
0 0 0 2517 1579 0 0 0 0 0 0 1390 2706 0 0 0 0 0 174 3922 0 0 0 0
0 0 2717 1365 14 0 0 0 0 0 1398 2604 94 0 0 0 0 78 3556 462 0 0 0 0
0 3 3844 249 0 0 0 0 0 2 3700 394 0 0 0 0 0 106 3853 137 0 0 0 0
0 9 4063 24 0 0 0 0 0 70 3947 79 0 0 0 0 3 1693 2400 0 0 0 0 0
0 0 3390 706 0 0 0 0 0 0 4087 9 0 0 0 0 0 3927 169 0 0 0 0 0
0 0 1844 2252 0 0 0 0 0 0 4037 59 0 0 0 0 0 3382 714 0 0 0 0 0
0 0 2858 1238 0 0 0 0 0 0 4063 33 0 0 0 0 0 3952 144 0 0 0 0 0
0 0 3578 518 0 0 0 0 0 0 4088 8 0 0 0 0 0 4095 1 0 0 0 0 0
0 0 3677 419 0 0 0 0 0 0 4070 26 0 0 0 0 0 4095 1 0 0 0 0 0
0 0 3669 427 0 0 0 0 0 0 3850 246 0 0 0 0 0 4096 0 0 0 0 0 0
0 0 3626 470 0 0 0 0 0 0 2624 1472 0 0 0 0 0 4096 0 0 0 0 0 0
0 0 3784 312 0 0 0 0 0 0 1972 2124 0 0 0 0 0 4092 4 0 0 0 0 0
0 0 4065 31 0 0 0 0 0 0 3453 643 0 0 0 0 0 4095 1 0 0 0 0 0
0 831 3265 0 0 0 0 0 0 757 3333 6 0 0 0 0 615 3481 0 0 0 0 0 0
6 4010 80 0 0 0 0 0 2 3755 339 0 0 0 0 0 2416 1680 0 0 0 0 0 0
97 3973 26 0 0 0 0 0 166 3895 35 0 0 0 0 0 3622 474 0 0 0 0 0 0
0 0 0 657 3439 0 0 0 0 0 0 1585 2511 0 0 0 0 0 0 4089 7 0 0 0
0 0 0 2 4094 0 0 0 0 0 0 5 4091 0 0 0 0 0 0 2552 1544 0 0 0
0 0 0 0 4096 0 0 0 0 0 0 0 4096 0 0 0 0 0 0 221 3875 0 0 0
0 0 0 0 4096 0 0 0 0 0 0 0 4096 0 0 0 0 0 0 103 3993 0 0 0
0 0 0 0 4096 0 0 0 0 0 0 0 4096 0 0 0 0 0 0 56 4040 0 0 0
0 0 0 0 4096 0 0 0 0 0 0 0 4096 0 0 0 0 0 0 137 3959 0 0 0
0 0 0 0 4096 0 0 0 0 0 0 0 4096 0 0 0 0 0 0 231 3865 0 0 0
0 0 0 0 4096 0 0 0 0 0 0 0 4096 0 0 0 0 0 0 503 3593 0 0 0
0 0 0 2 4094 0 0 0 0 0 0 0 4096 0 0 0 0 0 0 1493 2603 0 0 0
0 0 0 1 4095 0 0 0 0 0 0 0 4096 0 0 0 0 0 0 2753 1343 0 0 0
0 0 0 2 4094 0 0 0 0 0 0 0 4096 0 0 0 0 0 0 3943 153 0 0 0
0 0 0 65 4031 0 0 0 0 0 0 16 4080 0 0 0 0 0 0 4079 17 0 0 0
0 0 0 1437 2659 0 0 0 0 0 0 536 3560 0 0 0 0 0 0 4096 0 0 0 0
0 0 2709 1217 170 0 0 0 0 0 1205 2556 335 0 0 0 0 0 3354 742 0 0 0 0
0 4 3689 403 0 0 0 0 0 1 3268 827 0 0 0 0 0 7 3804 285 0 0 0 0
0 29 4064 3 0 0 0 0 0 53 4025 18 0 0 0 0 4 1582 2510 0 0 0 0 0
0 0 2491 1605 0 0 0 0 0 0 3903 193 0 0 0 0 0 2968 1128 0 0 0 0 0
0 0 206 3890 0 0 0 0 0 0 2710 1386 0 0 0 0 0 498 3598 0 0 0 0 0
0 0 535 3561 0 0 0 0 0 0 2910 1186 0 0 0 0 0 1543 2553 0 0 0 0 0
0 0 1086 3010 0 0 0 0 0 0 3515 581 0 0 0 0 0 3455 641 0 0 0 0 0
0 0 2725 1371 0 0 0 0 0 0 3933 163 0 0 0 0 0 4065 31 0 0 0 0 0
0 0 3352 744 0 0 0 0 0 0 3964 132 0 0 0 0 0 4095 1 0 0 0 0 0
0 0 3707 389 0 0 0 0 0 0 3946 150 0 0 0 0 0 4096 0 0 0 0 0 0
0 0 4008 88 0 0 0 0 0 0 3930 166 0 0 0 0 0 4096 0 0 0 0 0 0
0 0 4083 13 0 0 0 0 0 0 4059 37 0 0 0 0 0 4096 0 0 0 0 0 0
0 698 3398 0 0 0 0 0 0 649 3447 0 0 0 0 0 527 3569 0 0 0 0 0 0
0 3909 187 0 0 0 0 0 0 3902 194 0 0 0 0 0 2302 1794 0 0 0 0 0 0
1 4069 26 0 0 0 0 0 5 4074 17 0 0 0 0 0 3504 592 0 0 0 0 0 0
0 0 0 546 3550 0 0 0 0 0 0 1097 2999 0 0 0 0 0 0 4010 86 0 0 0
0 0 0 0 4096 0 0 0 0 0 0 0 4096 0 0 0 0 0 0 724 3372 0 0 0
0 0 0 0 4096 0 0 0 0 0 0 0 4096 0 0 0 0 0 0 1 4095 0 0 0
0 0 0 0 4096 0 0 0 0 0 0 0 4096 0 0 0 0 0 0 1 4095 0 0 0
0 0 0 0 4096 0 0 0 0 0 0 0 4096 0 0 0 0 0 0 1 4095 0 0 0
0 0 0 0 4096 0 0 0 0 0 0 0 4096 0 0 0 0 0 0 0 4096 0 0 0
0 0 0 0 4096 0 0 0 0 0 0 0 4096 0 0 0 0 0 0 1 4095 0 0 0
0 0 0 0 4096 0 0 0 0 0 0 0 4096 0 0 0 0 0 0 6 4090 0 0 0
0 0 0 0 4096 0 0 0 0 0 0 0 4096 0 0 0 0 0 0 7 4089 0 0 0
0 0 0 0 4096 0 0 0 0 0 0 0 4096 0 0 0 0 0 0 391 3705 0 0 0
0 0 0 0 4096 0 0 0 0 0 0 0 4096 0 0 0 0 0 0 2398 1698 0 0 0
0 0 0 4 4092 0 0 0 0 0 0 0 4096 0 0 0 0 0 0 3772 324 0 0 0
0 0 0 329 3767 0 0 0 0 0 0 109 3987 0 0 0 0 0 0 4091 5 0 0 0
0 0 1847 1806 443 0 0 0 0 0 770 2788 538 0 0 0 0 0 2683 1412 1 0 0 0
0 0 2755 1341 0 0 0 0 0 0 1852 2244 0 0 0 0 0 0 2747 1349 0 0 0 0
0 4 4002 90 0 0 0 0 0 14 3863 219 0 0 0 0 1 1399 2656 40 0 0 0 0
0 0 1781 2315 0 0 0 0 0 0 3212 884 0 0 0 0 0 2187 1909 0 0 0 0 0
0 0 17 4079 0 0 0 0 0 0 566 3530 0 0 0 0 0 12 4084 0 0 0 0 0
0 0 23 4073 0 0 0 0 0 0 802 3294 0 0 0 0 0 88 4008 0 0 0 0 0
0 0 144 3952 0 0 0 0 0 0 1477 2619 0 0 0 0 0 883 3213 0 0 0 0 0
0 0 738 3358 0 0 0 0 0 0 2920 1176 0 0 0 0 0 2816 1280 0 0 0 0 0
0 0 2264 1832 0 0 0 0 0 0 3772 324 0 0 0 0 0 4049 47 0 0 0 0 0
0 0 3560 536 0 0 0 0 0 0 4013 83 0 0 0 0 0 4096 0 0 0 0 0 0
0 0 3998 98 0 0 0 0 0 0 4066 30 0 0 0 0 0 4096 0 0 0 0 0 0
0 0 4094 2 0 0 0 0 0 0 4095 1 0 0 0 0 1 4095 0 0 0 0 0 0
0 519 3577 0 0 0 0 0 0 534 3562 0 0 0 0 0 488 3608 0 0 0 0 0 0
0 3814 282 0 0 0 0 0 0 3908 188 0 0 0 0 0 2421 1675 0 0 0 0 0 0
6 4078 12 0 0 0 0 0 37 4050 9 0 0 0 0 0 3636 460 0 0 0 0 0 0
0 0 0 362 3734 0 0 0 0 0 0 335 3761 0 0 0 0 0 0 3152 944 0 0 0
0 0 0 0 4096 0 0 0 0 0 0 0 4096 0 0 0 0 0 0 77 4019 0 0 0
0 0 0 0 4096 0 0 0 0 0 0 0 4096 0 0 0 0 0 0 0 4096 0 0 0
0 0 0 0 4096 0 0 0 0 0 0 0 4096 0 0 0 0 0 0 0 4096 0 0 0
0 0 0 0 4096 0 0 0 0 0 0 0 4096 0 0 0 0 0 0 0 4096 0 0 0
0 0 0 0 4096 0 0 0 0 0 0 0 4096 0 0 0 0 0 0 0 4096 0 0 0
0 0 0 0 4096 0 0 0 0 0 0 0 4096 0 0 0 0 0 0 0 4096 0 0 0
0 0 0 0 4096 0 0 0 0 0 0 0 4096 0 0 0 0 0 0 0 4096 0 0 0
0 0 0 0 4096 0 0 0 0 0 0 0 4096 0 0 0 0 0 0 0 4096 0 0 0
0 0 0 0 4096 0 0 0 0 0 0 0 4096 0 0 0 0 0 0 13 4083 0 0 0
0 0 0 0 4096 0 0 0 0 0 0 0 4096 0 0 0 0 0 0 418 3678 0 0 0
0 0 0 0 4096 0 0 0 0 0 0 0 4096 0 0 0 0 0 0 1956 2140 0 0 0
0 0 0 90 4006 0 0 0 0 0 0 16 4080 0 0 0 0 0 0 3921 175 0 0 0
0 0 1276 2213 607 0 0 0 0 0 442 2983 671 0 0 0 0 0 1576 2512 8 0 0 0
0 0 2683 1413 0 0 0 0 0 0 1695 2401 0 0 0 0 0 0 2239 1857 0 0 0 0
0 2 3985 109 0 0 0 0 0 0 3484 612 0 0 0 0 0 1273 2597 226 0 0 0 0
0 0 1350 2746 0 0 0 0 0 0 2551 1545 0 0 0 0 0 1831 2265 0 0 0 0 0
0 0 1 4095 0 0 0 0 0 0 61 4035 0 0 0 0 0 0 4096 0 0 0 0 0
0 0 3 4093 0 0 0 0 0 0 115 3981 0 0 0 0 0 1 4095 0 0 0 0 0
0 0 14 4082 0 0 0 0 0 0 446 3650 0 0 0 0 0 61 4035 0 0 0 0 0
0 0 184 3912 0 0 0 0 0 0 1443 2653 0 0 0 0 0 583 3513 0 0 0 0 0
0 0 1192 2904 0 0 0 0 0 0 2913 1183 0 0 0 0 0 2605 1491 0 0 0 0 0
0 0 2970 1126 0 0 0 0 0 0 3901 195 0 0 0 0 0 3953 143 0 0 0 0 0
0 0 3938 158 0 0 0 0 0 0 4085 11 0 0 0 0 0 4093 3 0 0 0 0 0
0 0 4090 6 0 0 0 0 0 0 4096 0 0 0 0 0 0 4096 0 0 0 0 0 0
0 406 3690 0 0 0 0 0 0 430 3666 0 0 0 0 0 340 3756 0 0 0 0 0 0
0 3913 183 0 0 0 0 0 0 4027 69 0 0 0 0 0 2341 1755 0 0 0 0 0 0
2 4086 8 0 0 0 0 0 10 4085 1 0 0 0 0 0 3533 563 0 0 0 0 0 0
0 0 0 307 3789 0 0 0 0 0 0 129 3967 0 0 0 0 0 0 1883 2213 0 0 0
0 0 0 0 4096 0 0 0 0 0 0 0 4096 0 0 0 0 0 0 3 4093 0 0 0
0 55 284 131 3626 0 0 0 0 25 275 126 3670 0 0 0 0 24 245 147 3680 0 0 0
0 0 41 59 3996 0 0 0 0 0 31 46 4019 0 0 0 0 0 27 43 4026 0 0 0
0 0 0 0 4096 0 0 0 0 0 0 0 4096 0 0 0 0 0 0 0 4096 0 0 0
0 0 0 3 4093 0 0 0 0 0 0 0 4096 0 0 0 0 0 0 0 4096 0 0 0
166 223 240 360 3107 0 0 0 49 217 297 303 3226 4 0 0 2 134 301 410 3219 15 15 0
134 209 114 312 3327 0 0 0 49 225 153 256 3413 0 0 0 3 166 215 309 3401 2 0 0
0 0 0 0 4096 0 0 0 0 0 0 0 4096 0 0 0 0 0 0 0 4096 0 0 0
0 0 0 0 4096 0 0 0 0 0 0 0 4096 0 0 0 0 0 0 0 4096 0 0 0
0 0 0 0 4096 0 0 0 0 0 0 0 4096 0 0 0 0 0 0 6 4090 0 0 0
0 0 0 0 4096 0 0 0 0 0 0 0 4096 0 0 0 0 0 0 111 3985 0 0 0
0 0 0 25 4071 0 0 0 0 0 0 5 4091 0 0 0 0 0 0 2133 1963 0 0 0
0 0 1025 2335 736 0 0 0 0 0 378 2944 774 0 0 0 0 0 1086 2669 341 0 0 0
0 0 2864 1232 0 0 0 0 0 0 1822 2274 0 0 0 0 0 0 1922 2174 0 0 0 0
0 0 3684 412 0 0 0 0 0 0 2750 1346 0 0 0 0 0 1092 1893 1111 0 0 0 0
0 0 1093 3003 0 0 0 0 0 0 2100 1996 0 0 0 0 0 1250 2846 0 0 0 0 0
0 0 2 4094 0 0 0 0 0 0 4 4092 0 0 0 0 0 0 4096 0 0 0 0 0
0 0 3 4093 0 0 0 0 0 0 14 4082 0 0 0 0 0 0 4096 0 0 0 0 0
0 0 14 4082 0 0 0 0 0 0 127 3969 0 0 0 0 0 1 4095 0 0 0 0 0
0 0 136 3960 0 0 0 0 0 0 692 3404 0 0 0 0 0 117 3979 0 0 0 0 0
0 0 682 3414 0 0 0 0 0 0 2332 1764 0 0 0 0 0 875 3221 0 0 0 0 0
0 0 2146 1950 0 0 0 0 0 0 3662 434 0 0 0 0 0 2644 1452 0 0 0 0 0
0 0 3878 218 0 0 0 0 0 0 4066 30 0 0 0 0 0 4039 57 0 0 0 0 0
0 0 4087 9 0 0 0 0 0 0 4094 2 0 0 0 0 0 4092 4 0 0 0 0 0
0 229 3867 0 0 0 0 0 0 266 3830 0 0 0 0 0 104 3992 0 0 0 0 0 0
0 3876 220 0 0 0 0 0 0 4014 82 0 0 0 0 0 1805 2291 0 0 0 0 0 0
11 4068 17 0 0 0 0 0 42 4053 1 0 0 0 0 0 3313 783 0 0 0 0 0 0
0 0 0 500 2903 496 197 0 0 0 0 122 3284 385 305 0 0 0 0 773 2652 224 260 187
0 32 278 275 2898 452 161 0 0 2 247 246 2954 372 275 0 0 7 215 227 3010 234 222 181
37 341 903 1258 1035 313 209 0 20 181 966 1015 1383 218 313 0 15 205 900 984 1425 120 206 241
2 219 1201 1070 1232 141 231 0 0 51 1037 943 1656 78 319 12 0 32 903 985 1758 44 120 254
0 16 714 1408 1715 64 179 0 0 0 417 1236 2184 51 165 43 0 0 344 1212 2254 43 60 183
0 103 827 1491 1578 53 44 0 0 31 634 1186 2125 49 69 2 0 35 601 1114 2210 49 43 44
2337 879 535 315 19 11 0 0 2143 956 605 346 43 3 0 0 1878 886 854 427 33 15 3 0
1576 486 150 231 1066 141 420 26 1218 811 168 183 1082 101 215 318 713 1162 267 180 1085 66 81 542
0 0 0 0 3036 374 659 27 0 0 0 0 2938 191 611 356 0 0 0 0 2912 115 130 939
0 0 0 0 4059 37 0 0 0 0 0 0 4018 76 2 0 0 0 0 0 4009 45 42 0
0 0 0 0 4096 0 0 0 0 0 0 0 4096 0 0 0 0 0 0 0 4096 0 0 0
0 0 0 0 4096 0 0 0 0 0 0 0 4096 0 0 0 0 0 0 3 4093 0 0 0
0 0 0 4 4092 0 0 0 0 0 0 0 4096 0 0 0 0 0 0 291 3805 0 0 0
0 0 920 2294 882 0 0 0 0 0 240 2922 934 0 0 0 0 0 484 2756 856 0 0 0
0 0 2364 1732 0 0 0 0 0 0 1129 2967 0 0 0 0 0 0 1070 3026 0 0 0 0
0 1 3784 311 0 0 0 0 0 0 2980 1116 0 0 0 0 0 960 2143 993 0 0 0 0
0 0 805 3291 0 0 0 0 0 0 1674 2422 0 0 0 0 0 742 3354 0 0 0 0 0
0 0 0 4096 0 0 0 0 0 0 0 4096 0 0 0 0 0 0 3974 122 0 0 0 0
0 0 1 4095 0 0 0 0 0 0 6 4090 0 0 0 0 0 0 4085 11 0 0 0 0
0 0 0 4096 0 0 0 0 0 0 27 4069 0 0 0 0 0 0 4096 0 0 0 0 0
0 0 32 4064 0 0 0 0 0 0 233 3863 0 0 0 0 0 1 4095 0 0 0 0 0
0 0 478 3618 0 0 0 0 0 0 1725 2371 0 0 0 0 0 202 3894 0 0 0 0 0
0 0 1953 2143 0 0 0 0 0 0 3513 583 0 0 0 0 0 1090 3006 0 0 0 0 0
0 0 3673 423 0 0 0 0 0 0 4038 58 0 0 0 0 0 3354 742 0 0 0 0 0
0 0 4088 8 0 0 0 0 0 0 4095 1 0 0 0 0 0 4009 87 0 0 0 0 0
0 159 3937 0 0 0 0 0 0 161 3935 0 0 0 0 0 67 4029 0 0 0 0 0 0
0 3631 465 0 0 0 0 0 0 3877 219 0 0 0 0 0 739 3357 0 0 0 0 0 0
6 4067 23 0 0 0 0 0 16 4072 8 0 0 0 0 0 2618 1478 0 0 0 0 0 0
0 59 1002 838 339 1857 1 0 0 717 293 389 790 1825 82 0 56 757 136 315 911 974 946 1
0 299 1527 1185 317 768 0 0 0 1095 665 308 1254 769 5 0 471 641 542 295 1368 618 161 0
3 731 918 1034 384 1026 0 0 3 757 720 991 446 1177 2 0 122 611 669 944 416 954 380 0
0 628 1474 970 133 891 0 0 1 503 1198 1321 112 903 58 0 6 572 997 1328 192 647 351 3
0 359 935 1634 115 927 126 0 0 707 407 1403 469 799 307 4 8 807 287 1305 553 479 520 137
0 378 862 1477 94 969 315 1 1 636 364 1477 289 784 476 69 1 663 324 1367 379 443 533 386
837 340 212 403 727 903 649 25 926 261 520 748 537 626 368 110 903 277 550 556 363 627 440 380
252 218 214 402 727 1891 392 0 197 288 241 360 785 1408 729 88 208 205 284 230 805 785 735 844
0 0 33 19 1181 2759 104 0 0 18 22 21 2340 1450 223 22 3 31 11 22 2423 803 567 236
0 20 549 630 1565 1060 272 0 0 227 295 355 1932 872 347 68 7 392 118 302 1899 694 386 298
1 4 477 698 1668 939 309 0 0 200 199 314 2070 882 306 125 19 287 107 300 2053 647 349 334
13 67 469 854 1466 916 311 0 0 153 308 341 1976 826 435 57 9 200 232 336 1969 529 538 283
0 0 253 1371 1210 1021 241 0 0 64 166 495 2063 790 514 4 0 111 127 420 2085 443 694 216
2 27 1399 1143 382 852 291 0 0 15 550 1803 468 697 540 23 0 31 497 1795 479 434 559 301
5 83 1872 854 172 926 184 0 0 49 968 1767 89 803 420 0 0 28 773 1943 85 472 624 171
0 63 2537 252 137 890 217 0 0 15 1931 880 81 778 411 0 0 384 1514 915 51 518 526 188
0 18 1590 1250 181 896 161 0 0 6 1487 1335 100 856 312 0 0 262 2453 102 76 586 469 148
0 15 485 2349 268 805 174 0 0 4 174 2653 122 811 332 0 0 19 2147 649 67 554 485 175
3 23 525 2312 255 731 247 0 0 11 241 2594 96 705 422 27 0 30 2444 358 72 433 504 255
0 11 704 2124 248 814 195 0 0 4 509 2303 122 776 382 0 0 67 2633 105 88 497 510 196
0 46 900 1910 349 747 144 0 0 13 795 2032 207 759 290 0 0 78 2650 108 94 555 448 163
0 28 1314 1529 358 709 158 0 0 8 1390 1442 218 806 232 0 0 73 2685 85 111 612 372 158
0 7 2066 804 357 758 104 0 0 3 2356 501 371 667 198 0 0 355 2411 102 306 559 272 91
0 17 2684 195 438 710 52 0 0 14 2734 149 458 552 189 0 0 1563 1239 102 419 439 302 32
0 31 2781 123 450 615 96 0 0 20 2777 127 531 456 185 0 0 2428 421 88 513 323 206 117
0 76 2770 106 517 567 60 0 0 61 2772 108 598 382 175 0 6 2707 171 71 591 267 196 87
0 2508 364 107 503 614 0 0 0 2515 348 97 577 501 58 0 161 2620 91 84 516 359 256 9
7 2790 100 109 582 508 0 0 13 2777 101 104 572 512 17 0 1307 1490 96 90 477 427 209 0
0 35 2303 153 157 1231 217 0 4 2034 332 131 142 980 473 0 216 2020 144 113 96 567 777 163
0 785 3221 90 0 0 0 0 0 3318 718 60 0 0 0 0 1468 1926 618 84 0 0 0 0
0 1937 1344 241 413 161 0 0 14 2349 904 188 231 410 0 0 729 1664 847 160 146 440 110 0
0 1864 2068 164 0 0 0 0 3 2159 1495 439 0 0 0 0 22 2399 1072 511 92 0 0 0
0 1557 1756 320 429 34 0 0 0 2400 868 250 400 178 0 0 38 2470 727 150 276 408 27 0
245 1157 1228 214 450 640 162 0 28 1839 697 195 327 697 304 9 21 1610 680 300 235 656 321 273
794 510 435 337 703 1292 25 0 822 515 424 335 471 1418 111 0 631 623 420 297 336 800 918 71
668 355 499 760 994 820 0 0 658 408 505 758 1324 443 0 0 311 629 500 660 1550 380 63 3
16 48 1200 179 301 2352 0 0 32 1036 284 193 1501 1050 0 0 400 861 132 234 1937 520 12 0
0 14 4038 44 0 0 0 0 1 3628 467 0 0 0 0 0 872 3224 0 0 0 0 0 0
0 32 4052 12 0 0 0 0 7 3861 228 0 0 0 0 0 1499 2597 0 0 0 0 0 0
0 41 4049 6 0 0 0 0 3 3923 170 0 0 0 0 0 1917 2169 10 0 0 0 0 0
0 74 4022 0 0 0 0 0 6 4067 23 0 0 0 0 0 2036 2060 0 0 0 0 0 0
0 397 3697 2 0 0 0 0 3 2496 1555 42 0 0 0 0 686 1822 1391 197 0 0 0 0
0 295 3650 151 0 0 0 0 0 75 3534 487 0 0 0 0 0 38 2913 1145 0 0 0 0
1 1000 2976 119 0 0 0 0 149 658 2802 487 0 0 0 0 590 217 2444 845 0 0 0 0
0 3464 632 0 0 0 0 0 278 3592 220 6 0 0 0 0 3782 185 129 0 0 0 0 0
0 2533 1535 28 0 0 0 0 69 3630 266 131 0 0 0 0 3598 158 337 3 0 0 0 0
0 2803 1264 29 0 0 0 0 114 3479 392 111 0 0 0 0 3483 179 434 0 0 0 0 0
0 3265 819 12 0 0 0 0 261 3224 576 35 0 0 0 0 3380 208 508 0 0 0 0 0
0 3317 779 0 0 0 0 0 383 3019 689 5 0 0 0 0 3224 326 546 0 0 0 0 0
0 3289 807 0 0 0 0 0 800 2484 811 1 0 0 0 0 3181 320 595 0 0 0 0 0
3 3252 841 0 0 0 0 0 1283 1959 854 0 0 0 0 0 3154 515 427 0 0 0 0 0
6 3185 905 0 0 0 0 0 1829 1356 911 0 0 0 0 0 3070 906 120 0 0 0 0 0
31 3187 878 0 0 0 0 0 2468 693 935 0 0 0 0 0 3023 1062 11 0 0 0 0 0
165 3296 635 0 0 0 0 0 2666 684 746 0 0 0 0 0 3006 1089 1 0 0 0 0 0
375 3711 10 0 0 0 0 0 1372 2703 21 0 0 0 0 0 1719 2377 0 0 0 0 0 0
421 3639 36 0 0 0 0 0 457 3584 55 0 0 0 0 0 1259 2831 6 0 0 0 0 0
0 49 2198 142 165 1364 178 0 5 2012 259 113 149 1059 499 0 197 1993 106 84 120 419 1078 99
0 222 3870 4 0 0 0 0 11 4068 17 0 0 0 0 0 2555 1541 0 0 0 0 0 0
1 1654 1652 207 371 211 0 0 43 3108 164 172 349 260 0 0 1683 1518 137 200 128 373 57 0
2 1903 1984 207 0 0 0 0 30 2196 1387 483 0 0 0 0 259 1966 1070 744 57 0 0 0
0 1510 1421 509 636 20 0 0 5 1993 1008 396 403 291 0 0 110 1999 762 370 333 516 6 0
12 465 252 239 1122 1595 385 26 46 520 265 167 1283 1047 619 149 59 535 203 216 1092 558 724 709
552 395 464 398 677 1610 0 0 384 586 459 355 621 1691 0 0 126 802 402 347 492 1535 392 0
461 152 114 139 1413 1817 0 0 425 188 113 303 2985 82 0 0 256 336 139 947 2382 36 0 0
0 0 685 79 717 2615 0 0 0 543 172 56 2799 497 29 0 94 571 51 129 2646 412 171 22
0 21 4063 12 0 0 0 0 4 3692 400 0 0 0 0 0 1324 2772 0 0 0 0 0 0
0 17 4067 12 0 0 0 0 3 3871 222 0 0 0 0 0 1680 2416 0 0 0 0 0 0
0 18 4075 3 0 0 0 0 0 3968 128 0 0 0 0 0 1904 2192 0 0 0 0 0 0
0 39 3131 534 382 10 0 0 10 3236 703 140 7 0 0 0 1820 1542 599 114 21 0 0 0
0 260 3574 230 26 6 0 0 0 2447 1057 581 11 0 0 0 821 1650 514 1096 12 3 0 0
0 67 3293 549 168 19 0 0 0 11 2490 1548 47 0 0 0 0 5 1319 2629 130 13 0 0
0 887 3005 204 0 0 0 0 141 583 2316 1056 0 0 0 0 529 171 1741 1655 0 0 0 0
0 3754 342 0 0 0 0 0 434 3662 0 0 0 0 0 0 4089 7 0 0 0 0 0 0
0 2254 1842 0 0 0 0 0 97 3999 0 0 0 0 0 0 4092 4 0 0 0 0 0 0
0 3016 1080 0 0 0 0 0 131 3965 0 0 0 0 0 0 4095 1 0 0 0 0 0 0
0 3561 535 0 0 0 0 0 252 3844 0 0 0 0 0 0 4096 0 0 0 0 0 0 0
0 3986 110 0 0 0 0 0 558 3538 0 0 0 0 0 0 4095 1 0 0 0 0 0 0
0 4091 5 0 0 0 0 0 1140 2956 0 0 0 0 0 0 4096 0 0 0 0 0 0 0
0 4096 0 0 0 0 0 0 2150 1946 0 0 0 0 0 0 4096 0 0 0 0 0 0 0
17 4079 0 0 0 0 0 0 3039 1057 0 0 0 0 0 0 4096 0 0 0 0 0 0 0
64 4032 0 0 0 0 0 0 3869 227 0 0 0 0 0 0 4096 0 0 0 0 0 0 0
210 3886 0 0 0 0 0 0 4038 58 0 0 0 0 0 0 4096 0 0 0 0 0 0 0
371 3717 8 0 0 0 0 0 2042 2032 22 0 0 0 0 0 2187 1909 0 0 0 0 0 0
98 3940 58 0 0 0 0 0 205 3789 102 0 0 0 0 0 714 3378 4 0 0 0 0 0
0 30 2297 129 197 1344 99 0 4 2029 346 117 152 1101 347 0 253 1977 149 115 134 637 808 23
0 48 4032 16 0 0 0 0 12 3976 108 0 0 0 0 0 1601 2495 0 0 0 0 0 0
0 8 3141 263 329 355 0 0 0 3002 286 303 505 0 0 0 1610 1619 399 468 0 0 0 0
0 437 2635 326 557 141 0 0 3 2332 644 685 432 0 0 0 1559 969 723 797 48 0 0 0
0 199 2542 444 546 365 0 0 4 2171 635 550 468 223 45 0 1325 975 475 893 86 119 183 40
0 86 688 551 1716 1032 23 0 2 551 292 671 1555 898 127 0 452 155 290 1008 1087 691 301 112
961 353 1371 255 568 588 0 0 982 1256 447 363 540 508 0 0 1619 719 424 657 129 396 152 0
2714 56 46 99 916 265 0 0 2719 56 47 266 863 145 0 0 2718 57 51 628 467 175 0 0
2786 81 209 206 687 127 0 0 2792 200 92 331 540 141 0 0 2701 325 70 489 325 99 85 2
634 89 3338 35 0 0 0 0 656 3164 276 0 0 0 0 0 1613 2483 0 0 0 0 0 0
0 17 4067 12 0 0 0 0 4 3961 131 0 0 0 0 0 1855 2241 0 0 0 0 0 0
0 35 4058 3 0 0 0 0 9 3995 92 0 0 0 0 0 1834 2262 0 0 0 0 0 0
0 65 1956 377 718 868 112 0 6 1990 569 642 262 383 244 0 694 1318 342 467 498 319 309 149
36 394 3112 428 115 11 0 0 42 2534 913 593 14 0 0 0 533 2029 489 1009 32 4 0 0
10 129 1309 615 632 1103 298 0 2 135 1212 1134 712 487 392 22 0 41 786 1261 589 664 414 341
0 756 3116 223 1 0 0 0 146 477 2548 922 2 1 0 0 426 181 2045 1438 3 2 0 1
0 3391 705 0 0 0 0 0 372 3724 0 0 0 0 0 0 4093 3 0 0 0 0 0 0
0 1608 2488 0 0 0 0 0 24 4072 0 0 0 0 0 0 4095 1 0 0 0 0 0 0
0 2669 1427 0 0 0 0 0 131 3965 0 0 0 0 0 0 4093 3 0 0 0 0 0 0
0 3452 644 0 0 0 0 0 249 3847 0 0 0 0 0 0 4096 0 0 0 0 0 0 0
0 3912 184 0 0 0 0 0 429 3667 0 0 0 0 0 0 4096 0 0 0 0 0 0 0
506 3297 66 50 107 68 2 0 1119 2716 62 70 110 19 0 0 3405 388 89 61 115 33 5 0
2731 1364 1 0 0 0 0 0 2543 1553 0 0 0 0 0 0 2620 1282 194 0 0 0 0 0
489 3607 0 0 0 0 0 0 3157 939 0 0 0 0 0 0 3879 210 7 0 0 0 0 0
79 4017 0 0 0 0 0 0 3843 253 0 0 0 0 0 0 4096 0 0 0 0 0 0 0
282 3814 0 0 0 0 0 0 4016 80 0 0 0 0 0 0 4096 0 0 0 0 0 0 0
481 3610 5 0 0 0 0 0 2163 1925 8 0 0 0 0 0 2271 1823 2 0 0 0 0 0
25 4048 23 0 0 0 0 0 27 3979 90 0 0 0 0 0 455 3637 4 0 0 0 0 0
0 8 2277 164 156 1308 183 0 3 1973 364 117 147 934 558 0 159 2112 93 90 118 432 943 149
0 30 4000 66 0 0 0 0 3 3767 326 0 0 0 0 0 1005 3091 0 0 0 0 0 0
0 22 4066 8 0 0 0 0 6 4054 36 0 0 0 0 0 2426 1670 0 0 0 0 0 0
0 238 3811 24 17 6 0 0 59 3983 20 17 11 6 0 0 3474 572 14 15 8 11 2 0
29 220 1626 408 1230 583 0 0 59 1657 417 1061 648 254 0 0 1236 531 638 743 435 408 105 0
0 542 2662 327 563 2 0 0 99 3041 439 404 113 0 0 0 2982 320 495 217 80 2 0 0
2832 472 792 0 0 0 0 0 2889 1207 0 0 0 0 0 0 3701 395 0 0 0 0 0 0
4096 0 0 0 0 0 0 0 4096 0 0 0 0 0 0 0 4096 0 0 0 0 0 0 0
4096 0 0 0 0 0 0 0 4096 0 0 0 0 0 0 0 4096 0 0 0 0 0 0 0
1803 111 2178 4 0 0 0 0 1823 2184 89 0 0 0 0 0 2460 1636 0 0 0 0 0 0
0 13 4072 11 0 0 0 0 5 3922 169 0 0 0 0 0 1794 2302 0 0 0 0 0 0
0 34 4061 1 0 0 0 0 3 4018 75 0 0 0 0 0 2141 1955 0 0 0 0 0 0
0 62 1435 255 577 1665 102 0 0 1242 285 233 611 1470 255 0 302 1003 129 192 381 1172 744 173
295 447 2401 171 152 379 206 45 294 2416 416 206 191 182 269 122 754 1900 375 229 182 111 97 448
448 226 311 816 1332 683 280 0 356 393 818 1326 395 369 390 49 255 315 1110 1030 396 306 273 411
3 665 1610 108 258 1143 309 0 98 428 1496 314 160 657 922 21 345 170 1282 475 89 199 585 951
0 3592 504 0 0 0 0 0 488 3608 0 0 0 0 0 0 4094 2 0 0 0 0 0 0
0 2129 1967 0 0 0 0 0 88 4008 0 0 0 0 0 0 4084 12 0 0 0 0 0 0
0 2311 1785 0 0 0 0 0 130 3966 0 0 0 0 0 0 4091 5 0 0 0 0 0 0
0 3346 750 0 0 0 0 0 249 3847 0 0 0 0 0 0 4096 0 0 0 0 0 0 0
0 3850 246 0 0 0 0 0 452 3644 0 0 0 0 0 0 4096 0 0 0 0 0 0 0
11 2020 157 198 700 985 25 0 365 1789 232 858 644 208 0 0 2051 151 536 527 508 280 43 0
3027 447 217 176 96 83 50 0 3168 410 201 97 45 64 85 26 2890 757 135 60 35 38 51 130
3612 405 46 33 0 0 0 0 3863 180 52 1 0 0 0 0 3749 295 52 0 0 0 0 0
127 3969 0 0 0 0 0 0 3911 185 0 0 0 0 0 0 4096 0 0 0 0 0 0 0
473 3623 0 0 0 0 0 0 4053 43 0 0 0 0 0 0 4096 0 0 0 0 0 0 0
907 3189 0 0 0 0 0 0 2323 1771 2 0 0 0 0 0 2407 1687 2 0 0 0 0 0
114 3979 3 0 0 0 0 0 79 4008 9 0 0 0 0 0 410 3679 7 0 0 0 0 0
0 10 2240 165 186 1326 169 0 0 1969 338 137 166 1113 373 0 341 1879 108 113 126 530 949 50
0 25 4002 69 0 0 0 0 11 3594 491 0 0 0 0 0 1034 3062 0 0 0 0 0 0
196 381 2827 123 259 279 31 0 390 2887 228 204 304 83 0 0 1355 2050 78 186 293 125 9 0
155 288 3399 62 120 72 0 0 292 3514 73 128 89 0 0 0 2788 1037 52 118 101 0 0 0
341 168 2466 501 620 0 0 0 334 2300 373 481 608 0 0 0 1733 964 300 436 663 0 0 0
666 390 2537 154 349 0 0 0 554 2941 108 143 350 0 0 0 2098 1414 94 109 380 1 0 0
4072 24 0 0 0 0 0 0 4082 14 0 0 0 0 0 0 3592 504 0 0 0 0 0 0
2763 141 1189 3 0 0 0 0 2826 1226 44 0 0 0 0 0 3366 730 0 0 0 0 0 0
3467 96 533 0 0 0 0 0 3512 569 15 0 0 0 0 0 3674 422 0 0 0 0 0 0
2575 155 1364 2 0 0 0 0 2628 1432 36 0 0 0 0 0 2942 1154 0 0 0 0 0 0
0 12 4080 4 0 0 0 0 3 3984 109 0 0 0 0 0 1782 2314 0 0 0 0 0 0
0 27 4068 1 0 0 0 0 6 4038 52 0 0 0 0 0 1547 2549 0 0 0 0 0 0
0 64 2132 464 653 765 18 0 23 1951 648 646 401 423 4 0 654 1419 514 715 348 428 12 6
50 61 146 221 567 2301 744 6 0 119 153 278 415 1852 1110 169 9 62 227 147 222 1307 878 1244
278 88 95 226 265 1398 1746 0 0 55 307 300 150 657 2453 174 0 0 80 170 148 253 881 2564
248 576 722 493 582 1471 4 0 439 637 801 295 910 988 26 0 520 568 784 363 857 793 195 16
188 3242 259 90 163 154 0 0 683 2975 72 122 209 35 0 0 3526 134 70 109 199 58 0 0
0 2833 1263 0 0 0 0 0 92 4004 0 0 0 0 0 0 4085 11 0 0 0 0 0 0
0 2827 1269 0 0 0 0 0 143 3953 0 0 0 0 0 0 4094 2 0 0 0 0 0 0
0 3386 710 0 0 0 0 0 176 3920 0 0 0 0 0 0 4095 1 0 0 0 0 0 0
0 3787 309 0 0 0 0 0 401 3695 0 0 0 0 0 0 4095 1 0 0 0 0 0 0
1 3511 173 106 128 138 37 2 633 2975 115 93 134 102 42 2 3461 157 92 88 118 70 65 45
1169 107 108 157 236 937 1311 71 52 1051 177 199 173 541 1065 838 0 21 673 615 166 137 599 1885
842 315 224 221 315 1343 836 0 674 227 311 185 215 549 1699 236 682 153 150 150 204 195 449 2113
876 2584 416 73 46 98 3 0 3073 537 278 40 42 72 54 0 3271 417 152 37 42 38 77 62
970 3126 0 0 0 0 0 0 4086 10 0 0 0 0 0 0 4096 0 0 0 0 0 0 0
1807 1771 422 96 0 0 0 0 2327 1363 383 23 0 0 0 0 2418 1294 368 16 0 0 0 0
1113 2292 494 197 0 0 0 0 965 2659 449 23 0 0 0 0 1061 2642 372 21 0 0 0 0
0 86 2118 310 556 976 50 0 9 1908 397 305 594 661 222 0 312 1802 215 341 554 332 540 0
0 104 3639 161 71 107 14 0 7 3301 527 101 37 67 56 0 383 3258 178 97 37 27 101 15
94 196 1061 509 887 997 319 33 23 935 622 911 363 623 472 147 58 956 694 508 346 296 721 517
98 267 1680 297 394 901 430 29 32 1679 447 314 207 658 497 262 673 1007 402 238 189 255 736 596
237 92 2293 61 112 639 658 4 177 2341 76 60 83 403 638 318 1313 1193 62 53 47 113 334 981
3352 154 590 0 0 0 0 0 3347 745 4 0 0 0 0 0 3200 896 0 0 0 0 0 0
2313 237 1415 49 77 5 0 0 2408 1515 71 42 60 0 0 0 3252 689 58 28 54 15 0 0
18 210 3651 82 128 7 0 0 106 3662 171 74 80 3 0 0 1824 1997 112 42 105 16 0 0
685 149 2270 142 560 290 0 0 725 2255 232 577 306 1 0 0 1565 1500 157 775 87 11 1 0
877 508 339 323 1387 562 100 0 905 526 424 766 1015 244 209 7 807 467 378 798 1073 94 259 220
3 136 3443 134 125 100 155 0 25 3323 255 124 129 27 191 22 1358 2170 73 116 118 27 22 212
0 178 3409 89 150 161 109 0 64 3356 205 86 138 110 136 1 1337 2151 129 63 122 85 133 76
218 203 395 415 583 1369 838 75 0 290 491 533 405 971 1228 178 12 160 301 373 360 653 1241 996
141 93 124 138 308 2070 1222 0 5 133 179 128 225 1293 2038 95 0 0 81 152 215 515 2040 1093
250 111 170 204 566 2566 229 0 0 206 195 234 491 2422 542 6 0 0 52 240 354 1580 1559 311
720 393 341 278 512 1704 148 0 639 544 293 252 499 1536 313 20 260 807 325 232 370 1107 775 220
423 1224 297 416 729 951 56 0 437 1279 428 670 260 809 213 0 1295 431 526 443 249 380 628 144
0 2923 1005 101 66 1 0 0 108 3772 77 92 47 0 0 0 3745 148 62 69 61 11 0 0
1 3149 791 67 87 1 0 0 180 3682 91 79 64 0 0 0 3764 112 77 68 75 0 0 0
0 3505 420 103 68 0 0 0 281 3582 100 91 42 0 0 0 3743 138 72 80 63 0 0 0
0 3747 198 101 50 0 0 0 386 3502 71 118 19 0 0 0 3778 111 69 78 60 0 0 0
10 2738 188 204 225 529 202 0 375 2396 160 148 190 424 378 25 2575 199 108 126 97 175 547 269
217 119 83 84 185 1808 1539 61 7 173 198 76 113 1072 2030 427 0 38 146 153 112 307 1214 2126
168 22 20 23 298 2212 1279 74 0 110 56 30 128 1370 1880 522 0 0 76 66 112 262 1133 2447
419 1433 482 153 266 1343 0 0 232 1544 505 159 151 1324 181 0 333 1505 390 128 100 224 1085 331
1812 2098 81 105 0 0 0 0 3140 778 81 97 0 0 0 0 3068 807 108 108 5 0 0 0
3617 302 126 51 0 0 0 0 3694 211 116 75 0 0 0 0 3751 141 93 111 0 0 0 0
3198 529 263 106 0 0 0 0 3112 640 277 67 0 0 0 0 3069 651 283 93 0 0 0 0
0 0 3876 55 120 45 0 0 0 3770 136 36 125 29 0 0 573 3311 29 29 84 70 0 0
0 0 3198 190 274 383 51 0 0 2867 458 137 228 299 107 0 173 3094 63 146 157 134 325 4
0 0 13 173 2361 1549 0 0 0 0 28 458 2105 1480 25 0 0 12 145 835 1408 1052 638 6
767 152 252 356 890 1429 249 1 722 232 224 499 1076 990 238 115 625 326 298 513 1024 551 409 350
147 66 1693 301 428 1381 80 0 179 1454 549 66 1059 738 51 0 353 1798 62 72 1189 407 163 52
1065 124 2795 112 0 0 0 0 1127 2670 299 0 0 0 0 0 1962 2134 0 0 0 0 0 0
0 1 3961 134 0 0 0 0 0 3718 378 0 0 0 0 0 1369 2727 0 0 0 0 0 0
0 0 4053 43 0 0 0 0 0 3918 178 0 0 0 0 0 1848 2248 0 0 0 0 0 0
17 6 3077 126 105 516 249 0 2 2942 193 95 91 369 404 0 654 2402 53 48 83 139 465 252
60 34 54 114 152 2463 1219 0 0 0 26 108 149 740 2943 130 0 0 0 10 33 181 984 2888
0 0 2632 151 163 863 287 0 0 2513 166 114 114 459 726 4 1152 1461 77 83 89 202 437 595
0 0 3567 106 115 156 149 3 0 3492 130 88 117 74 185 10 1806 1742 68 71 80 75 80 174
60 84 288 443 920 2128 149 24 48 259 395 785 828 1603 135 43 4 299 300 632 746 1511 476 128
702 121 107 160 590 2144 264 8 602 194 124 481 511 1778 361 45 268 463 304 291 391 1140 962 277
2636 82 59 53 114 1152 0 0 2610 115 75 69 249 978 0 0 2117 610 77 90 410 752 40 0
1953 121 109 163 386 1254 110 0 1899 178 118 182 637 847 235 0 1099 948 113 200 606 433 543 154
736 205 189 256 489 2215 6 0 752 231 205 277 974 1597 60 0 763 181 228 323 939 860 770 32
0 2758 895 71 89 264 19 0 24 3554 76 66 68 182 126 0 3482 102 51 56 51 71 188 95
0 3652 444 0 0 0 0 0 66 4030 0 0 0 0 0 0 4095 1 0 0 0 0 0 0
1033 2910 153 0 0 0 0 0 1093 2995 8 0 0 0 0 0 2499 1415 182 0 0 0 0 0
2735 1356 5 0 0 0 0 0 2522 1570 4 0 0 0 0 0 2431 1587 78 0 0 0 0 0
49 2460 197 151 366 532 339 2 604 2034 243 291 282 230 305 107 2432 256 193 241 220 239 129 386
0 24 12 13 128 2599 1318 2 0 23 12 13 183 1946 1724 195 12 12 12 15 477 770 1125 1673
0 0 0 0 1527 2567 2 0 0 0 0 0 845 2942 309 0 0 0 0 4 1025 1309 1451 307
605 646 75 62 138 2568 2 0 265 930 109 65 81 1427 1219 0 165 950 144 60 63 104 1159 1451
3078 984 34 0 0 0 0 0 2998 994 104 0 0 0 0 0 1737 914 1253 176 16 0 0 0
3118 884 94 0 0 0 0 0 3297 764 35 0 0 0 0 0 3286 523 262 25 0 0 0 0
2919 1177 0 0 0 0 0 0 2914 1182 0 0 0 0 0 0 3092 1004 0 0 0 0 0 0
0 10 4053 33 0 0 0 0 0 3790 306 0 0 0 0 0 813 3261 22 0 0 0 0 0
4 131 2700 441 820 0 0 0 55 2336 747 806 152 0 0 0 287 2736 414 658 1 0 0 0
1306 233 292 430 1436 393 6 0 1334 355 469 1236 632 70 0 0 1245 575 799 972 388 117 0 0
1345 329 839 239 434 708 202 0 1400 874 374 315 453 312 356 12 1371 1003 243 208 377 307 221 366
0 9 3877 210 0 0 0 0 2 3569 525 0 0 0 0 0 646 3450 0 0 0 0 0 0
0 17 3970 109 0 0 0 0 0 3714 382 0 0 0 0 0 652 3444 0 0 0 0 0 0
0 29 3924 143 0 0 0 0 11 3659 426 0 0 0 0 0 1063 3033 0 0 0 0 0 0
0 73 3966 57 0 0 0 0 13 3861 222 0 0 0 0 0 1645 2451 0 0 0 0 0 0
939 253 2800 25 19 39 21 0 949 2927 126 13 16 28 37 0 1543 2431 16 13 10 15 33 35
391 27 28 36 158 2614 836 6 388 33 49 139 115 535 2736 101 349 59 34 117 100 98 650 2689
161 491 2763 52 76 548 5 0 281 3046 75 43 73 147 431 0 1697 1635 48 44 49 58 193 372
0 586 3433 24 30 10 12 1 287 3703 46 25 14 7 11 3 2576 1446 18 20 12 5 9 10
2814 433 571 64 75 69 47 23 2953 851 64 60 61 36 31 40 1283 2383 212 40 53 40 19 66
4091 5 0 0 0 0 0 0 3598 498 0 0 0 0 0 0 1541 2497 58 0 0 0 0 0
4096 0 0 0 0 0 0 0 4055 41 0 0 0 0 0 0 3467 629 0 0 0 0 0 0
4003 48 23 20 2 0 0 0 3976 77 24 17 2 0 0 0 3486 560 25 18 7 0 0 0
2002 575 385 459 388 284 3 0 2083 629 459 448 313 137 27 0 1700 922 512 408 303 185 41 25
137 3207 149 107 189 213 94 0 1360 2104 130 162 84 83 173 0 3369 111 108 121 84 52 80 171
110 3962 24 0 0 0 0 0 1323 2773 0 0 0 0 0 0 4094 2 0 0 0 0 0 0
1624 2046 253 89 79 5 0 0 2165 1696 109 98 28 0 0 0 2990 870 124 86 26 0 0 0
3817 279 0 0 0 0 0 0 3851 245 0 0 0 0 0 0 3736 360 0 0 0 0 0 0
727 804 449 685 1118 295 18 0 981 1181 951 723 192 68 0 0 1145 1092 1029 539 168 106 17 0
1243 165 177 303 1152 939 117 0 1275 208 378 405 1128 613 89 0 1265 296 331 289 873 731 278 33
12 6 11 30 734 3247 56 0 4 9 11 13 316 2836 907 0 0 8 9 13 136 988 2278 664
262 57 51 48 659 3019 0 0 89 202 55 43 134 3129 444 0 0 218 76 56 64 936 2163 583
3866 230 0 0 0 0 0 0 3754 339 3 0 0 0 0 0 3197 653 246 0 0 0 0 0
3623 473 0 0 0 0 0 0 3635 461 0 0 0 0 0 0 3508 574 14 0 0 0 0 0
1267 2819 10 0 0 0 0 0 1265 2815 16 0 0 0 0 0 2065 2024 7 0 0 0 0 0
0 373 3214 509 0 0 0 0 133 2960 974 29 0 0 0 0 1037 2506 553 0 0 0 0 0
144 411 2960 97 76 225 183 0 236 2927 419 73 104 337 0 0 725 2770 75 70 81 249 126 0
984 212 1664 285 383 440 128 0 1018 1348 739 320 352 317 2 0 1034 1868 284 229 267 277 137 0
1391 250 944 259 371 881 0 0 1429 894 475 393 613 292 0 0 1368 1203 317 280 383 544 1 0
1 15 3516 440 73 51 0 0 4 2752 1191 64 85 0 0 0 56 3833 70 55 81 1 0 0
0 0 3794 302 0 0 0 0 0 2797 1299 0 0 0 0 0 83 4013 0 0 0 0 0 0
0 0 3663 433 0 0 0 0 0 2610 1486 0 0 0 0 0 31 4040 25 0 0 0 0 0
0 0 3875 221 0 0 0 0 0 3355 741 0 0 0 0 0 187 3903 6 0 0 0 0 0
920 277 1863 237 317 386 96 0 973 1757 571 287 247 261 0 0 968 2042 303 213 192 264 114 0
276 66 1250 857 983 468 196 0 317 1128 459 1107 458 267 360 0 408 1340 923 443 297 192 172 321
411 277 1920 293 593 596 6 0 374 2112 121 175 564 605 145 0 922 1552 102 99 312 579 375 155
0 241 3855 0 0 0 0 0 0 4091 5 0 0 0 0 0 1659 2437 0 0 0 0 0 0
897 359 968 234 670 668 300 0 894 1252 260 755 404 531 0 0 553 1430 577 559 320 503 154 0
898 447 567 374 503 1099 208 0 713 1146 439 399 621 778 0 0 457 1359 453 341 369 852 265 0
1829 388 455 238 158 1013 15 0 1683 457 719 164 653 420 0 0 1220 829 701 215 253 850 28 0
1588 979 338 363 733 95 0 0 1646 1003 537 615 281 14 0 0 1759 951 548 571 257 10 0 0
2115 662 402 408 330 179 0 0 2270 561 328 364 299 274 0 0 2384 432 279 274 346 143 238 0
200 2976 387 53 97 383 0 0 1752 1750 54 52 70 390 28 0 3366 144 41 41 44 96 363 1
68 3463 509 4 6 17 29 0 1398 2552 81 7 6 7 45 0 3619 280 41 65 32 7 7 45
1395 855 219 145 218 334 881 49 840 1319 205 144 174 278 575 561 779 570 377 571 167 180 236 1216
1226 673 196 98 381 558 847 117 1229 569 202 121 125 524 637 689 915 777 199 128 108 135 438 1396
1459 435 177 198 338 578 895 16 694 419 537 417 402 316 702 609 540 430 122 163 515 545 302 1479
2306 227 167 212 445 461 265 13 2141 405 269 455 383 75 176 192 533 1852 487 474 256 42 66 386
3275 88 63 60 110 426 74 0 3248 107 67 116 170 262 126 0 2966 349 93 182 83 205 131 87
2885 810 125 27 51 198 0 0 2906 832 79 26 46 207 0 0 3037 731 32 32 33 207 24 0
2806 1290 0 0 0 0 0 0 3140 956 0 0 0 0 0 0 3792 304 0 0 0 0 0 0
2821 1246 29 0 0 0 0 0 3153 917 26 0 0 0 0 0 3926 145 25 0 0 0 0 0
1018 2657 421 0 0 0 0 0 1115 2808 173 0 0 0 0 0 1893 2007 193 3 0 0 0 0
0 316 2390 1390 0 0 0 0 0 2046 1979 71 0 0 0 0 5 2571 1519 1 0 0 0 0
755 144 1304 843 204 846 0 0 753 1182 887 293 469 512 0 0 781 1352 862 206 538 274 83 0
161 135 1834 1941 25 0 0 0 182 1523 1761 630 0 0 0 0 196 1875 1987 38 0 0 0 0
363 181 1420 1802 280 50 0 0 386 1212 1681 763 54 0 0 0 407 1881 1625 140 43 0 0 0
589 156 1341 973 382 655 0 0 619 1202 986 484 616 189 0 0 627 1701 810 292 521 145 0 0
0 23 1700 1787 586 0 0 0 0 1385 1700 940 71 0 0 0 0 2431 1409 255 1 0 0 0
0 41 1505 1819 731 0 0 0 0 1220 1669 1181 26 0 0 0 0 2333 1556 207 0 0 0 0
0 32 1393 1871 726 53 21 0 0 1088 1620 1268 37 28 49 6 1 2265 1524 193 19 18 23 53
103 66 632 1431 1180 663 21 0 114 419 1288 1201 411 582 81 0 133 1327 1282 329 251 306 384 84
0 22 669 2152 1253 0 0 0 0 393 1493 1987 223 0 0 0 10 1662 1867 402 108 47 0 0
255 79 244 1554 1386 571 7 0 255 144 960 1329 1028 309 71 0 269 863 1244 389 752 265 234 80
0 116 1096 2025 530 187 142 0 0 409 2212 1023 91 140 221 0 52 2800 683 113 69 68 122 189
124 74 653 1191 726 1160 168 0 145 189 1360 1026 341 750 285 0 168 1612 605 370 248 251 637 205
1625 220 342 686 811 412 0 0 1690 265 629 1066 358 88 0 0 1639 567 934 492 282 182 0 0
1640 180 211 409 608 1048 0 0 1693 178 239 819 953 209 5 0 1643 231 587 427 553 574 79 2
120 65 1035 1340 969 528 39 0 131 140 1500 1083 671 417 154 0 133 760 1379 666 462 281 252 163
0 50 1738 1745 556 7 0 0 0 579 2418 694 381 24 0 0 444 2095 842 473 127 115 0 0
0 4 1479 1699 344 435 135 0 0 662 2194 462 206 225 347 0 524 2220 426 162 119 111 247 287
0 2 1205 1925 62 150 497 255 0 499 2529 95 56 66 289 562 409 2478 199 29 40 32 89 820
267 97 95 175 716 946 1519 281 36 262 112 161 483 702 1212 1128 0 45 235 158 238 465 612 2343
0 0 0 0 1230 1767 1039 60 0 0 0 0 299 1945 1317 535 0 0 0 0 10 518 1638 1930
53 10 9 20 344 945 2436 279 0 0 16 28 30 543 1427 2052 0 0 0 0 2 64 389 3641
997 87 91 139 354 691 1737 0 937 124 136 75 107 672 898 1147 689 360 112 53 67 156 506 2153
2476 102 108 101 129 989 191 0 2455 130 144 69 115 559 624 0 2422 172 132 63 58 109 757 383
216 354 1636 564 465 751 110 0 215 944 1358 272 704 466 137 0 359 1879 330 214 573 146 409 186
0 637 2451 1008 0 0 0 0 0 1775 2186 135 0 0 0 0 1004 2493 521 78 0 0 0 0
0 850 2598 648 0 0 0 0 0 2313 1738 45 0 0 0 0 1948 1655 434 59 0 0 0 0
0 93 2707 1296 0 0 0 0 0 910 2927 259 0 0 0 0 338 3339 266 153 0 0 0 0
0 0 0 595 3475 26 0 0 0 0 105 3337 654 0 0 0 0 55 3455 566 20 0 0 0
0 0 23 362 2435 1030 246 0 0 0 91 2098 732 662 448 65 0 103 1788 519 463 360 374 489
0 0 0 193 3901 2 0 0 0 0 8 4003 85 0 0 0 0 88 3730 278 0 0 0 0
0 0 0 66 3815 215 0 0 0 0 1 3533 562 0 0 0 0 43 3538 515 0 0 0 0
0 8 29 250 2427 1088 294 0 0 14 77 1816 1186 549 422 32 0 130 1575 504 819 342 332 394
0 0 10 38 3617 376 55 0 0 0 23 3209 712 80 64 8 0 32 3642 227 43 54 46 52
0 0 0 0 3358 738 0 0 0 0 0 2960 1136 0 0 0 0 3 3906 187 0 0 0 0
0 0 40 49 2865 917 225 0 0 20 48 2496 1154 130 198 50 10 50 3109 463 82 69 133 180
0 2 40 458 2353 1090 153 0 0 7 363 2062 1021 503 139 1 0 471 2424 405 244 293 198 61
0 0 0 660 2679 757 0 0 0 0 525 2503 1068 0 0 0 2 908 3011 175 0 0 0 0
0 0 18 533 2011 1509 25 0 0 0 351 1846 1195 664 40 0 1 655 1943 596 604 182 98 17
0 0 75 367 2381 825 447 1 0 25 174 1830 986 427 550 104 15 342 1835 471 258 271 364 540
21 18 82 181 3023 564 207 0 26 20 99 2571 670 382 318 10 35 157 2492 296 239 322 237 318
554 52 40 93 2003 1313 41 0 562 56 70 1579 1174 655 0 0 586 71 1312 760 969 360 38 0
692 54 35 148 2593 574 0 0 701 46 38 1615 1221 465 10 0 709 45 536 1841 544 270 149 2
159 28 19 197 1578 2112 3 0 166 23 21 865 2215 806 0 0 165 34 963 1182 1335 385 32 0
0 0 0 443 3351 302 0 0 0 0 79 1927 2069 21 0 0 0 474 2416 1118 84 4 0 0
0 0 0 448 2451 1096 101 0 0 0 147 2465 484 911 89 0 0 696 1948 247 267 589 349 0
0 0 0 637 1732 844 790 93 0 0 274 1944 286 488 682 422 0 637 1553 91 177 347 260 1031
284 62 64 96 1193 1701 677 19 274 67 66 338 1212 1088 884 167 166 157 217 254 1022 483 845 952
395 78 82 187 646 1306 1337 65 292 144 111 219 395 832 1440 663 132 277 202 125 255 247 728 2130
0 0 0 0 203 2701 1102 90 0 0 0 0 0 1122 2548 426 0 0 0 0 0 20 987 3089
1 3 12 29 601 2729 697 24 0 0 4 12 184 1826 1848 222 0 0 2 6 66 254 1619 2149
0 0 6 671 970 2182 267 0 0 0 466 933 751 1241 633 72 19 590 607 240 758 610 660 612
0 0 0 199 779 2924 194 0 0 0 50 688 840 2027 491 0 0 99 573 189 1053 846 992 344
0 45 133 1337 638 1571 372 0 0 0 1038 453 440 1140 1012 13 14 639 516 259 285 606 817 960
0 0 59 3290 701 46 0 0 0 0 2434 1562 53 43 4 0 89 2288 1528 87 36 36 29 3
0 0 27 3556 513 0 0 0 0 0 2658 1438 0 0 0 0 32 3423 641 0 0 0 0 0
0 0 0 0 1281 2815 0 0 0 0 0 696 3400 0 0 0 0 0 2630 1466 0 0 0 0
0 0 19 40 447 2726 864 0 0 0 34 284 2127 1290 361 0 2 25 805 1465 756 561 371 111
0 0 0 0 543 3553 0 0 0 0 0 352 3744 0 0 0 0 0 1750 2346 0 0 0 0
0 0 0 0 239 3855 2 0 0 0 0 174 3916 6 0 0 0 0 1666 2430 0 0 0 0
0 0 0 0 45 2966 1085 0 0 0 0 21 2089 1778 208 0 0 0 333 1703 1422 374 198 66
0 0 0 0 128 3965 3 0 0 0 0 179 3896 18 3 0 0 0 990 3067 24 9 5 1
0 0 0 0 109 3987 0 0 0 0 0 121 3969 6 0 0 0 0 1215 2881 0 0 0 0
0 0 0 0 247 3849 0 0 0 0 0 229 3862 5 0 0 0 0 1405 2683 8 0 0 0
0 0 0 0 256 3682 158 0 0 0 0 127 3422 547 0 0 0 0 842 2495 543 216 0 0
0 0 0 0 116 3978 2 0 0 0 0 68 4007 21 0 0 0 0 922 3119 55 0 0 0
0 0 0 0 230 3660 206 0 0 0 0 41 3287 768 0 0 0 0 660 2444 988 4 0 0
0 48 126 97 355 3056 414 0 14 124 102 241 2728 650 237 0 156 102 892 1890 396 353 302 5
0 4 35 87 766 2271 929 4 0 18 60 635 1674 752 779 178 8 83 1205 877 488 368 412 655
0 0 116 208 1296 2381 95 0 0 69 149 670 2474 544 190 0 0 87 942 1709 530 401 297 130
0 0 0 0 611 3401 84 0 0 0 0 50 2077 1955 14 0 0 0 34 1657 1027 1295 75 8
0 5 23 150 1429 2280 209 0 0 6 53 473 1877 1052 633 2 0 6 558 1106 426 833 582 585
0 0 0 41 2473 1582 0 0 0 0 12 1148 2928 8 0 0 0 51 1768 2125 152 0 0 0
0 0 0 0 1441 2477 178 0 0 0 0 927 2492 652 25 0 0 89 1554 1417 401 521 114 0
225 97 52 44 2098 1298 282 0 136 202 75 1883 1015 417 368 0 5 398 1593 726 537 353 148 336
1581 209 202 450 613 1041 0 0 1608 354 333 502 930 309 60 0 1370 581 384 454 750 328 191 38
2666 103 70 43 55 539 612 8 2547 161 88 57 47 262 708 226 2320 307 110 69 52 59 296 883
1868 58 31 38 305 1421 375 0 1872 54 39 37 71 1128 848 47 1867 57 39 36 66 317 844 870
2322 58 27 47 122 826 694 0 2310 60 36 51 45 411 861 322 2287 67 48 24 53 66 352 1199
1233 80 68 243 489 1833 150 0 1211 86 120 395 232 1010 1040 2 1176 180 216 167 177 261 1110 809
0 0 0 193 2530 1330 43 0 0 0 18 2082 1181 410 405 0 0 225 1707 809 567 184 277 327
0 18 88 796 2446 748 0 0 0 0 115 1941 1146 822 72 0 0 278 1341 613 515 828 498 23
0 0 0 1029 3067 0 0 0 0 0 455 3450 191 0 0 0 32 1228 2699 137 0 0 0 0
0 0 0 1188 2908 0 0 0 0 0 383 3700 13 0 0 0 2 1173 2908 13 0 0 0 0
0 0 0 0 27 4069 0 0 0 0 0 20 4004 72 0 0 0 0 811 3282 3 0 0 0
0 0 0 0 0 3352 744 0 0 0 0 0 2852 1244 0 0 0 0 258 2705 936 197 0 0
0 0 0 0 0 4094 2 0 0 0 0 0 3988 108 0 0 0 0 422 3626 48 0 0 0
0 0 0 0 0 3963 133 0 0 0 0 0 3695 401 0 0 0 0 221 3543 330 2 0 0
0 0 0 0 54 3961 81 0 0 0 0 100 3639 357 0 0 0 19 559 3189 329 0 0 0
0 0 0 0 0 4091 5 0 0 0 0 0 3944 152 0 0 0 0 447 3580 69 0 0 0
0 0 0 0 1 4081 14 0 0 0 0 3 3790 303 0 0 0 0 962 2955 179 0 0 0
0 0 0 0 49 3984 63 0 0 0 0 84 3477 535 0 0 0 26 909 2658 503 0 0 0
0 0 0 0 92 3712 292 0 0 0 0 97 2602 1397 0 0 0 10 729 1718 1636 3 0 0
0 0 0 0 309 3139 648 0 0 0 0 211 2352 1432 101 0 0 0 348 1964 934 774 76 0
0 0 0 0 275 3751 70 0 0 0 0 290 2877 929 0 0 0 4 729 2167 1156 40 0 0
0 0 0 0 107 3942 47 0 0 0 0 119 3258 716 3 0 0 0 649 2845 518 77 7 0
0 0 9 132 130 1605 2220 0 0 0 88 84 766 2077 1078 3 5 71 80 597 839 1272 1034 198
0 0 71 149 643 2261 972 0 0 32 115 432 2061 1260 196 0 27 110 490 1867 989 446 167 0
0 0 0 9 520 3216 351 0 0 0 2 76 1703 2315 0 0 0 1 17 659 2861 551 7 0
0 0 67 141 457 2169 1262 0 0 11 141 242 1080 2107 515 0 10 100 241 827 923 1318 677 0
0 0 0 1 753 3259 83 0 0 0 64 534 2442 1056 0 0 0 21 359 2228 1464 24 0 0
0 0 0 17 929 2804 346 0 0 0 93 872 2093 1030 8 0 0 10 729 1789 655 718 195 0
0 0 0 0 174 3576 346 0 0 0 40 92 3007 704 253 0 0 3 348 2444 172 320 730 79
69 28 22 252 1984 1741 0 0 76 68 162 1182 2029 579 0 0 96 77 1345 1273 418 549 338 0
2514 114 72 80 611 705 0 0 2554 102 81 494 865 0 0 0 2648 144 762 542 0 0 0 0
3301 81 60 62 580 12 0 0 3320 81 61 589 45 0 0 0 3392 159 540 5 0 0 0 0
4096 0 0 0 0 0 0 0 4096 0 0 0 0 0 0 0 4096 0 0 0 0 0 0 0
1146 96 165 400 1250 1026 13 0 1133 137 212 912 942 599 161 0 1155 228 814 506 364 590 362 77
0 0 0 425 3372 299 0 0 0 0 151 2747 1197 1 0 0 0 360 2966 759 10 1 0 0
0 0 0 695 2483 909 9 0 0 0 199 2255 1257 385 0 0 0 669 2317 573 418 119 0 0
0 0 0 96 3848 152 0 0 0 0 3 3183 910 0 0 0 0 264 3625 207 0 0 0 0
0 0 0 58 3798 240 0 0 0 0 2 2902 1192 0 0 0 0 193 3587 316 0 0 0 0
0 0 0 0 1 3765 330 0 0 0 0 0 1690 1722 684 0 0 0 18 2006 1136 164 201 571
0 0 0 0 0 3489 607 0 0 0 0 0 1181 2453 462 0 0 0 0 1323 1994 285 121 373
0 0 0 0 2 3343 751 0 0 0 0 1 1961 2134 0 0 0 0 37 1866 1827 366 0 0
0 0 0 0 24 3607 465 0 0 0 0 24 2486 1586 0 0 0 0 118 2154 1678 146 0 0
0 0 0 0 1 3884 211 0 0 0 0 1 2419 1676 0 0 0 0 173 2443 1457 23 0 0
0 0 0 0 1 4003 92 0 0 0 0 0 2457 1639 0 0 0 0 75 2671 1350 0 0 0
0 0 0 0 10 4054 32 0 0 0 0 40 2827 1229 0 0 0 0 318 3033 745 0 0 0
0 0 0 0 9 4027 60 0 0 0 0 8 2906 1182 0 0 0 0 249 3038 809 0 0 0
0 0 0 0 0 4015 81 0 0 0 0 0 2667 1429 0 0 0 0 13 2781 1211 91 0 0
0 0 0 0 0 1490 2606 0 0 0 0 0 64 2956 1076 0 0 0 0 1 598 2290 1207 0
0 0 0 0 0 3061 1035 0 0 0 0 0 1682 2257 157 0 0 0 65 1888 1056 878 209 0
0 0 0 0 0 3910 186 0 0 0 0 0 2471 1625 0 0 0 0 188 2888 1020 0 0 0
0 0 0 0 0 2504 1592 0 0 0 0 0 1611 2485 0 0 0 0 112 1664 2149 171 0 0
0 0 0 0 1 1444 2651 0 0 0 0 0 675 3371 50 0 0 0 8 609 2993 486 0 0
0 0 0 0 0 3823 273 0 0 0 0 0 2133 1963 0 0 0 0 44 1914 2136 2 0 0
0 0 0 0 0 1419 2677 0 0 0 0 0 258 3542 296 0 0 0 7 167 2262 1453 207 0
0 0 0 0 0 1768 2328 0 0 0 0 0 192 3866 38 0 0 0 0 100 2651 1345 0 0
0 0 0 0 13 3530 553 0 0 0 0 15 2525 1537 19 0 0 0 639 2087 956 414 0 0
0 0 0 0 64 3422 610 0 0 0 0 30 2663 614 746 43 0 4 918 1920 207 111 424 512
0 0 0 6 1001 3086 3 0 0 0 0 352 2596 918 230 0 0 0 752 1873 291 379 709 92
0 0 0 0 343 3748 5 0 0 0 0 258 3553 285 0 0 0 5 1559 2464 68 0 0 0
296 50 36 42 402 3266 4 0 313 46 48 321 3188 180 0 0 352 155 1369 2196 24 0 0 0
2625 293 321 653 107 97 0 0 2787 329 738 130 109 3 0 0 2947 857 193 99 0 0 0 0
60 83 113 2023 1234 564 19 0 57 103 663 1748 619 594 312 0 64 142 1468 700 401 393 534 394
0 0 21 134 2100 1364 472 5 0 0 25 1011 1693 525 699 143 0 87 1222 797 470 346 352 822
0 8 9 367 692 2668 352 0 0 8 294 518 932 2133 130 81 29 494 439 554 1125 1158 135 162
0 25 19 12 973 3057 10 0 0 21 21 465 3245 344 0 0 0 12 1487 2197 260 122 18 0
0 0 0 0 1092 3004 0 0 0 0 0 262 3614 220 0 0 0 2 1513 2346 235 0 0 0
0 0 0 0 0 3708 388 0 0 0 0 0 1802 2294 0 0 0 0 122 2792 1182 0 0 0
0 0 0 0 0 3543 553 0 0 0 0 0 1753 2064 279 0 0 0 46 2449 1175 111 64 251
0 0 0 0 0 2268 1828 0 0 0 0 0 560 2411 1125 0 0 0 7 454 1478 1050 410 697
0 0 0 0 2 2544 1550 0 0 0 0 0 887 2289 920 0 0 0 32 718 1664 735 188 759
0 0 0 0 39 3542 515 0 0 0 0 29 1641 2256 170 0 0 0 230 1714 1949 35 31 137
0 0 0 0 0 3866 230 0 0 0 0 0 2515 1581 0 0 0 0 275 2713 1108 0 0 0
0 0 0 0 0 4001 95 0 0 0 0 0 3068 1028 0 0 0 0 367 3245 484 0 0 0
0 0 0 0 0 3552 544 0 0 0 0 0 2635 1461 0 0 0 0 259 2935 902 0 0 0
0 0 0 0 0 2973 1123 0 0 0 0 4 1971 2107 14 0 0 0 376 2147 1372 196 5 0
0 0 0 0 0 896 3200 0 0 0 0 0 55 3705 336 0 0 0 0 17 1857 1983 239 0
0 0 0 0 11 1853 2232 0 0 0 0 6 836 3114 140 0 0 0 85 926 1607 1425 53 0
0 0 0 0 0 3198 898 0 0 0 0 0 1963 2133 0 0 0 0 109 2516 1471 0 0 0
0 0 0 0 0 3370 726 0 0 0 0 0 1215 2864 17 0 0 0 17 1211 2796 72 0 0
0 0 0 0 10 3804 282 0 0 0 0 0 1994 2102 0 0 0 0 26 2316 1722 32 0 0
0 0 0 0 5 3880 211 0 0 0 0 2 2361 1733 0 0 0 0 280 2581 1222 13 0 0
0 0 0 0 0 3326 770 0 0 0 0 0 1025 2959 112 0 0 0 22 1270 2430 306 68 0
0 0 0 0 0 2734 1362 0 0 0 0 0 942 3133 21 0 0 0 0 1191 2556 349 0 0
0 0 0 0 0 3821 275 0 0 0 0 0 2568 1524 4 0 0 0 240 3118 665 73 0 0
69 238 286 297 548 2167 491 0 5 196 332 333 1212 1272 684 62 3 154 462 1102 574 588 610 603
57 135 221 437 1352 1864 30 0 50 174 289 973 1641 869 100 0 130 243 1089 1178 387 517 454 98
0 0 0 424 1169 2501 2 0 0 0 114 1347 2517 118 0 0 0 284 1919 1863 30 0 0 0
0 0 22 815 1000 2259 0 0 0 0 467 1066 2335 228 0 0 33 461 1275 2146 181 0 0 0
289 51 33 208 1017 1911 587 0 306 43 38 469 1695 1545 0 0 344 35 195 905 2337 280 0 0
88 51 49 352 934 2026 596 0 110 69 154 629 993 2115 26 0 150 120 187 661 1704 1268 6 0
0 0 32 602 997 1831 634 0 0 8 433 674 1320 1613 48 0 64 217 630 987 1373 824 1 0
0 82 528 1420 1420 646 0 0 2 386 1226 1281 1199 2 0 0 742 1172 924 1079 179 0 0 0
0 154 370 450 1061 2061 0 0 0 357 544 730 2401 64 0 0 354 679 1567 1468 28 0 0 0
0 0 6 324 827 2939 0 0 0 0 0 421 3645 30 0 0 0 2 1644 2032 384 34 0 0
0 0 0 0 0 2661 1435 0 0 0 0 0 731 3365 0 0 0 0 0 2095 1995 6 0 0
0 0 0 0 0 1785 2311 0 0 0 0 0 488 3541 67 0 0 0 34 1407 2320 335 0 0
0 0 0 0 0 163 3933 0 0 0 0 0 0 2779 1317 0 0 0 0 0 573 3403 120 0
0 0 0 0 0 118 3978 0 0 0 0 0 0 3231 865 0 0 0 0 0 1106 2980 8 2
0 0 0 0 0 1629 2467 0 0 0 0 0 375 2987 734 0 0 0 8 1203 2005 116 112 652
0 0 0 0 0 1769 2327 0 0 0 0 0 343 2775 978 0 0 0 6 895 2034 171 138 852
0 0 0 0 0 1140 2956 0 0 0 0 0 291 3052 753 0 0 0 21 689 2523 119 99 645
0 0 0 0 0 1336 2760 0 0 0 0 0 701 3394 1 0 0 0 45 1253 2788 10 0 0
0 0 0 0 0 1091 3005 0 0 0 0 0 215 3881 0 0 0 0 0 907 3154 35 0 0
0 0 0 0 0 383 3713 0 0 0 0 0 0 4004 92 0 0 0 0 29 3345 665 57 0
0 0 0 0 0 899 3197 0 0 0 0 0 18 4077 1 0 0 0 0 549 3255 292 0 0
0 0 0 0 0 1285 2811 0 0 0 0 0 93 4003 0 0 0 0 0 1080 2988 28 0 0
0 0 0 0 0 197 3899 0 0 0 0 0 14 2853 1229 0 0 0 0 41 1320 2548 187 0
0 0 0 0 0 108 3988 0 0 0 0 0 13 2899 1184 0 0 0 0 16 1393 2666 21 0
0 0 0 0 0 892 3204 0 0 0 0 0 95 3886 115 0 0 0 0 226 2585 1285 0 0
0 0 0 0 0 1821 2275 0 0 0 0 0 300 3765 31 0 0 0 0 644 2975 477 0 0
0 0 0 0 0 2947 1149 0 0 0 0 0 1059 3037 0 0 0 0 123 1399 2557 17 0 0
0 0 0 0 7 3421 668 0 0 0 0 2 1994 2100 0 0 0 0 541 2012 1543 0 0 0
0 0 0 5 65 3118 908 0 0 0 4 31 1446 2395 220 0 0 7 326 1140 1587 880 156 0
0 19 40 57 683 2442 855 0 17 37 50 514 1563 1840 75 0 77 66 898 1278 1018 713 46 0
0 0 0 19 1528 2408 141 0 0 0 0 1318 2262 516 0 0 0 180 1872 1831 213 0 0 0
0 0 0 317 1228 2539 12 0 0 0 160 1335 2404 197 0 0 15 667 1696 1706 12 0 0 0
0 0 0 18 984 2735 359 0 0 0 0 863 2638 595 0 0 0 404 1036 2216 437 3 0 0
0 0 0 0 450 2602 1044 0 0 0 0 202 1854 2040 0 0 0 35 413 1886 1691 71 0 0
0 0 0 187 375 2313 1221 0 0 0 133 248 1467 2248 0 0 1 170 246 2118 1546 15 0 0
0 0 0 75 330 1921 1770 0 0 0 42 270 1158 2626 0 0 4 76 621 2002 1384 9 0 0
0 0 0 0 116 3803 177 0 0 0 0 35 2701 1360 0 0 0 1 864 2949 282 0 0 0
0 0 0 0 6 4083 7 0 0 0 0 1 3024 1071 0 0 0 0 884 3181 31 0 0 0
