49 39 18 1077 2003 910 0 0 63 37 692 1864 1440 0 0 0 98 1045 1852 1101 0 0 0 0
37 38 20 77 2177 1747 0 0 74 15 29 1894 2083 1 0 0 78 707 1734 1577 0 0 0 0
0 147 623 912 1817 597 0 0 2 616 160 2000 1318 0 0 0 88 846 1392 561 1192 17 0 0
0 842 919 2318 17 0 0 0 0 1334 419 2341 2 0 0 0 216 1456 48 2085 291 0 0 0
0 1037 744 1191 1124 0 0 0 0 1243 525 1008 1257 63 0 0 287 1465 24 499 1136 662 23 0
7 1553 316 617 1337 247 18 1 44 1634 164 477 1302 470 5 0 635 1103 51 232 807 1060 207 1
13 1070 907 1453 642 11 0 0 22 1056 750 1810 451 7 0 0 408 1059 1158 976 454 41 0 0
0 59 526 1561 802 1148 0 0 241 781 1743 251 1060 20 0 0 2018 989 1 1065 23 0 0 0
0 64 299 869 1616 1248 0 0 119 434 1868 623 1044 8 0 0 1593 1425 26 1006 46 0 0 0
102 370 761 1744 571 548 0 0 439 1314 1576 136 631 0 0 0 2589 747 137 622 1 0 0 0
83 515 1368 2076 54 0 0 0 477 1819 1792 8 0 0 0 0 2520 1517 59 0 0 0 0 0
67 428 1621 1864 42 14 38 22 437 1986 1569 29 15 32 26 2 2481 1491 46 17 31 26 4 0
88 798 2750 385 10 14 51 0 674 2636 703 14 9 53 7 0 2935 1075 15 9 29 33 0 0
99 589 1453 789 123 802 241 0 353 913 1421 312 539 557 1 0 2067 621 349 354 637 68 0 0
2 393 1380 1874 424 23 0 0 394 2057 1511 134 0 0 0 0 3079 946 71 0 0 0 0 0
0 81 831 2069 905 210 0 0 221 1622 1911 241 101 0 0 0 2789 1073 234 0 0 0 0 0
781 558 654 1482 568 46 5 2 1096 1153 1607 211 13 9 5 2 2644 1271 140 11 12 11 5 2
89 496 739 1256 1346 165 5 0 413 1257 1866 520 37 3 0 0 1796 2052 188 49 8 3 0 0
72 449 1036 1382 876 138 109 34 360 1319 1796 416 69 99 35 2 1563 2108 216 83 90 34 2 0
29 383 890 1527 652 122 433 60 361 1025 1880 232 72 433 91 2 2032 1389 84 87 357 141 6 0
105 438 1300 1502 439 172 82 58 360 1610 1654 157 160 71 53 31 2940 788 110 97 61 48 46 6
83 385 1494 1814 313 4 3 0 482 2228 1283 96 5 2 0 0 2976 1100 14 4 2 0 0 0
61 287 660 1794 746 247 221 80 339 1110 1752 356 199 177 143 20 2090 1262 174 177 112 112 124 45
2191 391 302 596 411 197 8 0 2377 605 725 331 53 5 0 0 2911 962 199 22 2 0 0 0
504 562 268 929 1430 311 78 14 749 619 1756 709 181 70 12 0 1293 2323 344 78 45 13 0 0
381 927 503 720 1096 275 141 53 637 1010 1491 573 209 116 48 12 1220 1762 770 175 81 57 22 9
722 593 437 1140 876 173 104 51 965 803 1779 282 138 88 35 6 2010 1658 212 102 72 31 11 0
813 393 406 1269 574 365 213 63 1070 624 1363 493 310 182 52 2 2113 1083 396 278 167 41 18 0
0 0 4 16 1597 2388 90 1 0 4 101 2535 1371 78 7 0 18 3770 186 68 23 25 6 0
24 9 9 18 354 2479 1198 5 30 12 16 755 3112 162 8 1 56 1952 2010 49 13 7 8 1
0 1 10 100 914 1517 1546 8 1 19 626 439 1773 1217 21 0 98 1413 1155 627 662 137 4 0
107 50 33 49 222 878 2605 152 137 34 124 215 1226 2219 115 26 191 738 2653 257 109 91 37 20
44 68 143 79 147 954 2381 280 38 49 134 249 1358 2052 191 25 44 704 2403 553 203 73 89 27
1 8 21 125 721 850 2024 346 5 33 239 726 1031 2028 33 1 143 1128 2275 404 84 61 1 0
11 29 56 193 884 1262 1575 86 21 57 214 846 1772 1148 33 5 136 1363 1945 396 192 56 7 1
