0 0 0 32 959 3105 0 0 0 0 0 0 0 0 4096 0 0 0 0 0 0 0 70 4026
0 0 0 55 775 3234 32 0 0 0 0 0 0 0 4096 0 0 0 0 0 0 0 3 4093
0 0 0 0 159 1570 2367 0 0 0 0 0 0 0 4096 0 0 0 0 0 0 0 0 4096
0 0 0 0 0 226 3870 0 0 0 0 0 0 0 4096 0 0 0 0 0 0 0 0 4096
0 0 0 0 0 91 4005 0 0 0 0 0 0 0 4083 13 0 0 0 0 0 0 0 4096
0 0 0 0 0 0 3970 126 0 0 0 0 0 0 3397 699 0 0 0 0 0 0 0 4096
0 0 0 0 0 0 2437 1659 0 0 0 0 0 0 1703 2393 0 0 0 0 0 0 0 4096
0 0 0 0 0 0 1023 3073 0 0 0 0 0 0 275 3821 0 0 0 0 0 0 0 4096
0 0 0 0 0 0 33 4063 0 0 0 0 0 0 0 4096 0 0 0 0 0 0 0 4096
0 0 0 0 0 0 282 3814 0 0 0 0 0 0 46 4050 0 0 0 0 0 0 0 4096
0 0 0 0 0 0 1254 2842 0 0 0 0 0 0 284 3812 0 0 0 0 0 0 0 4096
0 0 0 0 0 0 2988 1108 0 0 0 0 0 0 1054 3042 0 0 0 0 0 0 0 4096
0 0 0 0 0 0 1782 2314 0 0 0 0 0 0 612 3484 0 0 0 0 0 0 0 4096
0 0 0 0 0 0 2876 1220 0 0 0 0 0 0 1532 2564 0 0 0 0 0 0 0 4096
0 0 0 0 0 0 3470 626 0 0 0 0 0 0 1254 2842 0 0 0 0 0 0 0 4096
0 0 0 0 0 0 2939 1157 0 0 0 0 0 0 746 3350 0 0 0 0 0 0 0 4096
0 0 0 352 670 1783 1291 0 0 0 0 0 0 0 3876 220 0 0 0 0 0 0 0 4096
0 0 0 42 568 870 2616 0 0 0 0 0 0 0 3955 141 0 0 0 0 0 0 0 4096
0 0 0 0 357 983 2756 0 0 0 0 0 0 0 3705 391 0 0 0 0 0 0 0 4096
0 0 0 0 0 131 3965 0 0 0 0 0 0 0 2934 1162 0 0 0 0 0 0 0 4096
0 0 0 0 0 320 3691 85 0 0 0 0 0 0 2098 1998 0 0 0 0 0 0 0 4096
0 0 0 0 0 293 3803 0 0 0 0 0 0 0 1052 3044 0 0 0 0 0 0 0 4096
0 0 0 0 0 341 3755 0 0 0 0 0 0 0 927 3169 0 0 0 0 0 0 0 4096
0 0 0 0 0 129 3967 0 0 0 0 0 0 0 1204 2892 0 0 0 0 0 0 0 4096
0 0 0 0 0 0 3642 454 0 0 0 0 0 0 2160 1936 0 0 0 0 0 0 0 4096
0 0 0 0 0 0 3903 193 0 0 0 0 0 0 3620 476 0 0 0 0 0 0 0 4096
0 0 0 0 0 0 4050 46 0 0 0 0 0 0 3928 168 0 0 0 0 0 0 0 4096
0 0 0 0 0 0 4088 8 0 0 0 0 0 0 3834 262 0 0 0 0 0 0 1 4095
0 0 0 0 0 79 3955 62 0 0 0 0 0 0 3653 443 0 0 0 0 0 0 9 4087
0 0 0 0 0 0 3962 134 0 0 0 0 0 0 3400 696 0 0 0 0 0 0 3 4093
0 0 0 0 0 214 3446 436 0 0 0 0 0 0 3220 876 0 0 0 0 0 0 1 4095
0 0 0 0 0 518 2737 841 0 0 0 0 0 0 2519 1577 0 0 0 0 0 0 16 4080
0 0 0 0 6 2283 1336 471 0 0 0 0 0 0 3308 788 0 0 0 0 0 0 14 4082
0 0 0 0 0 1660 1774 662 0 0 0 0 0 0 3025 1071 0 0 0 0 0 0 1 4095
0 0 0 0 0 1247 2458 391 0 0 0 0 0 0 3171 925 0 0 0 0 0 0 0 4096
0 0 0 0 0 429 2972 695 0 0 0 0 0 0 2193 1903 0 0 0 0 0 0 2 4094
0 0 0 0 0 738 3285 73 0 0 0 0 0 0 2644 1452 0 0 0 0 0 0 0 4096
0 0 0 0 0 1689 2402 5 0 0 0 0 0 0 2366 1730 0 0 0 0 0 0 0 4096
0 0 0 0 0 1340 2723 33 0 0 0 0 0 0 2544 1552 0 0 0 0 0 0 0 4096
0 0 0 0 0 1745 1591 760 0 0 0 0 0 0 2622 1474 0 0 0 0 0 0 1 4095
0 0 0 0 0 1092 2325 679 0 0 0 0 0 0 2756 1340 0 0 0 0 0 0 21 4075
0 0 0 0 0 203 3852 41 0 0 0 0 0 0 4019 77 0 0 0 0 0 0 14 4082
0 0 0 0 0 406 3690 0 0 0 0 0 0 0 4096 0 0 0 0 0 0 0 68 4028
0 0 0 0 0 435 3657 4 0 0 0 0 0 0 4088 8 0 0 0 0 0 0 166 3930
0 0 0 0 0 100 3710 286 0 0 0 0 0 0 3725 371 0 0 0 0 0 0 44 4052
0 0 0 0 0 4 3586 506 0 0 0 0 0 0 3505 591 0 0 0 0 0 0 0 4096
0 0 0 0 0 108 3324 664 0 0 0 0 0 0 3271 825 0 0 0 0 0 0 2 4094
0 0 0 0 0 892 2552 652 0 0 0 0 0 0 3144 952 0 0 0 0 0 0 0 4096
0 0 341 1812 1090 853 0 0 0 0 0 0 1236 911 1949 0 0 0 0 0 0 693 1218 2185
0 0 9 2045 258 1784 0 0 0 0 0 0 985 1071 2040 0 0 0 0 0 0 473 1308 2315
0 0 0 1933 66 1962 135 0 0 0 0 0 447 1508 2141 0 0 0 0 0 0 183 1501 2412
0 0 0 1388 567 1877 264 0 0 0 0 0 66 1843 2187 0 0 0 0 0 0 60 1550 2486
0 0 0 600 1502 1227 767 0 0 0 0 0 2 2057 2037 0 0 0 0 0 0 35 1589 2472
0 0 0 603 1576 1864 53 0 0 0 0 0 0 2165 1931 0 0 0 0 0 0 0 1879 2217
0 0 0 551 1664 1831 50 0 0 0 0 0 0 2118 1978 0 0 0 0 0 0 0 2034 2062
0 0 0 502 2028 1566 0 0 0 0 0 0 1 2177 1918 0 0 0 0 0 0 0 2047 2049
0 0 0 871 1314 1772 139 0 0 0 0 0 118 2052 1925 1 0 0 0 0 0 18 2272 1806
0 0 1 1643 605 1428 408 11 0 0 0 1 1200 1046 1820 29 0 0 0 0 19 697 1953 1427
0 0 149 1389 640 1277 633 8 0 0 0 14 1844 343 1887 8 0 0 0 0 423 1534 654 1485
0 0 500 1527 301 385 1383 0 0 0 0 330 1919 83 1758 6 0 0 0 18 1161 1136 595 1186
0 0 1201 1045 216 45 1588 1 0 0 0 856 1559 64 1595 22 0 0 0 81 1747 643 755 870
0 0 600 1553 602 60 1281 0 0 0 0 606 1915 263 1255 57 0 0 0 386 1961 432 242 1075
0 2 894 1054 997 83 1065 1 0 0 433 643 1473 451 1050 46 0 0 8 1266 1556 165 46 1055
0 1353 959 678 137 225 744 0 0 548 1349 585 578 71 935 30 0 1222 283 906 626 90 43 926
0 0 553 3540 3 0 0 0 0 0 0 0 3871 225 0 0 0 0 0 0 4 4006 86 0
0 0 106 3990 0 0 0 0 0 0 0 0 3382 714 0 0 0 0 0 0 0 3938 158 0
0 0 14 3933 149 0 0 0 0 0 0 0 1819 2277 0 0 0 0 0 0 0 3381 715 0
0 0 0 3145 951 0 0 0 0 0 0 0 596 3500 0 0 0 0 0 0 0 2983 1113 0
0 0 0 2103 1993 0 0 0 0 0 0 0 218 3878 0 0 0 0 0 0 0 2569 1527 0
0 0 0 1082 3014 0 0 0 0 0 0 0 51 4044 1 0 0 0 0 0 0 1937 2159 0
0 0 0 306 3788 2 0 0 0 0 0 0 18 4078 0 0 0 0 0 0 0 1333 2763 0
0 0 0 186 3895 12 3 0 0 0 0 0 9 4072 14 1 0 0 0 0 0 709 3380 7
0 0 0 327 3762 7 0 0 0 0 0 0 25 4062 9 0 0 0 0 0 0 758 3338 0
0 0 0 469 3456 93 44 34 0 0 0 0 27 3869 131 69 0 0 0 0 0 530 3481 85
0 0 26 1502 2200 150 146 72 0 0 0 186 398 3160 230 122 0 0 3 311 241 653 2736 152
0 0 137 2065 1500 255 96 43 0 0 0 489 589 2722 218 78 0 0 17 484 727 599 2177 92
0 2 459 1280 1308 605 285 157 0 0 21 918 578 1793 540 246 0 0 130 1150 571 877 1112 256
0 180 2396 905 386 143 52 34 0 86 1222 1662 645 364 69 48 1 164 355 2959 327 145 86 59
2 1390 2653 45 1 0 0 5 0 669 2804 615 3 0 0 5 12 1296 941 1837 5 0 0 5
21 3289 785 1 0 0 0 0 0 2385 1705 6 0 0 0 0 18 3407 634 37 0 0 0 0
0 12 1803 2277 4 0 0 0 0 0 0 13 3656 425 2 0 0 0 0 0 154 3925 16 1
0 0 746 3349 1 0 0 0 0 0 0 8 3120 968 0 0 0 0 0 0 68 3963 65 0
0 0 333 3733 26 4 0 0 0 0 0 1 2209 1878 8 0 0 0 0 0 32 3882 179 3
0 0 32 3718 346 0 0 0 0 0 0 0 1160 2936 0 0 0 0 0 0 6 3775 315 0
0 0 18 3005 1072 1 0 0 0 0 0 0 448 3647 1 0 0 0 0 0 9 3573 513 1
0 0 12 1856 2227 1 0 0 0 0 0 0 174 3921 1 0 0 0 0 0 11 3075 1010 0
0 0 42 1229 2825 0 0 0 0 0 0 0 155 3932 9 0 0 0 0 0 27 2329 1740 0
0 0 26 1045 3023 2 0 0 0 0 0 0 67 3974 55 0 0 0 0 0 12 2157 1927 0
0 0 16 1152 2911 16 1 0 0 0 0 0 31 3835 229 1 0 0 0 0 1 2000 2094 1
0 0 23 1326 2699 46 2 0 0 0 0 0 24 3718 347 7 0 0 0 0 4 2352 1727 13
0 0 26 1667 1984 256 73 90 0 0 0 0 25 3344 577 150 0 0 0 0 8 2882 1056 150
0 149 177 1958 1180 473 96 63 0 37 218 10 74 3165 490 102 0 147 108 11 19 3066 663 82
8 1554 362 776 971 190 122 113 1 571 1321 18 24 1690 306 165 1 1528 366 12 21 1414 593 161
11 3510 274 131 103 27 23 17 1 2134 1650 17 17 198 49 30 21 3391 370 18 16 153 93 34
22 3688 384 2 0 0 0 0 1 2909 1183 3 0 0 0 0 48 3647 400 1 0 0 0 0
249 3738 109 0 0 0 0 0 8 3284 804 0 0 0 0 0 316 3647 133 0 0 0 0 0
0 462 3080 554 0 0 0 0 0 0 0 76 3844 176 0 0 0 0 0 0 841 3250 5 0
0 287 2571 1238 0 0 0 0 0 0 0 20 3578 498 0 0 0 0 0 0 595 3492 9 0
0 154 1941 2001 0 0 0 0 0 0 0 12 3095 989 0 0 0 0 0 0 394 3679 23 0
0 82 1727 2287 0 0 0 0 0 0 0 6 2905 1185 0 0 0 0 0 0 285 3800 11 0
0 42 1344 2709 1 0 0 0 0 0 0 8 2624 1464 0 0 0 0 0 0 301 3786 9 0
0 10 631 3430 25 0 0 0 0 0 0 7 1614 2475 0 0 0 0 0 0 205 3874 17 0
0 5 377 3396 318 0 0 0 0 0 0 3 948 3142 3 0 0 0 0 0 167 3908 21 0
0 0 59 1591 2333 90 20 3 0 0 0 1 1054 2947 88 6 0 0 0 0 483 3479 125 9
0 1 2 246 1893 609 614 731 0 1 2 4 301 1777 984 1027 0 1 1 5 174 2069 935 911
1 75 228 215 832 831 700 1214 0 32 232 213 316 1039 904 1360 0 34 233 231 344 1052 827 1375
0 135 944 218 578 1087 563 571 0 82 997 180 360 1105 713 659 0 268 824 147 392 1160 691 614
1 2499 1209 8 17 76 123 163 0 828 2881 8 10 43 114 212 0 2623 1079 14 13 47 124 196
6 3623 467 0 0 0 0 0 0 2093 2003 0 0 0 0 0 55 3764 277 0 0 0 0 0
63 3744 289 0 0 0 0 0 0 3033 1063 0 0 0 0 0 140 3806 150 0 0 0 0 0
150 3841 105 0 0 0 0 0 6 3529 561 0 0 0 0 0 298 3759 39 0 0 0 0 0
215 3752 120 9 0 0 0 0 25 3599 455 17 0 0 0 0 382 3623 82 9 0 0 0 0
14 2958 1101 18 4 1 0 0 0 0 0 31 3929 131 5 0 0 0 0 0 2625 1463 8 0
16 2369 1653 56 2 0 0 0 0 0 0 9 3453 627 7 0 0 0 0 0 2124 1958 14 0
29 1554 2215 273 14 6 2 3 0 0 0 4 2767 1308 12 5 0 0 0 0 1733 2337 18 8
8 949 2573 532 8 10 7 9 0 0 0 14 2964 1087 14 17 0 0 0 2 1585 2472 15 22
0 298 2447 1350 1 0 0 0 0 0 0 7 2538 1551 0 0 0 0 0 1 1489 2603 3 0
0 136 1598 2360 2 0 0 0 0 0 0 17 2588 1491 0 0 0 0 0 10 1695 2389 2 0
0 45 904 2980 165 1 1 0 0 0 0 43 2265 1782 5 1 0 0 0 21 1693 2379 2 1
0 11 157 1976 1716 228 8 0 0 0 0 35 1892 2040 127 2 0 0 0 13 1525 2401 145 12
6 106 167 371 1389 1685 295 77 0 43 169 213 600 1896 1056 119 0 16 134 168 376 1397 1657 348
10 297 637 594 1192 1087 277 2 0 183 655 549 1106 657 932 14 0 91 650 527 1037 465 1018 308
2 317 2149 538 962 114 14 0 0 306 2216 417 837 292 28 0 1 742 1851 296 704 462 23 17
0 1357 2717 22 0 0 0 0 0 640 3390 66 0 0 0 0 2 2115 1973 6 0 0 0 0
10 3196 890 0 0 0 0 0 1 2242 1848 5 0 0 0 0 77 3762 257 0 0 0 0 0
74 3944 78 0 0 0 0 0 2 3625 469 0 0 0 0 0 144 3923 29 0 0 0 0 0
64 3419 605 7 1 0 0 0 14 2973 1094 14 1 0 0 0 139 3486 465 5 1 0 0 0
168 3399 527 2 0 0 0 0 35 3148 891 22 0 0 0 0 246 3440 407 3 0 0 0 0
18 3852 209 14 3 0 0 0 0 0 0 5 3797 290 4 0 0 0 0 0 3679 412 4 1
28 2548 1328 188 3 1 0 0 0 0 0 0 2137 1949 10 0 0 0 0 1 3624 464 6 1
10 605 2539 916 20 6 0 0 0 0 0 0 1367 2710 16 3 0 0 0 5 3472 607 10 2
0 185 2076 1821 14 0 0 0 0 0 0 82 2086 1925 3 0 0 0 0 28 3329 736 3 0
0 95 1957 2044 0 0 0 0 0 0 0 902 3171 23 0 0 0 0 0 319 3549 228 0 0
0 17 618 3429 32 0 0 0 0 0 1 522 3517 56 0 0 0 0 0 163 3591 342 0 0
0 0 275 3454 362 5 0 0 0 0 0 96 3681 317 2 0 0 0 0 66 3385 635 10 0
0 0 43 1919 2000 134 0 0 0 0 0 18 2047 1869 162 0 0 0 0 11 1672 2033 377 3
6 147 283 407 1651 1477 123 2 0 65 313 190 607 1992 924 5 0 35 294 188 386 1481 1524 188
17 584 788 546 854 1174 133 0 2 345 946 514 584 837 865 3 1 237 1003 472 568 484 1145 186
6 602 1776 914 633 152 13 0 1 520 1798 748 724 258 47 0 2 679 1615 601 769 299 122 9
7 2190 1878 21 0 0 0 0 0 1348 2697 51 0 0 0 0 60 2662 1366 8 0 0 0 0
58 3497 541 0 0 0 0 0 8 2902 1171 15 0 0 0 0 150 3694 252 0 0 0 0 0
171 3378 514 33 0 0 0 0 40 3238 787 31 0 0 0 0 207 3518 365 6 0 0 0 0
92 2877 1104 23 0 0 0 0 29 2618 1412 36 1 0 0 0 162 3256 667 11 0 0 0 0
112 2681 1278 25 0 0 0 0 43 2283 1725 45 0 0 0 0 268 3152 670 6 0 0 0 0
36 3549 506 4 1 0 0 0 0 0 0 0 3343 751 1 1 0 0 0 26 3930 138 1 1
30 2274 1290 408 55 31 7 1 0 0 0 61 2289 1660 74 12 0 0 0 40 3389 577 77 13
1 475 1631 1374 386 137 67 25 0 0 0 297 1625 1881 225 68 0 0 0 207 2890 709 193 97
0 10 1516 2474 93 3 0 0 0 0 0 475 2851 766 2 2 0 0 0 623 3436 33 4 0
0 0 325 3670 101 0 0 0 0 0 0 502 3513 81 0 0 0 0 0 437 3539 120 0 0
0 0 372 2402 1221 101 0 0 0 0 1 505 2292 1222 76 0 0 0 0 271 2036 1549 236 4
0 0 150 1895 1721 330 0 0 0 0 0 90 1569 2020 417 0 0 0 0 35 1215 1806 1009 31
1 24 126 441 1119 1923 462 0 0 7 98 78 342 1285 2275 11 0 0 63 94 247 692 1818 1182
4 123 545 833 729 1621 240 1 0 44 532 703 578 640 1574 25 0 27 428 625 571 443 1191 811
9 341 677 775 670 1432 190 2 2 165 762 682 421 817 1237 10 0 93 754 576 474 371 1444 384
3 480 2442 636 409 116 10 0 0 733 2305 449 396 180 33 0 26 1809 1225 335 320 287 85 9
49 2892 1125 30 0 0 0 0 2 2143 1903 48 0 0 0 0 149 3366 576 5 0 0 0 0
149 3483 463 0 1 0 0 0 18 3169 900 8 1 0 0 0 174 3518 403 0 1 0 0 0
211 2901 917 66 1 0 0 0 75 2610 1307 102 2 0 0 0 228 2922 914 32 0 0 0 0
545 2808 735 8 0 0 0 0 237 2775 1064 20 0 0 0 0 605 2961 527 3 0 0 0 0
254 2878 962 2 0 0 0 0 91 2465 1529 11 0 0 0 0 347 3313 435 1 0 0 0 0
3 2389 1516 183 5 0 0 0 0 0 142 2297 1622 35 0 0 1 80 390 1750 1856 19 0 0
3 2927 1067 83 16 0 0 0 0 0 4 2661 1373 57 1 0 0 0 16 1666 2290 114 10 0
0 2209 1850 36 1 0 0 0 0 0 1 2194 1888 13 0 0 0 0 2 1329 2746 19 0 0
0 199 3320 563 14 0 0 0 0 0 4 2222 1852 18 0 0 0 0 6 1893 2167 30 0 0
0 14 1873 2174 35 0 0 0 0 0 0 253 3481 360 2 0 0 0 0 486 2875 713 22 0
0 0 439 2627 915 115 0 0 0 0 0 0 1517 2280 299 0 0 0 0 5 1076 2145 856 14
0 7 75 1256 1569 1140 49 0 0 1 13 62 630 2175 1212 3 0 0 7 37 300 1538 1901 313
1 374 1226 853 570 983 88 1 0 186 1276 848 245 617 915 9 0 233 1255 753 194 304 889 468
2 334 998 1931 250 556 25 0 0 287 983 1962 109 359 396 0 7 453 829 1841 162 122 577 105
5 340 1646 870 418 768 49 0 1 422 1640 732 204 509 588 0 20 1052 1003 633 192 257 894 45
41 2221 1598 200 26 10 0 0 5 1691 2111 249 24 13 3 0 129 2766 1023 125 27 16 9 1
116 3159 819 2 0 0 0 0 35 2824 1217 20 0 0 0 0 137 3298 661 0 0 0 0 0
424 3093 495 81 3 0 0 0 93 3189 716 94 4 0 0 0 468 3152 439 37 0 0 0 0
168 2688 1160 80 0 0 0 0 68 2433 1501 94 0 0 0 0 233 2980 860 23 0 0 0 0
452 2600 1008 32 4 0 0 0 213 2571 1258 50 4 0 0 0 486 2982 616 12 0 0 0 0
1205 2180 702 9 0 0 0 0 690 2233 1143 30 0 0 0 0 1455 2227 413 1 0 0 0 0
2 571 2968 552 3 0 0 0 0 46 2062 1951 37 0 0 0 310 2922 593 266 5 0 0 0
0 689 3061 342 4 0 0 0 0 7 772 2927 382 8 0 0 158 1988 597 940 401 12 0 0
0 275 2808 949 63 1 0 0 0 2 486 2512 1039 56 1 0 112 1532 489 1042 852 67 2 0
0 265 2187 1245 359 40 0 0 0 0 214 2215 1307 341 19 0 52 1171 387 973 1085 372 56 0
2 506 2374 956 236 21 1 0 0 0 37 1383 2153 499 24 0 1 124 173 999 1963 717 116 3
0 89 1086 1411 998 475 36 1 0 18 273 897 1223 1251 432 2 0 12 176 756 1092 1078 864 118
0 9 280 1148 1458 1071 129 1 0 1 82 483 1132 1558 817 23 5 58 160 428 821 1268 1135 221
0 70 1597 1248 701 436 44 0 0 35 823 1892 579 595 171 1 57 1553 820 439 372 460 378 17
4 136 2753 1185 18 0 0 0 2 105 2011 1948 30 0 0 0 34 968 2346 747 1 0 0 0
0 455 2573 1063 5 0 0 0 0 595 2178 1315 8 0 0 0 59 1326 1523 1188 0 0 0 0
65 2938 1084 9 0 0 0 0 3 2581 1496 16 0 0 0 0 170 3417 509 0 0 0 0 0
252 3434 407 3 0 0 0 0 67 3202 818 9 0 0 0 0 390 3453 252 1 0 0 0 0
323 2558 1148 67 0 0 0 0 77 2480 1444 95 0 0 0 0 446 2839 786 25 0 0 0 0
409 2657 942 80 8 0 0 0 75 2396 1484 133 8 0 0 0 744 2900 423 28 1 0 0 0
815 2380 789 108 4 0 0 0 289 1496 1833 472 6 0 0 0 1206 2456 416 18 0 0 0 0
1452 2341 301 2 0 0 0 0 891 2200 954 51 0 0 0 0 1745 2235 115 1 0 0 0 0
