0 0 0 0 0 0 0 4096 0 0 0 0 0 0 0 4096 0 0 0 0 0 0 0 4096
0 0 0 22 71 25 16 3962 0 0 13 68 33 10 15 3957 0 6 34 66 12 10 12 3956
0 0 0 0 0 0 0 4096 0 0 0 0 0 0 0 4096 0 0 0 0 0 0 0 4096
0 0 0 0 0 0 0 4096 0 0 0 0 0 0 0 4096 0 0 0 0 0 0 0 4096
147 239 236 219 111 144 648 2352 190 258 263 144 96 111 520 2514 423 229 165 89 96 91 442 2561
33 171 566 968 595 255 128 1380 151 433 986 739 249 131 85 1322 318 806 939 400 170 93 81 1289
52 139 366 988 1054 97 66 1334 160 370 1104 960 87 57 48 1310 406 1022 1083 135 62 49 54 1285
0 22 245 652 175 86 48 2868 7 182 662 211 97 51 35 2851 116 598 285 115 69 35 47 2831
37 223 496 1013 1357 682 281 7 129 425 560 465 1115 1003 381 18 760 438 213 232 771 1135 482 65
935 780 1158 758 452 13 0 0 954 660 811 817 712 142 0 0 1060 562 500 856 721 395 2 0
1988 719 968 397 24 0 0 0 2324 1107 590 73 2 0 0 0 2865 935 209 82 5 0 0 0
1070 594 1098 884 63 39 97 251 1381 928 1223 125 42 46 66 285 2144 1101 388 42 35 45 64 277
73 353 1183 1095 505 322 279 286 72 310 964 1556 716 268 181 29 386 486 793 1315 844 223 49 0
569 1518 1476 294 29 29 51 130 10 286 1433 1923 262 58 65 59 19 162 1036 2129 608 83 57 2
1936 1375 660 122 3 0 0 0 891 1510 1207 471 17 0 0 0 1120 1323 1022 601 30 0 0 0
1514 1055 757 484 235 47 4 0 1423 887 680 599 353 132 22 0 1738 811 595 444 308 164 36 0
