0 0 19 65 554 980 1182 1296 0 0 0 0 19 52 115 3910 0 0 0 0 0 0 52 4044
0 0 0 45 218 779 720 2334 0 0 0 0 0 26 170 3900 0 0 0 0 0 0 0 4096
0 0 0 34 200 679 631 2552 0 0 0 0 0 35 154 3907 0 0 0 0 0 0 0 4096
0 0 8 145 723 895 1037 1288 0 0 0 0 2 128 326 3640 0 0 0 0 0 0 0 4096
1647 448 508 681 351 225 143 93 388 1162 430 502 551 682 224 157 11 133 286 615 1550 520 289 692
1689 307 307 561 409 426 224 173 110 1499 350 388 416 528 410 395 9 71 159 350 1268 1110 266 863
1726 271 154 380 572 527 244 222 82 1397 531 239 288 546 669 344 7 82 74 180 853 1567 338 995
1961 404 418 460 435 216 120 82 108 1274 818 281 649 567 258 141 5 54 89 158 805 1117 771 1097
3915 86 16 16 8 6 17 32 3417 565 25 21 8 7 9 44 67 508 952 1411 1049 35 15 59
3939 70 22 13 14 12 16 10 2630 1338 41 19 17 14 10 27 0 32 883 1415 1408 293 19 46
4087 9 0 0 0 0 0 0 2820 1276 0 0 0 0 0 0 0 36 825 1745 1372 118 0 0
4061 35 0 0 0 0 0 0 2801 1265 30 0 0 0 0 0 0 4 595 1537 1715 245 0 0
4044 36 5 4 5 1 1 0 3981 97 2 5 5 4 1 1 2800 1198 79 2 2 6 7 2
4079 10 3 3 0 0 1 0 4057 29 3 4 2 0 0 1 115 3331 631 11 1 4 2 1
4096 0 0 0 0 0 0 0 4096 0 0 0 0 0 0 0 469 3093 534 0 0 0 0 0
4096 0 0 0 0 0 0 0 4096 0 0 0 0 0 0 0 334 2904 834 24 0 0 0 0
