0 0 0 2054 2042 0 0 0 0 0 0 0 0 4096 0 0 0 0 0 0 0 29 4067 0
0 0 0 1548 2548 0 0 0 0 0 0 0 0 4096 0 0 0 0 0 0 0 11 4085 0
0 0 0 859 3237 0 0 0 0 0 0 0 0 4096 0 0 0 0 0 0 0 4 4092 0
0 0 0 404 3692 0 0 0 0 0 0 0 0 4096 0 0 0 0 0 0 0 0 4096 0
0 0 0 159 3937 0 0 0 0 0 0 0 0 4096 0 0 0 0 0 0 0 0 4096 0
0 0 0 60 4036 0 0 0 0 0 0 0 0 4096 0 0 0 0 0 0 0 9 4087 0
0 0 0 195 3901 0 0 0 0 0 0 0 0 4096 0 0 0 0 0 0 0 57 4039 0
0 0 0 476 3620 0 0 0 0 0 0 0 0 4096 0 0 0 0 0 0 0 212 3884 0
0 0 0 1630 2466 0 0 0 0 0 0 0 0 4096 0 0 0 0 0 0 0 354 3742 0
0 0 0 2808 1288 0 0 0 0 0 0 0 30 4066 0 0 0 0 0 0 0 778 3318 0
0 0 0 3669 427 0 0 0 0 0 0 0 183 3913 0 0 0 0 0 0 0 1385 2711 0
0 0 0 4064 32 0 0 0 0 0 0 0 814 3282 0 0 0 0 0 0 0 2438 1658 0
35 1998 1316 732 15 0 0 0 0 0 0 2194 1484 418 0 0 0 0 0 122 2118 1555 301 0
4 1676 1408 991 17 0 0 0 0 0 0 1848 1739 509 0 0 0 0 0 27 2103 1588 378 0
0 973 1758 1241 124 0 0 0 0 0 0 1293 2232 571 0 0 0 0 0 0 1817 1853 426 0
0 18 569 1107 1351 443 475 133 0 0 0 100 1314 1834 557 291 0 0 0 0 383 1397 1804 512
0 0 0 1112 1901 672 386 25 0 0 0 0 951 2218 788 139 0 0 0 0 3 1745 1983 365
0 0 37 3124 749 80 101 5 0 0 0 398 2744 790 131 33 0 0 0 1 1690 1743 585 77
0 0 311 3618 167 0 0 0 0 0 0 1722 1879 495 0 0 0 0 0 140 2573 1232 151 0
0 9 1443 2562 82 0 0 0 0 0 1 2447 1287 361 0 0 0 0 0 1236 1492 1350 18 0
0 54 2400 1634 8 0 0 0 0 0 46 2599 1239 212 0 0 0 0 147 1949 737 1259 4 0
0 326 2670 1100 0 0 0 0 0 0 167 2499 1370 60 0 0 0 0 953 1339 670 1134 0 0
0 682 2485 928 1 0 0 0 0 0 307 2782 993 14 0 0 0 0 1450 803 932 911 0 0
0 984 2457 655 0 0 0 0 0 0 636 2872 588 0 0 0 0 0 1547 597 1389 563 0 0
1251 2803 41 1 0 0 0 0 0 0 384 3694 18 0 0 0 0 0 1 3491 603 1 0 0
798 3200 93 3 2 0 0 0 0 0 81 3979 35 1 0 0 0 0 0 2903 1189 4 0 0
156 3140 484 180 124 8 4 0 0 0 3 3587 362 135 8 1 0 0 0 1344 2506 226 18 2
0 269 704 426 572 722 1114 289 0 0 0 652 750 853 1346 495 0 0 0 21 1064 816 1395 800
0 0 0 9 106 322 2382 1277 0 0 0 0 11 158 1823 2104 0 0 0 0 1 62 852 3181
0 0 18 385 941 1750 946 56 0 0 0 7 490 1296 2120 183 0 0 0 0 227 964 2430 475
0 0 201 1419 1119 720 476 161 0 0 0 752 1423 813 892 216 0 0 0 489 1357 830 1001 419
0 84 914 2404 481 116 72 25 0 1 624 2559 537 227 114 34 0 0 325 2317 911 345 149 49
0 370 1704 1910 112 0 0 0 0 42 1817 2218 19 0 0 0 0 34 1664 2321 77 0 0 0
4 758 2051 1254 29 0 0 0 1 243 2240 1608 4 0 0 0 0 341 2434 1321 0 0 0 0
15 2080 1320 651 30 0 0 0 1 207 2927 961 0 0 0 0 0 1165 2460 471 0 0 0 0
10 2894 683 495 14 0 0 0 4 189 3356 547 0 0 0 0 6 2553 1336 201 0 0 0 0
2909 1083 70 4 15 10 5 0 0 0 1783 2266 24 17 6 0 0 0 115 3860 94 15 12 0
1356 2415 187 80 32 13 10 3 0 0 387 3502 133 51 16 7 0 0 9 3684 293 78 24 8
266 2777 474 196 131 86 70 96 0 0 61 3339 320 152 95 129 0 0 7 2683 964 197 109 136
0 1474 1304 638 298 215 161 6 0 0 0 2293 1160 357 251 35 0 0 0 1186 2064 486 294 66
0 2 141 796 854 546 607 1150 0 0 0 118 993 977 709 1299 0 0 0 13 679 1172 788 1444
0 0 0 34 136 867 2471 588 0 0 0 0 42 375 2382 1297 0 0 0 0 41 169 1609 2277
0 0 0 14 221 1298 1543 1020 0 0 0 0 13 692 1768 1623 0 0 0 0 0 170 1766 2160
0 0 54 625 1002 1585 747 83 0 0 0 138 501 1601 1630 226 0 0 0 41 274 1162 2179 440
0 1 88 1524 796 908 577 202 0 0 14 1019 673 1088 934 368 0 0 6 876 546 886 1201 581
0 78 619 2231 345 328 428 67 0 105 804 2076 113 232 577 189 0 126 888 1894 141 176 451 420
18 195 1006 2507 365 1 4 0 15 362 1482 2203 4 5 12 13 2 512 2299 1238 11 5 12 17
25 617 1122 2126 206 0 0 0 30 878 1562 1626 0 0 0 0 165 1347 2408 176 0 0 0 0
903 1903 732 251 160 76 41 30 0 0 797 2638 363 185 61 52 0 0 239 2926 561 235 76 59
114 2986 852 55 25 24 32 8 0 0 125 3715 161 34 37 24 0 0 139 3550 308 38 36 25
21 2998 911 121 28 4 4 9 0 0 41 3773 222 45 4 11 0 0 46 3527 465 41 7 10
3 1949 1604 395 94 46 5 0 0 0 5 3323 611 122 32 3 0 0 10 2954 941 144 43 4
0 16 568 1376 670 611 492 363 0 0 0 470 1593 754 713 566 0 0 0 284 1613 792 741 666
0 0 0 101 342 1454 1883 316 0 0 0 0 135 568 2500 893 0 0 0 0 109 415 2209 1363
0 0 2 52 149 424 2371 1098 0 0 0 0 58 231 1553 2254 0 0 0 0 30 209 1044 2813
0 0 24 284 380 536 1134 1738 0 0 0 9 295 524 872 2396 0 0 0 4 219 460 819 2594
28 162 575 476 291 824 1258 482 34 185 641 81 438 429 1557 731 44 630 232 39 329 423 1304 1095
60 670 1712 743 460 313 90 48 66 803 1890 190 361 545 186 55 315 1949 642 41 317 458 307 67
111 1045 1821 713 177 76 136 17 76 1272 1963 505 63 33 143 41 437 2272 873 271 24 24 95 100
635 2021 774 510 155 1 0 0 126 2578 947 403 42 0 0 0 2288 968 613 224 3 0 0 0
609 2496 511 120 91 59 131 79 0 0 1207 2346 188 98 108 149 0 0 1678 1764 286 104 109 155
180 2529 1046 292 44 5 0 0 0 0 512 2967 569 48 0 0 0 0 777 2561 678 80 0 0
0 1334 1681 531 337 158 55 0 0 0 7 2720 862 368 129 10 0 0 108 2533 896 408 132 19
0 203 1525 1702 515 130 18 3 0 0 0 1191 2300 527 74 4 0 0 1 1181 2270 539 100 5
0 0 8 279 1165 1158 1005 481 0 0 0 6 413 1533 1371 773 0 0 0 6 436 1433 1280 941
0 0 0 6 87 571 1892 1540 0 0 0 0 16 217 1378 2485 0 0 0 0 13 121 990 2972
0 20 56 167 123 87 1833 1810 13 45 115 194 33 26 712 2958 12 65 239 70 15 17 359 3319
62 394 939 1017 189 36 514 945 325 386 1310 635 36 20 220 1164 162 1056 1289 168 17 18 126 1260
525 1349 1590 515 35 6 11 65 685 1567 1537 240 9 4 4 50 1003 2191 789 53 2 4 4 50
432 2044 1108 432 74 6 0 0 227 2361 1278 219 11 0 0 0 1971 1626 484 15 0 0 0 0
1348 2423 270 43 12 0 0 0 248 3282 547 18 1 0 0 0 3500 541 50 5 0 0 0 0
1775 2130 177 13 1 0 0 0 572 3028 486 10 0 0 0 0 3835 249 11 1 0 0 0 0
1556 2535 5 0 0 0 0 0 0 0 2878 1218 0 0 0 0 0 0 2885 1211 0 0 0 0
483 3532 57 10 11 2 1 0 0 0 1594 2473 20 9 0 0 0 0 1863 2201 21 11 0 0
143 3034 305 111 177 248 76 2 0 0 744 2692 150 253 242 15 0 0 857 2540 181 234 263 21
3 1191 888 461 463 483 389 218 0 0 149 1901 513 578 532 423 0 0 259 1707 591 572 498 469
0 4 49 76 253 574 1642 1498 0 26 41 18 78 338 1143 2452 0 15 54 15 75 308 990 2639
0 183 1097 539 36 124 1102 1015 172 918 729 69 19 20 445 1724 68 1147 620 45 25 20 355 1816
5 322 1196 1985 244 26 210 108 243 831 2086 595 29 18 69 225 180 1502 1942 149 10 19 55 239
264 1541 1369 781 124 16 1 0 1121 1282 1341 304 42 6 0 0 1662 1611 731 83 9 0 0 0
427 2063 1349 205 47 5 0 0 548 2324 1070 131 23 0 0 0 2666 1112 273 44 1 0 0 0
677 1311 605 956 527 20 0 0 714 1490 1001 847 44 0 0 0 1816 1218 962 100 0 0 0 0
1392 490 542 1140 479 50 3 0 1048 813 1027 1090 106 12 0 0 1582 852 1395 236 29 2 0 0
1176 590 941 1269 120 0 0 0 1025 926 1488 649 8 0 0 0 1659 1326 1067 44 0 0 0 0
15 1184 359 538 687 517 511 285 0 0 462 1153 751 745 592 393 0 0 563 1084 758 661 605 425
1 491 290 211 411 336 560 1796 0 8 99 674 313 468 553 1981 0 2 199 590 310 466 514 2015
0 0 8 201 612 894 787 1594 0 0 0 28 359 831 1021 1857 0 0 0 32 331 808 998 1927
0 0 0 8 134 902 1955 1097 0 0 0 5 21 376 1752 1942 0 0 0 1 18 352 1675 2050
0 1 52 23 20 122 1264 2614 0 27 23 16 8 26 491 3505 0 13 33 19 8 32 606 3385
0 158 1539 759 152 144 233 1111 193 1190 766 231 111 152 160 1293 61 1269 749 273 140 151 150 1303
10 413 1710 1301 467 195 0 0 353 883 1894 682 284 0 0 0 581 2215 1060 237 3 0 0 0
4 655 1011 945 1261 220 0 0 74 1101 1087 1392 437 5 0 0 1093 1131 1467 395 10 0 0 0
21 1150 656 975 1245 49 0 0 164 1287 816 1719 107 3 0 0 1094 1025 1672 297 7 1 0 0
1014 362 415 1018 1140 144 3 0 1111 450 740 1556 234 5 0 0 1408 755 1617 306 10 0 0 0
193 119 422 1897 1388 74 3 0 257 254 1268 2170 141 6 0 0 382 1123 2383 197 11 0 0 0
901 689 1171 1146 182 7 0 0 1055 909 1585 523 24 0 0 0 1470 1851 750 25 0 0 0 0
0 0 10 388 1062 1252 963 421 0 0 0 47 614 1456 1260 719 0 0 0 67 551 1303 1321 854
0 0 0 34 380 1208 1786 688 0 0 0 0 109 763 2156 1068 0 0 0 1 159 780 2151 1005
0 0 0 10 192 1041 1595 1258 0 0 0 0 54 611 1846 1585 0 0 0 0 59 674 1766 1597
0 0 0 0 78 748 1529 1741 0 0 0 0 8 429 1936 1723 0 0 0 0 9 511 2302 1274
0 0 0 0 0 34 751 3311 0 0 0 0 0 10 503 3583 0 0 0 0 0 10 704 3382
52 333 437 309 141 143 627 2054 174 327 406 190 115 127 271 2486 75 482 349 164 129 127 249 2521
159 973 1247 1207 502 8 0 0 781 1039 1343 890 43 0 0 0 1176 1570 1247 103 0 0 0 0
0 242 868 1332 1546 106 2 0 49 556 1267 1991 228 5 0 0 277 1577 2023 215 4 0 0 0
7 181 253 948 2534 168 5 0 30 282 599 2864 304 17 0 0 212 639 2778 435 30 2 0 0
327 189 421 1773 1359 27 0 0 330 348 1229 2121 67 1 0 0 538 1084 2316 156 2 0 0 0
1589 454 566 1057 410 20 0 0 1778 525 993 756 44 0 0 0 1986 1076 964 70 0 0 0 0
1191 773 1145 862 124 1 0 0 1289 1013 1468 323 3 0 0 0 2148 1387 549 12 0 0 0 0
