1 34 3637 217 106 94 7 0 0 19 68 96 3828 76 9 0 0 16 74 94 137 3605 170 0
0 0 4096 0 0 0 0 0 0 0 0 0 4096 0 0 0 0 0 0 0 0 4096 0 0
0 0 4096 0 0 0 0 0 0 0 0 0 4096 0 0 0 0 0 0 0 0 4096 0 0
0 0 4096 0 0 0 0 0 0 0 0 0 4096 0 0 0 0 0 0 0 0 4096 0 0
0 0 4096 0 0 0 0 0 0 0 0 0 4096 0 0 0 0 0 0 0 0 4096 0 0
0 0 4096 0 0 0 0 0 0 0 0 0 4096 0 0 0 0 0 0 0 0 4096 0 0
0 0 4096 0 0 0 0 0 0 0 0 0 4096 0 0 0 0 0 0 0 0 4096 0 0
0 0 4096 0 0 0 0 0 0 0 0 0 4096 0 0 0 0 0 0 0 0 4096 0 0
0 0 4096 0 0 0 0 0 0 0 0 0 4096 0 0 0 0 0 0 0 0 4096 0 0
0 0 4096 0 0 0 0 0 0 0 0 0 4096 0 0 0 0 0 0 0 0 4096 0 0
0 0 4096 0 0 0 0 0 0 0 0 0 4096 0 0 0 0 0 0 0 0 4096 0 0
0 0 4096 0 0 0 0 0 0 0 0 0 4096 0 0 0 0 0 0 0 0 4096 0 0
0 0 4096 0 0 0 0 0 0 0 0 0 4096 0 0 0 0 0 0 0 0 4096 0 0
374 318 3404 0 0 0 0 0 0 513 137 101 3345 0 0 0 0 350 238 74 70 3364 0 0
2036 540 1520 0 0 0 0 0 666 1524 303 280 1323 0 0 0 2 1879 456 180 200 1379 0 0
2887 1195 14 0 0 0 0 0 1262 2588 246 0 0 0 0 0 380 3333 375 8 0 0 0 0
2160 1538 395 3 0 0 0 0 681 2126 886 341 62 0 0 0 500 2207 714 356 184 135 0 0
3316 111 669 0 0 0 0 0 2972 331 100 233 460 0 0 0 2257 960 121 70 91 597 0 0
4089 7 0 0 0 0 0 0 3847 249 0 0 0 0 0 0 3693 403 0 0 0 0 0 0
4033 63 0 0 0 0 0 0 2937 1159 0 0 0 0 0 0 3313 783 0 0 0 0 0 0
664 712 1164 680 658 201 17 0 8 885 1277 628 926 360 12 0 0 823 1322 711 698 528 14 0
0 87 3088 482 410 29 0 0 0 1 332 261 3269 223 10 0 0 1 324 288 320 3022 141 0
0 0 4096 0 0 0 0 0 0 0 0 0 4096 0 0 0 0 0 0 0 0 3361 735 0
0 0 4096 0 0 0 0 0 0 0 0 0 4096 0 0 0 0 0 0 0 0 3924 172 0
0 0 4096 0 0 0 0 0 0 0 0 0 4096 0 0 0 0 0 0 0 0 4040 56 0
0 0 4096 0 0 0 0 0 0 0 0 0 4096 0 0 0 0 0 0 0 0 4096 0 0
0 0 4096 0 0 0 0 0 0 0 0 0 4096 0 0 0 0 0 0 0 0 4096 0 0
0 0 4096 0 0 0 0 0 0 0 0 0 4096 0 0 0 0 0 0 0 0 4096 0 0
0 0 4096 0 0 0 0 0 0 0 0 0 4096 0 0 0 0 0 0 0 0 4096 0 0
0 0 4096 0 0 0 0 0 0 0 0 0 4096 0 0 0 0 0 0 0 0 4096 0 0
0 0 4096 0 0 0 0 0 0 0 0 0 4096 0 0 0 0 0 0 0 0 4096 0 0
3 13 4080 0 0 0 0 0 0 0 6 21 4069 0 0 0 0 0 0 5 14 4077 0 0
273 456 3359 8 0 0 0 0 0 334 347 171 3244 0 0 0 0 63 469 179 141 3244 0 0
2606 368 1121 1 0 0 0 0 789 1973 156 153 1025 0 0 0 0 2437 342 130 102 1085 0 0
4056 40 0 0 0 0 0 0 3528 568 0 0 0 0 0 0 1330 2766 0 0 0 0 0 0
3868 228 0 0 0 0 0 0 3132 961 3 0 0 0 0 0 2040 2051 5 0 0 0 0 0
3939 157 0 0 0 0 0 0 3436 660 0 0 0 0 0 0 3265 831 0 0 0 0 0 0
4096 0 0 0 0 0 0 0 4096 0 0 0 0 0 0 0 4096 0 0 0 0 0 0 0
4096 0 0 0 0 0 0 0 4096 0 0 0 0 0 0 0 4096 0 0 0 0 0 0 0
4096 0 0 0 0 0 0 0 4096 0 0 0 0 0 0 0 4096 0 0 0 0 0 0 0
749 299 2407 641 0 0 0 0 1 983 75 30 3007 0 0 0 0 810 209 58 36 1097 1886 0
0 218 3591 234 53 0 0 0 0 22 439 169 3450 16 0 0 0 10 402 179 138 2079 1288 0
0 0 4096 0 0 0 0 0 0 0 0 0 4096 0 0 0 0 0 0 0 0 2756 1340 0
0 0 4096 0 0 0 0 0 0 0 0 0 4096 0 0 0 0 0 0 0 0 3172 924 0
0 0 4096 0 0 0 0 0 0 0 0 0 4096 0 0 0 0 0 0 0 0 3864 232 0
0 0 4096 0 0 0 0 0 0 0 0 0 4096 0 0 0 0 0 0 0 0 3487 609 0
0 0 4096 0 0 0 0 0 0 0 0 0 4096 0 0 0 0 0 0 0 0 3977 119 0
0 0 4096 0 0 0 0 0 0 0 0 0 4096 0 0 0 0 0 0 0 0 3920 176 0
0 0 4096 0 0 0 0 0 0 0 0 0 4096 0 0 0 0 0 0 0 0 4096 0 0
13 138 3933 12 0 0 0 0 0 12 121 44 3919 0 0 0 0 0 57 82 36 3916 5 0
447 1305 2304 40 0 0 0 0 0 899 857 155 2185 0 0 0 0 707 917 158 114 2194 6 0
1278 1507 1292 19 0 0 0 0 2 1930 889 178 1097 0 0 0 0 1474 1223 164 144 1090 1 0
3020 912 163 1 0 0 0 0 367 3134 455 104 36 0 0 0 0 3250 637 89 80 40 0 0
4038 58 0 0 0 0 0 0 2927 1169 0 0 0 0 0 0 66 4018 12 0 0 0 0 0
3921 175 0 0 0 0 0 0 3236 858 2 0 0 0 0 0 2790 1304 2 0 0 0 0 0
4021 75 0 0 0 0 0 0 3869 227 0 0 0 0 0 0 3770 326 0 0 0 0 0 0
4096 0 0 0 0 0 0 0 4095 1 0 0 0 0 0 0 3918 178 0 0 0 0 0 0
4090 6 0 0 0 0 0 0 3818 278 0 0 0 0 0 0 3362 734 0 0 0 0 0 0
4092 4 0 0 0 0 0 0 3716 380 0 0 0 0 0 0 3092 1004 0 0 0 0 0 0
3955 141 0 0 0 0 0 0 2162 1934 0 0 0 0 0 0 1621 2475 0 0 0 0 0 0
0 0 128 3968 0 0 0 0 0 0 0 0 4032 64 0 0 0 0 0 0 0 0 4096 0
0 0 512 3584 0 0 0 0 0 0 0 0 4096 0 0 0 0 0 0 0 0 0 4096 0
0 0 1472 2624 0 0 0 0 0 0 0 0 4096 0 0 0 0 0 0 0 0 80 4016 0
0 0 1848 2248 0 0 0 0 0 0 0 0 4096 0 0 0 0 0 0 0 0 324 3772 0
0 0 1400 2696 0 0 0 0 0 0 0 0 4096 0 0 0 0 0 0 0 0 564 3532 0
0 0 32 4064 0 0 0 0 0 0 0 0 4096 0 0 0 0 0 0 0 0 2094 2002 0
5 49 219 3823 0 0 0 0 0 0 44 20 4032 0 0 0 0 0 10 40 17 2962 1067 0
85 405 734 2872 0 0 0 0 0 94 355 109 3538 0 0 0 0 41 313 137 91 3474 40 0
1263 801 1518 514 0 0 0 0 0 1445 544 179 1928 0 0 0 0 1155 674 224 140 1823 80 0
2707 662 639 88 0 0 0 0 29 2984 314 94 675 0 0 0 0 2710 514 118 82 603 69 0
2702 1394 0 0 0 0 0 0 46 3657 393 0 0 0 0 0 2 3697 397 0 0 0 0 0
3842 254 0 0 0 0 0 0 2062 2034 0 0 0 0 0 0 0 4043 53 0 0 0 0 0
4096 0 0 0 0 0 0 0 3801 295 0 0 0 0 0 0 16 4080 0 0 0 0 0 0
3708 388 0 0 0 0 0 0 3066 1030 0 0 0 0 0 0 989 3107 0 0 0 0 0 0
4084 12 0 0 0 0 0 0 3797 299 0 0 0 0 0 0 3033 1063 0 0 0 0 0 0
4096 0 0 0 0 0 0 0 4096 0 0 0 0 0 0 0 4096 0 0 0 0 0 0 0
4096 0 0 0 0 0 0 0 4096 0 0 0 0 0 0 0 4096 0 0 0 0 0 0 0
4096 0 0 0 0 0 0 0 4096 0 0 0 0 0 0 0 4096 0 0 0 0 0 0 0
4086 10 0 0 0 0 0 0 3654 442 0 0 0 0 0 0 3219 877 0 0 0 0 0 0
3317 779 0 0 0 0 0 0 1133 2963 0 0 0 0 0 0 611 3461 24 0 0 0 0 0
0 0 0 4096 0 0 0 0 0 0 0 0 2436 1660 0 0 0 0 0 0 0 0 4096 0
0 0 0 4096 0 0 0 0 0 0 0 0 2944 1152 0 0 0 0 0 0 0 0 4096 0
0 0 0 4096 0 0 0 0 0 0 0 0 3328 768 0 0 0 0 0 0 0 0 4096 0
0 0 0 4096 0 0 0 0 0 0 0 0 4096 0 0 0 0 0 0 0 0 1095 3001 0
96 581 94 3325 0 0 0 0 0 152 486 100 3348 10 0 0 0 2 451 230 69 902 2442 0
908 1553 172 1463 0 0 0 0 0 1176 1238 127 1545 10 0 0 0 132 2192 152 90 813 717 0
2291 1472 102 231 0 0 0 0 0 2875 860 74 282 5 0 0 0 1762 1923 88 54 221 48 0
2417 1634 45 0 0 0 0 0 1 3481 611 3 0 0 0 0 0 2824 1268 4 0 0 0 0
3792 253 47 4 0 0 0 0 18 3987 90 1 0 0 0 0 0 3952 144 0 0 0 0 0
3895 201 0 0 0 0 0 0 450 3646 0 0 0 0 0 0 1 4077 18 0 0 0 0 0
3907 189 0 0 0 0 0 0 1324 2772 0 0 0 0 0 0 1 4095 0 0 0 0 0 0
4096 0 0 0 0 0 0 0 3490 606 0 0 0 0 0 0 0 4096 0 0 0 0 0 0
4096 0 0 0 0 0 0 0 4096 0 0 0 0 0 0 0 0 4096 0 0 0 0 0 0
4008 88 0 0 0 0 0 0 3808 288 0 0 0 0 0 0 184 3912 0 0 0 0 0 0
4059 37 0 0 0 0 0 0 3452 644 0 0 0 0 0 0 852 3244 0 0 0 0 0 0
4096 0 0 0 0 0 0 0 3982 114 0 0 0 0 0 0 2624 1472 0 0 0 0 0 0
4096 0 0 0 0 0 0 0 4096 0 0 0 0 0 0 0 3005 1091 0 0 0 0 0 0
4096 0 0 0 0 0 0 0 4096 0 0 0 0 0 0 0 4044 52 0 0 0 0 0 0
4096 0 0 0 0 0 0 0 4096 0 0 0 0 0 0 0 4096 0 0 0 0 0 0 0
4096 0 0 0 0 0 0 0 4096 0 0 0 0 0 0 0 3811 285 0 0 0 0 0 0
0 0 0 4096 0 0 0 0 0 0 0 0 2894 1202 0 0 0 0 0 0 0 2080 2016 0
0 0 0 3350 746 0 0 0 0 0 0 0 503 3593 0 0 0 0 0 0 0 1628 2468 0
0 0 0 4053 43 0 0 0 0 0 0 0 1697 2399 0 0 0 0 0 0 0 1663 2433 0
0 0 0 3961 135 0 0 0 0 0 0 0 2903 1193 0 0 0 0 0 0 0 2343 1753 0
1341 1525 95 824 310 1 0 0 0 1748 1095 97 670 485 1 0 0 546 2187 156 74 742 391 0
2959 1137 0 0 0 0 0 0 0 3768 328 0 0 0 0 0 0 2001 2095 0 0 0 0 0
2155 1941 0 0 0 0 0 0 0 3166 930 0 0 0 0 0 0 2105 1991 0 0 0 0 0
3566 530 0 0 0 0 0 0 0 4035 61 0 0 0 0 0 0 3899 197 0 0 0 0 0
4060 36 0 0 0 0 0 0 0 4096 0 0 0 0 0 0 0 4081 15 0 0 0 0 0
4092 4 0 0 0 0 0 0 511 3585 0 0 0 0 0 0 0 4096 0 0 0 0 0 0
3939 157 0 0 0 0 0 0 584 3512 0 0 0 0 0 0 0 4096 0 0 0 0 0 0
4096 0 0 0 0 0 0 0 2936 1160 0 0 0 0 0 0 0 4096 0 0 0 0 0 0
4096 0 0 0 0 0 0 0 3968 128 0 0 0 0 0 0 0 4096 0 0 0 0 0 0
4096 0 0 0 0 0 0 0 2837 1259 0 0 0 0 0 0 118 3978 0 0 0 0 0 0
4088 8 0 0 0 0 0 0 2781 1315 0 0 0 0 0 0 161 3935 0 0 0 0 0 0
4096 0 0 0 0 0 0 0 4095 1 0 0 0 0 0 0 2415 1681 0 0 0 0 0 0
4096 0 0 0 0 0 0 0 4078 18 0 0 0 0 0 0 2855 1241 0 0 0 0 0 0
4096 0 0 0 0 0 0 0 4091 5 0 0 0 0 0 0 2342 1754 0 0 0 0 0 0
4096 0 0 0 0 0 0 0 4096 0 0 0 0 0 0 0 4096 0 0 0 0 0 0 0
4096 0 0 0 0 0 0 0 4096 0 0 0 0 0 0 0 4096 0 0 0 0 0 0 0
0 0 0 4096 0 0 0 0 0 0 0 0 4011 85 0 0 0 0 0 0 0 4096 0 0
0 0 0 3945 151 0 0 0 0 0 0 0 3294 802 0 0 0 0 0 0 0 4045 51 0
0 0 0 3263 833 0 0 0 0 0 0 0 2581 1515 0 0 0 0 0 0 0 3970 126 0
118 187 35 3756 0 0 0 0 0 184 115 34 3627 136 0 0 0 0 258 48 32 3758 0 0
1215 2657 40 184 0 0 0 0 0 3306 556 32 187 15 0 0 0 573 3255 46 35 187 0 0
3230 861 5 0 0 0 0 0 0 4031 63 2 0 0 0 0 0 3002 1088 6 0 0 0 0
3356 740 0 0 0 0 0 0 0 4051 45 0 0 0 0 0 0 3884 212 0 0 0 0 0
3909 187 0 0 0 0 0 0 0 4096 0 0 0 0 0 0 0 4093 3 0 0 0 0 0
4096 0 0 0 0 0 0 0 0 4096 0 0 0 0 0 0 0 4096 0 0 0 0 0 0
4081 15 0 0 0 0 0 0 14 4082 0 0 0 0 0 0 0 4096 0 0 0 0 0 0
3924 172 0 0 0 0 0 0 27 4069 0 0 0 0 0 0 0 4090 6 0 0 0 0 0
4096 0 0 0 0 0 0 0 944 3152 0 0 0 0 0 0 0 4096 0 0 0 0 0 0
4096 0 0 0 0 0 0 0 624 3472 0 0 0 0 0 0 0 4096 0 0 0 0 0 0
4096 0 0 0 0 0 0 0 1968 2128 0 0 0 0 0 0 0 4096 0 0 0 0 0 0
4049 47 0 0 0 0 0 0 1632 2464 0 0 0 0 0 0 0 4096 0 0 0 0 0 0
4014 82 0 0 0 0 0 0 3668 428 0 0 0 0 0 0 886 3210 0 0 0 0 0 0
4096 0 0 0 0 0 0 0 4096 0 0 0 0 0 0 0 4022 74 0 0 0 0 0 0
4096 0 0 0 0 0 0 0 4096 0 0 0 0 0 0 0 4090 6 0 0 0 0 0 0
4096 0 0 0 0 0 0 0 4096 0 0 0 0 0 0 0 4096 0 0 0 0 0 0 0
4096 0 0 0 0 0 0 0 4096 0 0 0 0 0 0 0 4096 0 0 0 0 0 0 0
0 0 0 4096 0 0 0 0 0 0 0 0 4096 0 0 0 0 0 0 0 0 4096 0 0
0 0 0 4096 0 0 0 0 0 0 0 0 4096 0 0 0 0 0 0 0 0 4096 0 0
0 0 0 4096 0 0 0 0 0 0 0 0 4096 0 0 0 0 0 0 0 0 4096 0 0
3 1219 360 2514 0 0 0 0 0 247 1060 262 2527 0 0 0 0 0 1132 353 135 2476 0 0
2 4035 59 0 0 0 0 0 0 1511 2585 0 0 0 0 0 0 43 4053 0 0 0 0 0
850 3232 14 0 0 0 0 0 0 3266 829 1 0 0 0 0 0 1501 2591 4 0 0 0 0
1096 3000 0 0 0 0 0 0 0 4096 0 0 0 0 0 0 0 2480 1616 0 0 0 0 0
2040 2056 0 0 0 0 0 0 0 4096 0 0 0 0 0 0 0 3448 648 0 0 0 0 0
2557 1539 0 0 0 0 0 0 0 4096 0 0 0 0 0 0 0 4016 80 0 0 0 0 0
3389 707 0 0 0 0 0 0 0 4096 0 0 0 0 0 0 0 4096 0 0 0 0 0 0
3391 705 0 0 0 0 0 0 0 4096 0 0 0 0 0 0 0 4096 0 0 0 0 0 0
3269 827 0 0 0 0 0 0 0 4096 0 0 0 0 0 0 0 4096 0 0 0 0 0 0
3537 559 0 0 0 0 0 0 0 4096 0 0 0 0 0 0 0 4096 0 0 0 0 0 0
3405 691 0 0 0 0 0 0 125 3971 0 0 0 0 0 0 0 4096 0 0 0 0 0 0
3795 301 0 0 0 0 0 0 79 4017 0 0 0 0 0 0 0 4096 0 0 0 0 0 0
4086 10 0 0 0 0 0 0 1813 2283 0 0 0 0 0 0 104 3992 0 0 0 0 0 0
4096 0 0 0 0 0 0 0 3896 200 0 0 0 0 0 0 1402 2694 0 0 0 0 0 0
4096 0 0 0 0 0 0 0 4088 8 0 0 0 0 0 0 1774 2322 0 0 0 0 0 0
4096 0 0 0 0 0 0 0 4096 0 0 0 0 0 0 0 4072 24 0 0 0 0 0 0
4096 0 0 0 0 0 0 0 4096 0 0 0 0 0 0 0 4096 0 0 0 0 0 0 0
0 1 2533 1562 0 0 0 0 0 0 13 2491 1592 0 0 0 0 0 0 2335 221 1540 0 0
0 0 2113 1728 137 115 3 0 0 0 0 2170 1690 158 78 0 0 0 0 1895 400 1662 134 5
0 0 1583 2163 178 140 32 0 0 0 0 1778 2009 165 138 6 0 0 0 1318 825 1767 147 39
0 1141 1717 998 132 65 40 3 0 0 1263 1800 843 109 52 29 0 0 974 1879 563 581 61 38
0 2065 464 861 324 246 134 2 0 0 2339 585 652 307 186 27 0 0 2203 560 729 364 186 54
0 1997 1019 542 399 131 8 0 0 424 1892 889 580 289 21 1 0 1 2203 947 526 383 34 2
0 2223 706 611 161 194 192 9 0 1274 1116 1009 227 183 208 79 0 0 2347 906 349 167 209 118
0 2330 325 544 132 252 503 10 0 1138 1468 361 310 180 475 164 0 0 2565 237 446 166 423 259
0 2575 273 860 184 110 94 0 0 1919 793 555 552 123 145 9 0 197 2448 392 738 147 125 49
16 2697 271 649 325 80 58 0 0 2263 587 336 704 126 75 5 0 448 2253 301 777 205 75 37
0 2777 309 304 392 308 6 0 0 2199 754 238 434 323 148 0 0 1040 1792 294 348 350 270 2
0 2602 497 246 197 519 35 0 0 2121 845 343 106 406 270 5 0 1056 1696 420 193 244 478 9
24 2693 467 159 72 593 88 0 0 2429 653 228 66 406 313 1 0 1459 1415 350 137 123 575 37
280 2796 245 63 161 497 54 0 0 2847 355 167 88 422 217 0 0 2153 984 202 60 261 420 16
378 2758 104 60 263 532 1 0 0 2959 265 46 146 617 63 0 0 2493 716 44 99 507 237 0
1963 1393 124 150 354 112 0 0 64 3203 161 128 294 236 10 0 0 3048 330 116 191 336 75 0
2619 962 281 162 68 4 0 0 1026 2477 291 160 124 18 0 0 0 3297 300 312 142 45 0 0
2694 783 300 127 80 77 35 0 1812 1544 299 196 95 77 73 0 0 3131 321 320 145 84 90 5
3106 663 252 25 34 15 1 0 2135 1487 372 38 31 23 10 0 643 2872 376 127 27 37 14 0
3154 534 283 88 37 0 0 0 2627 887 445 94 43 0 0 0 1960 1481 513 116 26 0 0 0
0 0 1046 1214 483 1163 190 0 0 0 0 1498 873 802 887 36 0 0 0 889 1303 402 1363 139
0 0 527 695 632 1808 434 0 0 0 1 797 614 984 1632 68 0 0 1 682 487 676 1911 339
0 0 8 43 451 1956 1501 137 0 0 0 21 146 907 2382 640 0 0 0 14 78 542 2416 1046
0 0 1 666 213 1195 1850 171 0 0 0 498 213 458 1860 1067 0 0 0 351 326 252 1701 1466
0 0 76 1479 170 617 1494 260 0 0 0 1122 478 398 968 1130 0 0 0 747 826 254 809 1460
0 0 425 1037 135 448 1202 849 0 0 0 1068 435 307 765 1521 0 0 0 682 794 178 777 1665
0 0 933 322 133 809 914 985 0 0 0 1128 176 308 1102 1382 0 0 0 985 276 156 1104 1575
0 0 337 612 402 1390 1070 285 0 0 0 695 399 975 1315 712 0 0 0 377 583 580 1648 908
0 0 37 372 416 2222 892 157 0 0 0 279 280 1420 1729 388 0 0 0 108 327 609 2386 666
0 0 2 128 380 2131 834 621 0 0 0 60 241 1377 1527 891 0 0 0 8 152 655 2223 1058
0 0 0 2 364 1953 1477 300 0 0 0 0 97 1358 2086 555 0 0 0 0 17 648 2603 828
0 0 0 2 339 2021 1275 459 0 0 0 0 43 1529 1678 846 0 0 0 0 2 695 2274 1125
0 0 0 0 404 2107 1206 379 0 0 0 0 64 1733 1368 931 0 0 0 0 4 761 2082 1249
0 0 1 39 567 2466 1015 8 0 0 0 32 104 2044 1744 172 0 0 0 26 24 944 2543 559
0 7 29 438 1458 2012 152 0 0 0 25 288 822 2150 795 16 0 0 25 144 612 1668 1574 73
0 49 310 325 1226 1983 201 2 0 52 310 210 628 2014 879 3 0 59 313 195 313 1649 1507 60
230 653 793 698 722 951 49 0 51 806 780 660 450 1096 253 0 6 817 791 652 249 947 633 1
44 1082 1229 463 187 411 671 9 44 1029 1251 481 184 173 811 123 74 1273 1037 438 155 94 744 281
169 1010 1882 887 132 8 8 0 100 980 1921 941 138 5 10 1 354 1371 1474 794 88 4 8 3
32 801 2166 883 212 2 0 0 7 727 2208 911 239 4 0 0 188 1817 1200 753 138 0 0 0
0 0 0 0 1 375 2293 1427 0 0 0 0 0 50 1411 2635 0 0 0 0 0 9 1145 2942
0 0 0 0 2 480 3070 544 0 0 0 0 0 57 1269 2770 0 0 0 0 0 10 987 3099
0 0 0 0 11 647 2321 1117 0 0 0 0 0 197 983 2916 0 0 0 0 0 17 945 3134
0 0 0 0 69 896 2166 965 0 0 0 0 4 406 1141 2545 0 0 0 0 0 64 1178 2854
0 0 0 3 231 1349 1986 527 0 0 0 0 4 876 1097 2119 0 0 0 0 3 357 1400 2336
0 0 0 0 471 2044 1568 13 0 0 0 0 0 1620 1698 778 0 0 0 0 0 746 2202 1148
0 0 0 0 537 3215 344 0 0 0 0 0 25 1901 2104 66 0 0 0 0 0 654 3164 278
0 0 0 0 944 2934 218 0 0 0 0 0 92 2743 1250 11 0 0 0 0 4 1400 2581 111
0 0 0 54 1050 2818 174 0 0 0 0 3 334 2815 940 4 0 0 0 0 149 1727 2157 63
0 0 0 139 1699 2025 230 3 0 0 0 5 768 2410 899 14 0 0 0 1 378 2126 1465 126
0 16 108 263 1353 2102 254 0 0 0 103 83 666 2436 800 8 0 0 78 62 511 1892 1429 124
0 89 519 100 630 2528 229 1 0 1 552 122 182 2102 1133 4 0 0 491 166 122 1316 1942 59
0 159 396 191 485 2452 412 1 0 104 348 236 241 1704 1447 16 0 87 273 277 210 938 2215 96
44 2170 1208 157 139 342 35 1 1 1700 1679 172 109 318 115 2 1 1324 2015 198 94 231 224 9
149 2375 1211 249 65 40 7 0 31 2256 1451 252 59 31 16 0 4 2192 1549 247 61 23 20 0
711 2157 954 240 34 0 0 0 342 2438 1041 242 33 0 0 0 28 2631 1146 258 33 0 0 0
856 1177 1471 537 50 4 1 0 607 1297 1155 973 59 4 1 0 110 1709 1114 1106 52 4 1 0
785 1946 1096 269 0 0 0 0 472 2223 1099 302 0 0 0 0 214 2368 1192 322 0 0 0 0
227 1252 1448 892 241 36 0 0 166 1307 1439 903 241 40 0 0 144 1420 1472 829 210 21 0 0
119 1447 1621 648 186 67 8 0 74 1325 1709 712 194 73 9 0 184 1556 1492 592 193 71 8 0
0 24 1046 1085 421 1141 366 13 0 19 832 1274 325 410 1102 134 8 451 1183 665 166 205 1113 305
0 16 608 1148 586 1034 614 90 0 10 421 1273 543 501 1045 303 0 161 915 823 376 244 1033 544
0 14 584 493 512 1632 826 35 0 8 422 601 447 793 1536 289 0 161 458 528 516 494 1385 554
0 16 667 292 314 1429 1250 128 0 0 580 330 208 536 1832 610 0 5 646 288 190 327 1599 1041
0 81 764 362 263 1533 1040 53 0 5 680 428 220 536 1791 436 0 10 646 429 222 271 1727 791
0 27 727 1117 541 994 654 36 0 0 508 1344 384 642 1079 139 0 11 895 968 315 472 1108 327
0 35 507 874 806 1129 721 24 0 15 465 1040 515 657 1250 154 0 40 715 976 242 404 1286 433
1 317 1029 695 774 980 286 14 0 245 1043 715 609 725 682 77 0 233 1196 727 383 431 936 190
0 356 1779 733 442 651 133 2 0 228 1665 852 390 580 360 21 0 275 1534 902 356 377 583 69
0 1076 1045 874 781 309 11 0 0 118 1800 869 728 502 79 0 0 75 1753 912 641 557 155 3
45 1891 676 773 589 122 0 0 0 634 1829 666 617 347 3 0 0 268 2136 617 605 449 21 0
42 1714 1344 603 292 71 30 0 6 793 1932 803 429 55 77 1 0 382 2103 1021 441 65 77 7
617 1035 1800 362 183 46 53 0 395 1177 1561 666 195 37 65 0 231 1327 1442 772 214 38 59 13
19 763 2081 1074 124 35 0 0 13 516 2374 1061 108 24 0 0 18 337 2605 1019 101 16 0 0
156 3243 396 215 61 19 6 0 15 3109 625 279 36 21 11 0 5 1357 2338 294 67 21 14 0
100 2369 681 874 72 0 0 0 9 2138 944 926 79 0 0 0 8 1392 1658 953 85 0 0 0
157 2184 1140 595 18 2 0 0 81 2019 1333 627 33 3 0 0 59 1858 1563 580 32 4 0 0
396 1861 925 724 189 1 0 0 276 1779 1035 750 247 9 0 0 228 1729 1098 802 230 9 0 0
198 984 1384 1027 485 18 0 0 129 967 1360 1055 566 19 0 0 86 1040 1366 1047 543 14 0 0
44 823 1032 1496 586 110 5 0 16 773 1067 1463 658 113 6 0 22 774 1104 1417 674 100 5 0
0 6 2332 1443 303 11 1 0 0 2 1263 2526 291 13 1 0 0 1533 1998 433 131 1 0 0
0 9 2010 2006 64 7 0 0 0 0 1686 2338 66 6 0 0 0 2017 1981 73 25 0 0 0
0 2 2374 1642 76 2 0 0 0 2 1709 2292 91 2 0 0 1 1971 1984 88 52 0 0 0
0 5 1827 2028 161 43 32 0 0 4 1451 2410 128 36 48 19 3 1574 2258 119 73 42 27 0
0 89 2765 1128 108 6 0 0 0 51 2308 1609 117 10 1 0 34 2666 1214 157 23 2 0 0
0 76 3071 947 2 0 0 0 0 14 2494 1582 6 0 0 0 12 2872 1207 5 0 0 0 0
0 8 3419 657 12 0 0 0 0 0 2782 1305 9 0 0 0 7 3437 638 14 0 0 0 0
0 20 2623 1290 153 10 0 0 0 11 2493 1458 131 3 0 0 12 2802 1122 152 8 0 0 0
0 11 1551 2357 155 22 0 0 0 27 2010 1944 96 19 0 0 0 1824 2059 167 39 7 0 0
0 35 900 2743 350 50 18 0 0 40 1177 2645 169 50 15 0 2 898 2574 510 66 44 2 0
8 245 677 2181 695 253 35 2 9 255 782 2277 509 239 24 1 11 489 2052 1064 276 195 9 0
59 249 384 1849 1351 161 41 2 129 702 743 1719 646 133 24 0 67 1068 1174 1358 308 95 23 3
3 94 421 1835 1570 167 6 0 2 105 491 1989 1362 141 6 0 7 159 979 2142 713 91 5 0
24 185 453 1509 1641 284 0 0 31 187 501 1675 1400 301 1 0 49 195 641 1889 1085 237 0 0
43 423 382 1811 1074 330 33 0 3 446 543 1753 993 323 35 0 10 390 958 1715 718 288 17 0
5 230 882 1370 1258 330 20 1 13 230 993 1373 1116 354 17 0 38 242 1143 1341 1024 292 16 0
2 311 863 1223 995 449 225 28 0 302 924 1232 953 439 224 22 15 450 1137 1057 880 346 202 9
37 336 699 1478 1374 156 16 0 20 290 747 1519 1344 160 16 0 39 322 739 1590 1263 128 15 0
46 194 472 2090 1266 28 0 0 33 183 474 2058 1306 42 0 0 35 183 542 2183 1118 35 0 0
5 120 500 2385 1079 7 0 0 0 104 474 2347 1161 10 0 0 3 107 498 2312 1166 10 0 0
0 0 34 1492 2545 25 0 0 0 0 33 1175 2848 40 0 0 0 3 137 1848 2091 17 0 0
0 1 99 1609 2162 225 0 0 0 1 89 1404 2279 323 0 0 0 42 228 2144 1602 80 0 0
0 3 71 1537 1982 502 1 0 0 2 55 1395 1801 840 3 0 0 17 188 1874 1597 419 1 0
0 16 463 1638 1852 127 0 0 0 8 436 1564 1875 213 0 0 1 354 691 1550 1375 125 0 0
0 3 557 1649 1858 29 0 0 0 0 381 1718 1959 38 0 0 3 355 802 1603 1325 8 0 0
0 16 512 1537 1957 74 0 0 0 4 438 1537 2045 72 0 0 4 304 756 1519 1483 30 0 0
0 9 1110 1366 1548 62 1 0 0 7 1030 1623 1386 49 1 0 14 1001 779 1534 750 18 0 0
0 0 1301 1911 843 41 0 0 0 1 1360 2120 592 23 0 0 0 1519 1117 1264 195 1 0 0
0 12 834 2414 790 45 1 0 1 15 1282 2165 600 32 1 0 8 1080 1275 1462 251 20 0 0
0 4 965 1671 1328 128 0 0 0 3 1116 1513 1326 138 0 0 0 894 986 971 1167 78 0 0
0 0 675 2507 888 26 0 0 0 0 539 2619 912 26 0 0 0 515 697 2071 789 24 0 0
0 0 43 3554 490 9 0 0 0 0 55 3616 420 5 0 0 0 12 316 3485 283 0 0 0
0 0 58 3870 160 4 4 0 0 0 81 3892 115 4 4 0 0 3 289 3761 36 4 3 0
0 0 20 3694 380 2 0 0 0 0 24 3771 301 0 0 0 0 0 146 3846 104 0 0 0
0 0 16 3663 400 13 4 0 0 0 41 3823 222 8 2 0 0 1 255 3768 65 6 1 0
0 0 25 3882 189 0 0 0 0 0 83 3931 82 0 0 0 0 5 383 3693 15 0 0 0
0 0 2 3836 257 1 0 0 0 0 10 3925 160 1 0 0 0 0 40 4011 45 0 0 0
0 1 32 3962 93 6 2 0 0 1 43 3968 76 6 2 0 0 2 54 3975 58 5 2 0
0 0 8 4064 24 0 0 0 0 0 8 4063 25 0 0 0 0 0 9 4067 20 0 0 0
33 91 72 3895 5 0 0 0 15 104 66 3855 56 0 0 0 10 108 65 3790 123 0 0 0
0 0 6 1712 2376 2 0 0 0 0 2 1033 3057 4 0 0 0 0 2 1196 2894 4 0 0
0 0 9 1343 2734 10 0 0 0 0 4 955 3119 18 0 0 0 0 10 1290 2785 11 0 0
0 0 23 1245 2776 52 0 0 0 0 21 963 3025 87 0 0 0 0 27 1368 2647 54 0 0
0 0 6 895 3121 72 2 0 0 0 6 762 3247 79 2 0 0 0 7 992 3037 59 1 0
0 0 17 901 3134 43 1 0 0 0 14 847 3184 50 1 0 0 0 21 1159 2890 25 1 0
0 0 5 987 3084 20 0 0 0 0 5 962 3109 20 0 0 0 0 7 1124 2947 18 0 0
0 0 8 1206 2720 154 8 0 0 0 11 1292 2653 135 5 0 0 0 48 1973 1976 97 2 0
2 11 100 1447 2384 134 17 1 2 12 161 1877 1941 93 9 1 2 24 298 2371 1339 58 4 0
0 52 283 2214 1454 92 1 0 0 48 312 2396 1259 80 1 0 1 64 435 2656 888 52 0 0
2 64 126 999 2656 249 0 0 2 64 126 999 2656 249 0 0 2 64 126 999 2656 249 0 0
0 0 33 1371 2665 26 1 0 0 0 33 1371 2665 26 1 0 0 0 33 1371 2665 26 1 0
0 0 23 2434 1638 1 0 0 0 0 23 2434 1638 1 0 0 0 0 23 2434 1638 1 0 0
0 0 32 3004 1060 0 0 0 0 0 32 3004 1060 0 0 0 0 0 32 3004 1060 0 0 0
0 3 23 3417 634 19 0 0 0 3 22 3447 605 19 0 0 0 3 44 3243 787 19 0 0
0 0 65 3522 505 4 0 0 0 0 65 3525 502 4 0 0 0 0 65 3480 547 4 0 0
3 21 128 3505 428 11 0 0 3 21 128 3509 424 11 0 0 3 21 128 3449 484 11 0 0
0 13 139 3587 352 5 0 0 0 13 140 3599 339 5 0 0 0 13 135 3526 415 7 0 0
0 0 0 3650 446 0 0 0 0 0 1 3701 394 0 0 0 0 0 0 3335 761 0 0 0
0 0 14 3832 250 0 0 0 0 0 14 3788 294 0 0 0 0 0 14 3508 574 0 0 0
0 0 5 3869 222 0 0 0 0 0 3 3633 460 0 0 0 0 0 3 3332 761 0 0 0
