0 90 1937 1657 412 0 0 0 0 75 2745 1276 0 0 0 0 0 0 543 3210 343 0 0 0
0 0 139 1530 1701 726 0 0 0 0 416 2584 1096 0 0 0 0 0 0 668 3242 186 0 0
0 0 0 121 1519 1633 823 0 0 0 0 1110 2424 562 0 0 0 0 0 0 1519 2577 0 0
0 0 0 0 622 1594 1880 0 0 0 0 150 2169 1777 0 0 0 0 0 0 456 3531 109 0
0 0 0 399 1956 1562 179 0 0 0 474 3023 599 0 0 0 0 15 1489 2275 317 0 0 0
309 51 23 13 45 994 2602 59 341 37 16 255 2777 670 0 0 351 35 408 1003 2105 194 0 0
62 444 15 14 21 20 1868 1652 182 336 19 28 302 2723 506 0 282 255 121 476 1189 1773 0 0
638 19 14 17 14 12 508 2874 649 19 19 13 14 602 2779 1 659 31 16 276 794 2285 35 0
266 478 1758 1342 235 17 0 0 298 1841 1941 16 0 0 0 0 296 3195 605 0 0 0 0 0
1422 338 330 703 991 256 56 0 1476 485 1692 440 3 0 0 0 1517 1364 1215 0 0 0 0 0
1200 873 515 225 419 673 180 11 1408 1046 601 969 72 0 0 0 1512 1132 1447 5 0 0 0 0
1996 778 679 370 139 86 45 3 2117 1132 683 141 20 3 0 0 2219 1355 514 8 0 0 0 0
2431 1518 147 0 0 0 0 0 2490 1604 2 0 0 0 0 0 2163 1933 0 0 0 0 0 0
1159 1892 835 200 10 0 0 0 1212 2311 573 0 0 0 0 0 1018 2966 112 0 0 0 0 0
271 1492 1184 894 228 27 0 0 335 2067 1552 142 0 0 0 0 165 3020 911 0 0 0 0 0
24 1117 1077 950 558 329 41 0 40 1651 1748 655 2 0 0 0 63 2350 1678 5 0 0 0 0
