0 0 0 0 176 3763 157 0 0 0 0 0 8 3713 375 0 0 0 0 0 0 0 4034 62
0 0 0 0 254 3592 250 0 0 0 0 0 19 3538 539 0 0 0 0 0 0 0 4026 70
0 0 0 0 544 3424 128 0 0 0 0 0 82 3756 258 0 0 0 0 0 0 0 4029 67
0 0 0 0 48 3836 212 0 0 0 0 0 0 3692 404 0 0 0 0 0 0 0 4038 58
0 0 0 1512 1748 836 0 0 0 0 0 1 2775 1320 0 0 0 0 0 0 0 775 3321 0
1 242 295 157 2174 1227 0 0 0 167 357 35 1870 1667 0 0 0 19 447 71 31 381 3147 0
2 648 1049 239 852 1281 22 3 5 709 977 170 643 1555 23 14 0 169 1468 78 51 429 1867 34
0 300 1509 276 669 1340 2 0 0 371 1433 205 648 1436 3 0 0 31 925 865 147 539 1586 3
209 737 577 1369 1194 10 0 0 190 735 594 114 2375 88 0 0 85 685 720 64 58 1975 509 0
102 381 270 1364 1614 196 121 48 90 386 196 460 2450 316 107 91 2 253 304 185 402 2414 381 155
548 1240 732 1058 460 47 9 2 485 1275 456 1036 742 82 17 3 21 1201 680 587 822 701 71 13
82 338 350 717 1931 367 272 39 55 331 263 497 2116 550 237 47 0 127 352 317 456 2192 506 146
966 1214 493 500 227 170 310 216 845 1272 429 433 361 194 296 266 524 1217 596 290 336 422 298 413
0 15 47 1313 737 604 993 387 0 14 30 667 1216 651 1008 510 0 7 29 14 677 1382 1019 968
0 52 177 1538 692 559 805 273 0 2 184 947 1273 667 733 290 0 0 73 145 1149 1420 856 453
0 0 0 96 465 491 2636 408 0 0 0 7 500 2081 1222 286 0 0 0 2 1392 1530 754 418
