0 604 1883 1196 217 129 50 17 0 229 1848 1423 391 138 53 14 0 146 1737 1190 800 162 48 13
0 599 1681 1409 226 116 59 6 0 84 1574 1615 634 125 58 6 0 1 592 1727 1371 322 75 8
0 131 790 1144 702 525 209 595 0 11 610 1116 959 574 215 611 0 0 138 1034 1187 774 317 646
0 0 59 64 206 594 116 3057 0 0 24 87 77 103 614 3191 0 0 1 78 84 65 57 3811
6 406 717 2065 577 231 79 15 1 333 708 2030 697 240 78 9 0 190 686 1705 1160 268 81 6
16 176 833 1037 651 609 582 192 2 129 726 1123 762 637 577 140 0 79 754 959 934 681 579 110
0 91 1068 1401 622 489 320 105 0 16 454 1470 1233 517 319 87 0 1 116 865 1555 884 561 114
0 59 353 1992 874 339 321 158 0 25 78 313 1541 1511 487 141 0 0 31 196 339 437 1777 1316
17 209 518 1329 636 331 317 739 5 159 430 1498 641 360 330 673 3 128 330 1285 944 436 386 584
24 582 2053 964 248 165 50 10 1 201 665 1480 1418 256 64 11 0 95 286 869 878 1276 655 37
55 194 1614 1772 204 152 80 25 3 187 604 753 2218 237 77 17 0 104 467 699 375 630 1801 20
12 124 877 2355 217 174 209 128 0 108 532 448 1692 973 243 100 0 60 463 508 168 272 2118 507
271 451 467 644 1048 333 361 521 209 462 378 864 1013 314 382 474 95 503 350 885 1041 370 416 436
261 434 1223 1084 379 251 229 235 138 428 446 883 1276 420 275 230 29 456 390 461 525 1176 785 274
157 833 1827 1071 88 52 39 29 38 425 947 718 1647 226 56 39 0 263 717 473 363 1052 1140 88
206 980 1460 986 201 118 102 43 53 415 1139 947 950 445 113 34 2 272 642 973 608 598 850 151
