220 1518 1662 470 122 57 36 11 208 1635 1608 418 111 61 36 19 477 2006 1191 214 100 55 39 14
51 431 1324 595 135 81 55 1424 53 539 1345 486 117 78 54 1424 67 831 1308 247 105 70 53 1415
0 73 58 24 18 15 19 3889 0 75 58 22 19 14 19 3889 0 91 53 15 19 16 17 3885
0 0 0 0 0 0 0 4096 0 0 0 0 0 0 0 4096 0 0 0 0 0 0 0 4096
956 1415 1084 343 128 121 47 2 954 1542 1057 294 121 113 15 0 1145 1666 848 230 127 76 4 0
326 1710 1378 481 121 57 23 0 341 1887 1343 371 105 43 6 0 478 2035 1239 220 86 32 6 0
21 630 1237 753 393 264 169 629 38 836 1274 672 326 182 153 615 55 1032 1227 593 286 160 141 602
17 35 79 116 166 1534 227 1922 11 41 94 101 46 120 1652 2031 0 40 76 125 50 36 1270 2499
51 1611 1050 339 330 322 274 119 61 212 1584 965 727 324 207 16 90 217 1435 1166 756 306 125 1
181 1510 1898 272 74 103 56 2 131 480 980 936 1424 120 25 0 45 362 783 909 1634 352 11 0
86 195 1174 1320 906 312 90 13 86 119 264 416 1417 1366 417 11 68 114 205 395 702 1716 874 22
201 137 219 388 1831 1278 42 0 211 168 221 128 120 1393 1846 9 191 155 222 153 114 530 2529 202
0 86 1166 1699 596 430 112 7 0 3 109 1053 1831 806 276 18 2 1 63 985 2126 734 177 8
0 16 535 2923 618 4 0 0 0 0 2 251 2335 1491 17 0 0 0 0 139 1719 2205 33 0
0 0 18 1368 2389 320 1 0 0 0 0 0 488 2859 746 3 0 0 0 0 114 2594 1372 16
57 51 200 843 1998 944 3 0 39 39 41 189 754 1935 1097 2 26 28 29 49 333 1586 1996 49
