0 4096 0 0 0 0 0 0 0 2 4094 0 0 0 0 0 0 0 4096 0 0 0 0 0
0 3686 410 0 0 0 0 0 0 0 4096 0 0 0 0 0 0 0 4096 0 0 0 0 0
0 256 3840 0 0 0 0 0 0 0 4096 0 0 0 0 0 0 0 3243 853 0 0 0 0
0 0 4096 0 0 0 0 0 0 0 3527 569 0 0 0 0 0 0 334 3762 0 0 0 0
0 0 4096 0 0 0 0 0 0 0 191 3905 0 0 0 0 0 0 0 4072 24 0 0 0
0 0 4086 10 0 0 0 0 0 0 0 4096 0 0 0 0 0 0 0 1146 2950 0 0 0
0 0 1642 2454 0 0 0 0 0 0 0 1047 3049 0 0 0 0 0 0 0 3568 528 0 0
0 0 701 3185 210 0 0 0 0 0 0 0 3903 193 0 0 0 0 0 0 263 3833 0 0
0 0 0 344 3752 0 0 0 0 0 0 0 419 3677 0 0 0 0 0 0 0 4096 0 0
0 0 683 992 2421 0 0 0 0 0 0 350 1280 2466 0 0 0 0 0 0 0 4096 0 0
0 0 77 360 2588 1071 0 0 0 0 0 29 371 3061 635 0 0 0 0 0 0 3084 1012 0
0 0 0 0 64 4021 11 0 0 0 0 0 0 207 3889 0 0 0 0 0 0 37 4059 0
0 0 0 0 0 1319 2777 0 0 0 0 0 0 0 3654 442 0 0 0 0 0 0 4096 0
0 0 0 0 0 0 4096 0 0 0 0 0 0 0 1092 3004 0 0 0 0 0 0 3348 748
0 0 0 0 0 2300 1796 0 0 0 0 0 0 0 3784 312 0 0 0 0 0 0 3970 126
0 11 37 38 50 3868 92 0 0 4 25 34 36 68 3919 10 0 5 27 30 37 70 3911 16
43 354 464 432 496 1592 709 6 14 235 424 392 432 466 1801 332 35 287 404 390 411 453 1793 323
12 266 489 302 234 2610 170 13 2 153 422 336 222 413 2444 104 28 197 431 306 204 190 2651 89
0 4 45 34 1850 2163 0 0 0 1 20 33 32 3248 762 0 0 1 31 24 32 537 3471 0
0 0 0 0 4096 0 0 0 0 0 0 0 0 4096 0 0 0 0 0 0 0 4015 81 0
0 0 0 2581 1515 0 0 0 0 0 0 0 2505 1591 0 0 0 0 0 0 0 4096 0 0
0 0 49 4047 0 0 0 0 0 0 0 6 4090 0 0 0 0 0 0 0 199 3897 0 0
0 1 1362 2733 0 0 0 0 0 0 0 1221 2875 0 0 0 0 0 0 0 1521 2575 0 0
0 0 465 2836 795 0 0 0 0 0 0 455 3191 450 0 0 0 0 0 0 1522 2574 0 0
0 0 26 1131 2939 0 0 0 0 0 0 114 2944 1038 0 0 0 0 0 0 724 3372 0 0
0 3239 857 0 0 0 0 0 0 0 4096 0 0 0 0 0 0 0 3852 244 0 0 0 0
0 1068 3028 0 0 0 0 0 0 0 4024 72 0 0 0 0 0 0 2414 1682 0 0 0 0
0 0 4096 0 0 0 0 0 0 0 3136 960 0 0 0 0 0 0 457 3639 0 0 0 0
0 0 4096 0 0 0 0 0 0 0 779 3317 0 0 0 0 0 0 0 3928 168 0 0 0
0 0 4096 0 0 0 0 0 0 0 0 4094 2 0 0 0 0 0 0 1850 2246 0 0 0
0 0 3490 606 0 0 0 0 0 0 0 2322 1774 0 0 0 0 0 0 21 4075 0 0 0
0 0 236 3860 0 0 0 0 0 0 0 0 4096 0 0 0 0 0 0 0 2159 1937 0 0
0 0 462 2921 713 0 0 0 0 0 0 0 3025 1071 0 0 0 0 0 0 0 4096 0 0
0 0 0 916 3180 0 0 0 0 0 0 0 45 4051 0 0 0 0 0 0 0 4096 0 0
0 0 0 173 3923 0 0 0 0 0 0 0 0 4096 0 0 0 0 0 0 0 4096 0 0
0 0 0 0 3461 635 0 0 0 0 0 0 0 3736 360 0 0 0 0 0 0 3439 657 0
0 0 0 0 1926 2170 0 0 0 0 0 0 0 2050 2046 0 0 0 0 0 0 618 3478 0
0 0 0 0 994 3030 72 0 0 0 0 0 0 913 3183 0 0 0 0 0 0 0 4096 0
0 0 0 0 587 2804 705 0 0 0 0 0 0 534 3558 4 0 0 0 0 0 130 3966 0
0 0 0 0 861 3221 14 0 0 0 0 0 0 765 3331 0 0 0 0 0 0 92 4004 0
0 0 0 391 1022 2683 0 0 0 0 0 0 20 1312 2764 0 0 0 0 0 0 264 3832 0
5 92 301 870 1145 1361 320 2 1 27 143 182 557 1528 1499 159 2 40 128 177 271 458 2858 162
256 1440 1138 539 374 254 90 5 157 1245 1111 615 412 306 182 68 830 993 832 525 396 276 191 53
878 1750 866 253 303 46 0 0 694 1618 996 304 155 266 63 0 1733 983 697 226 136 172 149 0
136 1289 1279 494 897 1 0 0 77 894 1240 560 401 920 4 0 479 923 854 437 340 961 102 0
174 1454 979 1475 14 0 0 0 69 1231 800 330 1616 50 0 0 927 690 481 237 271 1490 0 0
12 146 1390 2548 0 0 0 0 1 59 177 492 3367 0 0 0 19 79 120 83 108 3687 0 0
0 2 1309 2785 0 0 0 0 0 0 0 383 3713 0 0 0 0 0 0 0 0 4096 0 0
0 165 1463 1654 814 0 0 0 0 0 0 1462 2180 454 0 0 0 0 0 0 49 4047 0 0
0 36 1920 1468 672 0 0 0 0 0 0 1707 2012 377 0 0 0 0 0 0 1113 2836 147 0
0 28 4068 0 0 0 0 0 0 0 4096 0 0 0 0 0 0 0 1260 2836 0 0 0 0
0 0 4096 0 0 0 0 0 0 0 2241 1855 0 0 0 0 0 0 0 4096 0 0 0 0
0 0 4096 0 0 0 0 0 0 0 0 4096 0 0 0 0 0 0 0 2807 1289 0 0 0
0 0 4087 9 0 0 0 0 0 0 0 3900 196 0 0 0 0 0 0 9 4087 0 0 0
0 0 2736 1360 0 0 0 0 0 0 0 1127 2969 0 0 0 0 0 0 0 3734 362 0 0
0 0 310 2886 900 0 0 0 0 0 0 0 2716 1309 71 0 0 0 0 0 1125 2420 551 0
0 0 0 2283 1813 0 0 0 0 0 0 0 1428 2539 129 0 0 0 0 0 114 2254 1728 0
0 0 0 2845 1251 0 0 0 0 0 0 0 735 3361 0 0 0 0 0 0 0 2117 1979 0
0 0 0 3944 152 0 0 0 0 0 0 0 489 3607 0 0 0 0 0 0 0 2598 1498 0
0 0 0 3587 509 0 0 0 0 0 0 0 355 3741 0 0 0 0 0 0 0 4096 0 0
0 0 0 1271 2825 0 0 0 0 0 0 0 0 4096 0 0 0 0 0 0 0 3990 106 0
0 0 0 814 3282 0 0 0 0 0 0 0 0 4096 0 0 0 0 0 0 0 3766 330 0
0 0 0 805 3291 0 0 0 0 0 0 0 0 4096 0 0 0 0 0 0 0 2463 1633 0
0 0 252 1167 2677 0 0 0 0 0 0 0 0 4096 0 0 0 0 0 0 0 1448 2571 77
0 0 1477 1258 1361 0 0 0 0 0 0 0 95 4001 0 0 0 0 0 0 0 411 3446 239
9 111 3100 864 12 0 0 0 0 0 47 112 3031 906 0 0 0 0 13 38 88 201 3276 480
622 1098 1994 364 18 0 0 0 263 671 852 522 1580 208 0 0 379 568 625 441 320 341 1411 11
1817 1722 429 108 20 0 0 0 1183 1999 613 197 79 25 0 0 2343 999 429 180 92 46 7 0
1302 2594 200 0 0 0 0 0 1001 2768 327 0 0 0 0 0 3740 330 26 0 0 0 0 0
1201 2414 451 30 0 0 0 0 655 2462 850 121 8 0 0 0 2314 1224 416 117 24 1 0 0
1708 2059 325 4 0 0 0 0 1016 2441 587 52 0 0 0 0 2729 1069 267 31 0 0 0 0
113 1003 1120 1638 217 5 0 0 31 544 973 538 1145 858 7 0 264 571 685 455 329 1310 482 0
0 7 782 2553 754 0 0 0 0 0 0 271 2037 1788 0 0 0 0 0 0 0 2789 1307 0
0 101 1465 1801 729 0 0 0 0 0 0 1019 1366 1711 0 0 0 0 0 0 0 3792 304 0
0 0 264 2011 1821 0 0 0 0 0 0 1 1700 2395 0 0 0 0 0 0 0 3278 818 0
0 0 4096 0 0 0 0 0 0 0 2955 1141 0 0 0 0 0 0 219 3784 93 0 0 0
0 0 3913 183 0 0 0 0 0 0 379 3361 356 0 0 0 0 0 0 2997 1099 0 0 0
0 0 2521 1575 0 0 0 0 0 0 0 2314 1622 160 0 0 0 0 0 597 2424 1075 0 0
0 0 1051 1637 1408 0 0 0 0 0 0 551 1874 1671 0 0 0 0 0 0 1660 2187 249 0
0 0 52 2064 1539 441 0 0 0 0 0 0 1713 1510 873 0 0 0 0 0 435 1912 1749 0
0 0 0 527 2728 841 0 0 0 0 0 0 334 1313 2449 0 0 0 0 0 0 722 3370 4
0 0 0 0 4033 63 0 0 0 0 0 0 0 2477 1619 0 0 0 0 0 0 0 4070 26
0 0 0 176 2773 1146 1 0 0 0 0 0 0 2178 1804 114 0 0 0 0 0 0 2904 1192
0 0 0 2502 1564 30 0 0 0 0 0 0 91 2962 1043 0 0 0 0 0 0 367 3344 385
0 0 0 2230 1866 0 0 0 0 0 0 0 156 2921 1019 0 0 0 0 0 0 1652 2444 0
0 0 0 2297 1707 92 0 0 0 0 0 0 243 3035 818 0 0 0 0 0 0 2008 2075 13
0 0 0 2485 1611 0 0 0 0 0 0 0 13 3850 233 0 0 0 0 0 0 1833 2263 0
0 0 0 1485 2523 76 12 0 0 0 0 0 0 3794 235 67 0 0 0 0 0 288 3614 194
0 0 1019 2078 522 378 99 0 0 0 0 0 0 3164 630 302 0 0 0 0 0 0 1486 2610
0 0 1203 740 676 760 549 168 0 0 0 0 0 1931 961 1204 0 0 0 0 0 0 835 3261
67 465 1842 652 386 321 276 87 4 90 561 471 370 1722 440 438 8 160 410 405 350 292 459 2012
868 1842 1033 240 43 35 21 14 220 1330 1505 565 258 132 55 31 578 1188 1053 572 295 191 121 98
1298 1780 923 89 6 0 0 0 788 1642 1336 216 83 29 2 0 1640 1527 515 207 130 45 28 4
2117 1726 243 10 0 0 0 0 1509 2087 435 61 4 0 0 0 3259 589 187 53 8 0 0 0
1772 1832 416 62 13 1 0 0 1186 2016 623 197 52 20 2 0 2733 726 367 158 72 28 12 0
420 2761 714 139 45 11 6 0 190 2502 1027 243 88 32 10 4 2556 883 357 155 101 31 9 4
153 1129 1154 623 664 322 51 0 35 568 1184 744 497 615 389 64 248 766 847 648 463 480 531 113
5 51 1018 1715 1300 7 0 0 0 10 42 59 1614 2259 112 0 0 8 35 53 59 204 3722 15
0 0 2901 1084 79 32 0 0 0 0 0 0 3251 762 83 0 0 0 0 0 0 1000 3038 58
141 501 3175 257 22 0 0 0 143 427 308 276 2929 13 0 0 691 175 109 74 111 2199 737 0
0 0 2885 1211 0 0 0 0 0 0 0 2768 1321 7 0 0 0 0 0 1366 1922 808 0 0
0 0 1998 1359 739 0 0 0 0 0 0 1234 1392 1470 0 0 0 0 0 0 2425 1664 7 0
0 0 12 2148 1289 647 0 0 0 0 0 0 2039 979 1078 0 0 0 0 0 1004 1486 1606 0
0 0 0 1036 1647 1399 14 0 0 0 0 0 348 1856 1746 146 0 0 0 0 0 1980 1958 158
0 0 0 0 2419 1676 1 0 0 0 0 0 0 963 3046 87 0 0 0 0 0 215 3778 103
0 0 0 0 1376 2720 0 0 0 0 0 0 0 0 3858 238 0 0 0 0 0 0 2996 1100
0 0 0 0 3074 978 44 0 0 0 0 0 0 3 3844 249 0 0 0 0 0 0 3539 557
0 0 0 0 1304 2792 0 0 0 0 0 0 0 271 3484 341 0 0 0 0 0 0 1903 2193
0 0 0 0 2458 1638 0 0 0 0 0 0 0 1017 3043 36 0 0 0 0 0 0 2365 1731
0 0 0 0 3204 544 339 9 0 0 0 0 0 0 3547 549 0 0 0 0 0 0 2327 1769
0 0 0 0 2704 1204 187 1 0 0 0 0 0 79 3209 808 0 0 0 0 0 0 1376 2720
0 0 0 34 1577 1623 862 0 0 0 0 0 0 260 1777 2059 0 0 0 0 0 0 635 3461
0 0 0 54 674 2852 516 0 0 0 0 0 0 66 2216 1814 0 0 0 0 0 0 122 3974
0 0 0 0 644 2347 1105 0 0 0 0 0 0 0 1701 2395 0 0 0 0 0 0 152 3944
17 52 72 86 2415 1211 231 12 1 15 48 65 88 92 3295 492 0 14 42 64 75 84 393 3424
757 1199 1011 519 288 215 93 14 389 883 1183 667 385 254 210 125 579 1042 947 586 335 262 196 149
1683 1379 561 252 138 59 22 2 1003 1506 733 406 202 155 57 34 1688 955 599 363 205 158 78 50
1349 2249 410 67 18 3 0 0 923 2338 657 98 45 26 9 0 2826 921 180 72 37 28 23 9
1784 1967 322 22 1 0 0 0 1272 2190 564 63 7 0 0 0 3244 643 162 43 4 0 0 0
1617 1933 369 116 33 14 9 5 1110 2183 605 136 33 16 9 4 3180 592 232 56 23 8 5 0
1051 2052 633 233 87 34 5 1 619 2295 786 257 96 37 5 1 3171 630 191 65 33 4 2 0
331 1450 1472 581 207 51 3 1 128 931 1678 868 332 127 30 2 1014 1279 995 454 196 111 43 4
221 982 1242 714 530 363 43 1 72 533 1226 706 411 522 534 92 1126 726 471 310 255 297 569 342
698 1349 1042 497 411 84 14 1 252 1143 1362 409 340 394 187 9 2446 518 163 103 108 229 505 24
1286 1601 964 221 22 2 0 0 698 1574 1350 355 101 18 0 0 3393 514 81 29 19 49 11 0
0 0 904 3109 83 0 0 0 0 0 0 0 2223 1861 12 0 0 0 0 0 719 1736 1641 0
0 0 154 3744 198 0 0 0 0 0 0 0 1664 2369 63 0 0 0 0 0 0 2867 1229 0
0 0 62 2912 1122 0 0 0 0 0 0 0 635 3280 181 0 0 0 0 0 0 2448 1648 0
0 0 13 2588 1495 0 0 0 0 0 0 0 431 3208 457 0 0 0 0 0 0 1639 2457 0
0 0 0 2144 1952 0 0 0 0 0 0 0 0 2809 1287 0 0 0 0 0 0 42 3544 510
0 0 0 312 3610 174 0 0 0 0 0 0 0 544 3543 9 0 0 0 0 0 0 1452 2644
0 0 0 111 3432 553 0 0 0 0 0 0 0 81 3957 58 0 0 0 0 0 0 858 3238
0 0 0 0 3372 724 0 0 0 0 0 0 0 0 3892 204 0 0 0 0 0 0 49 4047
0 0 0 19 3873 204 0 0 0 0 0 0 0 0 4055 41 0 0 0 0 0 0 18 4078
0 0 0 0 1911 1603 578 4 0 0 0 0 0 0 2481 1615 0 0 0 0 0 0 108 3988
0 0 0 9 3371 702 14 0 0 0 0 0 0 3 3785 308 0 0 0 0 0 0 170 3926
0 0 0 2 2819 1193 82 0 0 0 0 0 0 4 3595 497 0 0 0 0 0 0 212 3884
0 0 0 75 3144 877 0 0 0 0 0 0 0 38 3914 144 0 0 0 0 0 0 421 3675
0 0 0 203 3420 473 0 0 0 0 0 0 0 183 3882 31 0 0 0 0 0 0 641 3455
1 19 36 657 2733 638 12 0 0 1 21 27 23 195 3588 241 0 2 18 25 19 33 746 3253
453 749 765 902 923 258 46 0 106 378 638 654 568 570 1030 152 118 251 552 619 540 489 545 982
1016 1000 783 817 363 102 15 0 420 815 833 592 475 512 398 51 548 653 717 574 435 339 376 454
1740 1343 642 268 74 25 3 1 1265 1342 830 354 179 82 35 9 1946 980 550 283 167 112 46 12
1304 1520 838 293 94 37 7 3 865 1476 1083 431 157 65 15 4 2946 783 282 63 15 4 2 1
1418 1304 916 322 95 19 18 4 940 1206 1178 551 160 34 17 10 3123 746 173 36 13 5 0 0
1231 1321 1137 289 79 29 5 5 716 1116 1472 562 154 52 18 6 3179 722 141 43 10 1 0 0
1210 1334 1067 359 98 24 4 0 686 1147 1433 587 199 40 4 0 3176 743 149 26 2 0 0 0
1554 1457 843 181 50 9 2 0 845 1299 1442 400 93 13 4 0 3286 678 106 18 8 0 0 0
936 1633 1147 295 72 8 2 3 451 1186 1751 539 140 24 2 3 3400 559 117 15 3 1 1 0
1590 1327 895 232 41 10 1 0 1074 1291 1205 426 85 12 3 0 3618 410 63 5 0 0 0 0
675 1963 155 839 447 17 0 0 12 727 2011 40 19 1174 113 0 37 1668 1040 39 19 37 1256 0
313 2225 246 1082 229 1 0 0 2 322 2414 43 26 1243 46 0 4 855 1882 33 24 35 1263 0
51 1545 1219 1076 196 9 0 0 13 105 2664 40 20 1148 106 0 23 186 2571 32 19 30 1227 8
0 702 2008 170 1185 31 0 0 0 3 2668 38 31 382 973 1 0 20 2647 33 34 24 1303 35
0 344 2350 86 1269 43 4 0 0 1 2568 157 32 80 1253 5 0 6 2661 50 26 50 820 483
0 14 1009 1232 1668 139 32 2 0 1 995 1364 270 52 1413 1 1 74 2087 445 47 20 214 1208
0 56 659 778 2065 481 46 11 0 2 454 993 1143 297 1200 7 1 99 1724 939 78 34 127 1094
0 67 712 751 1691 675 178 22 0 3 408 1102 1086 384 1104 9 2 79 1347 1344 202 40 67 1015
0 85 269 880 1896 682 217 67 0 3 231 706 1323 649 1159 25 4 71 1274 1245 288 88 144 982
0 14 525 997 857 720 652 331 0 0 375 710 624 834 1489 64 3 56 874 1272 630 135 161 965
0 20 395 1324 749 833 628 147 0 2 341 822 643 1168 1091 29 3 60 854 1591 457 97 597 437
0 13 957 1268 733 729 335 61 0 2 343 1020 669 1424 621 17 2 44 605 1437 683 105 916 304
0 48 268 1965 851 622 298 44 0 0 118 510 787 2239 425 17 0 17 285 984 742 201 1756 111
0 1 334 1837 1306 558 59 1 0 0 11 216 1265 2428 175 1 0 5 86 843 824 210 2092 36
0 11 685 2117 864 363 52 4 0 0 133 441 1238 2181 97 6 0 5 203 685 800 360 2022 21
152 330 1471 1371 582 173 17 0 53 178 407 702 1218 1308 225 5 89 146 389 508 554 765 1435 210
2102 645 896 389 61 2 1 0 1588 633 424 482 572 309 87 1 1634 509 320 240 285 527 396 185
2798 548 339 236 133 40 2 0 2395 763 553 291 71 20 3 0 3110 626 265 72 18 2 3 0
2359 873 540 191 79 37 13 4 1653 1149 736 352 116 61 22 7 3456 423 148 50 17 2 0 0
2131 1026 585 236 90 15 11 2 1566 1097 813 402 154 49 11 4 3313 565 161 46 10 1 0 0
1715 1175 857 277 62 8 2 0 1026 1209 1146 536 146 29 4 0 3302 619 144 27 4 0 0 0
1822 1125 842 246 53 7 1 0 1204 1089 1140 502 126 27 7 1 3380 556 132 24 4 0 0 0
1417 1260 1040 265 90 20 4 0 862 1085 1361 582 159 40 7 0 3400 546 125 21 4 0 0 0
1482 1716 753 124 16 3 2 0 785 1268 1582 387 64 8 2 0 3615 428 41 11 1 0 0 0
817 2134 1002 114 26 2 1 0 359 1012 2274 404 38 8 1 0 3782 264 41 8 1 0 0 0
389 2095 1612 0 0 0 0 0 196 1985 1915 0 0 0 0 0 899 2425 772 0 0 0 0 0
1424 1562 1109 1 0 0 0 0 1056 1747 1292 1 0 0 0 0 1240 1964 892 0 0 0 0 0
2072 1700 323 1 0 0 0 0 1159 2313 623 1 0 0 0 0 1371 2274 451 0 0 0 0 0
1247 1539 1028 201 78 3 0 0 472 1943 1378 192 101 10 0 0 695 2075 1259 65 2 0 0 0
1000 1810 584 199 317 165 20 1 261 2098 1052 285 347 50 3 0 405 2283 1049 321 38 0 0 0
755 1885 269 287 609 283 8 0 95 2305 599 524 535 37 1 0 153 2417 1066 444 16 0 0 0
201 852 893 472 776 696 150 56 20 849 1206 708 929 289 72 23 34 1104 1913 842 146 49 8 0
5 123 1280 794 756 586 409 143 0 96 1329 1071 828 498 240 34 13 268 2165 1207 348 90 5 0
0 4 505 1251 1263 789 222 62 0 7 694 1602 1194 486 84 29 4 258 2007 1532 255 38 2 0
0 5 163 779 1701 1041 372 35 0 5 297 1356 1768 575 95 0 6 229 1619 1844 365 29 4 0
0 23 527 1334 1194 628 291 99 0 21 638 1631 1184 486 131 5 16 279 1683 1621 449 47 1 0
21 193 847 1398 963 520 136 18 0 84 722 1501 1187 480 91 31 4 198 1307 1630 768 131 31 27
15 223 1847 753 761 265 100 132 0 23 512 766 1984 457 150 204 1 47 615 903 1401 792 137 200
592 607 1631 475 376 252 119 44 142 541 605 682 1584 322 103 117 346 511 575 628 944 928 59 105
405 789 2182 430 161 94 33 2 132 449 975 1039 1329 120 40 12 945 628 513 432 609 954 10 5
843 1051 1489 518 132 24 29 10 432 707 1504 1081 285 21 20 46 1562 1056 608 291 248 258 18 55
593 557 1357 1309 266 13 1 0 408 673 2183 787 37 8 0 0 1462 2065 540 27 2 0 0 0
706 1227 1362 653 127 19 2 0 704 1430 1286 515 118 39 4 0 2565 1219 290 20 1 1 0 0
1644 824 1137 415 67 9 0 0 1363 641 1095 811 166 18 2 0 3413 593 83 7 0 0 0 0
3104 394 387 164 36 11 0 0 2906 445 371 267 89 16 2 0 3712 286 83 13 2 0 0 0
3374 415 237 60 9 1 0 0 3105 523 303 131 31 3 0 0 3731 294 62 8 0 1 0 0
3078 627 272 85 18 8 5 3 2643 785 447 158 41 12 5 5 3635 363 76 16 5 1 0 0
2638 946 412 82 14 4 0 0 2127 1157 612 151 41 7 1 0 3534 480 69 12 1 0 0 0
3020 787 229 54 6 0 0 0 2414 1071 507 91 13 0 0 0 3698 329 64 5 0 0 0 0
2123 1482 422 67 1 1 0 0 1422 1472 938 231 32 1 0 0 3632 411 46 6 1 0 0 0
2167 1689 240 0 0 0 0 0 1465 2196 434 1 0 0 0 0 3111 950 35 0 0 0 0 0
2326 1607 162 1 0 0 0 0 1617 2173 302 4 0 0 0 0 2212 1802 82 0 0 0 0 0
2788 1261 47 0 0 0 0 0 1608 2293 194 1 0 0 0 0 2006 1971 119 0 0 0 0 0
2162 1847 87 0 0 0 0 0 726 3059 310 1 0 0 0 0 982 2913 201 0 0 0 0 0
2213 1844 39 0 0 0 0 0 523 3379 193 1 0 0 0 0 664 3280 152 0 0 0 0 0
1443 2604 49 0 0 0 0 0 256 3423 417 0 0 0 0 0 333 3440 323 0 0 0 0 0
1049 2738 309 0 0 0 0 0 99 2847 1150 0 0 0 0 0 131 2940 1025 0 0 0 0 0
189 1300 1911 372 184 118 22 0 9 588 2369 597 171 131 151 80 4 681 2303 556 163 121 153 115
4 138 2368 789 430 162 102 103 0 39 524 2049 942 197 130 215 0 92 907 781 1791 187 122 216
21 400 2930 307 186 110 96 46 1 59 543 1717 1258 201 126 191 1 97 565 296 2599 204 134 200
16 270 3303 226 94 87 55 45 0 48 359 1871 1520 98 87 113 31 157 492 613 2490 115 78 120
7 275 3255 439 60 26 10 24 1 28 498 1822 1649 38 27 33 271 607 646 617 1849 51 21 34
130 689 2554 584 90 22 20 7 19 275 1181 1130 1401 47 16 27 643 1059 633 359 1152 205 17 28
674 894 1372 860 259 31 6 0 405 762 1268 1166 422 61 11 1 1824 1510 617 120 19 5 1 0
1208 1509 759 388 154 64 12 2 1135 1436 784 447 192 84 14 4 2182 1032 534 224 90 29 5 0
869 1504 1386 291 40 6 0 0 487 1215 1779 562 50 3 0 0 2942 1023 114 16 1 0 0 0
320 1430 1746 509 72 18 1 0 150 1098 1902 771 144 27 4 0 2932 1029 123 12 0 0 0 0
276 1317 1816 584 97 6 0 0 130 959 1815 948 226 17 1 0 3130 848 110 7 1 0 0 0
262 1288 1768 647 114 16 1 0 135 853 1876 982 213 35 2 0 3171 810 98 17 0 0 0 0
1516 607 1170 715 84 4 0 0 1458 461 1048 977 142 10 0 0 3127 831 127 11 0 0 0 0
1900 813 815 477 73 16 2 0 1638 1012 930 423 73 16 3 1 2979 879 205 31 2 0 0 0
930 947 1556 602 53 8 0 0 858 1031 1674 484 44 5 0 0 2717 1198 168 13 0 0 0 0
461 1613 1654 349 19 0 0 0 654 1768 1422 241 11 0 0 0 2907 1095 92 2 0 0 0 0
505 1471 1636 443 37 2 2 0 439 1538 1725 366 26 0 2 0 2937 1028 116 13 2 0 0 0
606 2147 1255 87 1 0 0 0 645 2151 1235 65 0 0 0 0 3607 470 19 0 0 0 0 0
1606 1776 711 3 0 0 0 0 1555 1572 960 9 0 0 0 0 3133 951 12 0 0 0 0 0
2031 1965 100 0 0 0 0 0 1545 2309 241 1 0 0 0 0 2879 1209 8 0 0 0 0 0
2838 1169 89 0 0 0 0 0 1752 2139 204 1 0 0 0 0 2173 1875 48 0 0 0 0 0
2461 1481 154 0 0 0 0 0 1085 2695 315 1 0 0 0 0 1422 2527 147 0 0 0 0 0
2396 1674 26 0 0 0 0 0 888 3059 149 0 0 0 0 0 1008 2978 110 0 0 0 0 0
1884 1528 356 197 114 17 0 0 491 2194 737 254 225 143 49 3 425 2240 688 242 218 185 78 20
984 1714 1000 265 117 16 0 0 159 981 1953 469 290 176 66 2 106 965 1533 880 259 227 109 17
84 181 3386 378 56 10 1 0 2 80 234 3228 362 143 43 4 62 202 250 2426 874 189 76 17
21 203 3438 395 35 4 0 0 0 42 312 3351 362 29 0 0 555 331 205 617 2362 26 0 0
228 720 2746 386 15 1 0 0 46 411 1195 2307 133 3 1 0 1254 966 386 402 1088 0 0 0
480 1252 1868 472 23 1 0 0 219 749 1805 1166 153 4 0 0 2305 1379 270 87 55 0 0 0
1108 1433 1248 279 25 3 0 0 736 1094 1483 695 82 5 1 0 2653 1233 196 14 0 0 0 0
421 1167 1586 776 129 17 0 0 209 878 1651 1080 239 36 3 0 2188 1387 465 52 4 0 0 0
329 1044 1793 801 114 15 0 0 164 765 1757 1153 228 28 1 0 2455 1329 291 21 0 0 0 0
160 869 2004 925 118 18 2 0 65 500 1834 1433 235 22 7 0 2598 1235 222 32 8 1 0 0
284 963 2007 754 75 12 1 0 157 724 1977 1078 142 15 3 0 2612 1303 154 23 4 0 0 0
434 1326 1733 526 76 1 0 0 235 1008 1829 857 154 13 0 0 2896 1029 165 6 0 0 0 0
610 1368 1563 486 63 6 0 0 459 1242 1568 725 93 9 0 0 2858 1062 154 22 0 0 0 0
29 709 2108 981 214 45 7 3 28 679 2272 909 170 31 6 1 1908 1755 375 48 8 2 0 0
7 423 2008 1378 261 19 0 0 7 393 2063 1380 235 18 0 0 2051 1700 319 26 0 0 0 0
26 678 2044 1197 135 16 0 0 74 959 2274 728 57 4 0 0 2007 1781 284 24 0 0 0 0
26 617 2101 1167 169 15 1 0 118 1067 2052 773 81 4 1 0 2183 1588 300 24 1 0 0 0
19 523 2546 968 39 1 0 0 38 766 2577 690 24 1 0 0 2270 1713 111 2 0 0 0 0
208 1260 2085 529 13 1 0 0 281 1385 2019 403 8 0 0 0 2803 1228 61 4 0 0 0 0
190 1286 2162 447 10 1 0 0 259 1276 2196 358 6 1 0 0 2887 1174 34 1 0 0 0 0
706 1867 1463 60 0 0 0 0 743 1925 1349 79 0 0 0 0 2677 1364 55 0 0 0 0 0
299 2158 1441 184 14 0 0 0 303 2142 1371 252 27 1 0 0 2183 1791 122 0 0 0 0 0
430 1500 1528 629 9 0 0 0 362 2070 1424 235 5 0 0 0 1636 2069 391 0 0 0 0 0
727 370 1122 1440 424 13 0 0 582 1263 1141 1053 55 2 0 0 870 2077 1126 23 0 0 0 0
784 520 541 1377 830 36 5 3 396 639 1972 653 242 133 54 7 524 1990 1023 210 111 128 95 15
118 2972 724 171 95 15 1 0 3 72 3473 285 149 98 16 0 53 200 3041 612 83 69 33 5
20 972 2519 492 87 6 0 0 0 50 2231 1479 296 38 2 0 933 483 930 1744 6 0 0 0
385 931 1719 883 162 15 1 0 154 518 1299 1517 490 97 20 1 2699 959 202 131 42 35 27 1
841 1445 1416 366 27 1 0 0 412 994 1646 870 159 15 0 0 2850 1099 143 4 0 0 0 0
1362 1438 1058 213 23 2 0 0 683 1275 1428 611 92 7 0 0 3132 842 114 8 0 0 0 0
1828 1443 711 109 5 0 0 0 1171 1385 1152 343 45 0 0 0 3159 835 100 2 0 0 0 0
1474 1467 935 195 24 1 0 0 970 1310 1296 457 59 4 0 0 3103 850 136 7 0 0 0 0
1244 1600 1047 190 14 1 0 0 758 1309 1493 491 39 6 0 0 3305 721 70 0 0 0 0 0
992 1455 1329 291 28 1 0 0 633 1159 1628 594 81 1 0 0 3099 875 116 6 0 0 0 0
770 1503 1393 378 43 8 1 0 496 1239 1664 602 85 9 1 0 2970 969 140 13 4 0 0 0
359 1158 1668 775 124 12 0 0 363 1148 1700 775 103 7 0 0 2231 1488 344 30 3 0 0 0
467 1148 1447 752 242 38 2 0 450 1147 1581 751 155 12 0 0 2253 1325 438 77 2 1 0 0
185 713 1300 1263 504 114 14 3 195 828 1618 1088 314 48 5 0 1312 1654 905 197 23 5 0 0
9 319 1471 1767 477 48 5 0 13 441 1864 1477 284 14 3 0 923 2052 978 135 7 1 0 0
4 193 1286 1704 738 151 19 1 4 304 1711 1556 452 66 2 1 793 2066 1057 157 22 0 1 0
5 223 1547 1780 480 55 6 0 14 372 1895 1521 264 28 2 0 1192 2077 739 79 9 0 0 0
13 225 1623 1766 410 53 6 0 25 429 2140 1271 213 15 3 0 1004 2260 740 86 6 0 0 0
17 244 2028 1601 195 11 0 0 29 356 2480 1146 82 3 0 0 1577 2197 304 18 0 0 0 0
83 906 2169 870 64 3 1 0 92 945 2349 664 44 1 1 0 2462 1489 136 8 1 0 0 0
205 1614 1962 300 14 1 0 0 176 1517 2048 342 11 1 1 0 3199 835 60 1 1 0 0 0
117 882 2598 487 12 0 0 0 99 836 2373 730 58 0 0 0 2027 1955 113 1 0 0 0 0
83 674 1614 1546 168 6 3 2 74 778 1929 1193 110 6 4 2 1095 2516 463 13 3 4 2 0
15 135 941 2296 702 7 0 0 14 182 1687 2051 162 0 0 0 378 2630 1076 12 0 0 0 0
0 9 427 2156 1316 186 2 0 0 382 1525 1729 437 23 0 0 237 2545 1263 51 0 0 0 0
0 12 350 1976 1625 128 5 0 0 309 3048 619 87 29 4 0 300 3023 761 12 0 0 0 0
231 518 1320 1160 616 217 31 3 101 480 1672 1144 522 150 24 3 1423 1739 772 150 11 1 0 0
1032 1212 1320 466 63 3 0 0 511 855 1427 1007 271 24 1 0 3219 772 100 5 0 0 0 0
1158 1435 1271 221 11 0 0 0 574 1128 1485 811 92 6 0 0 3244 775 72 5 0 0 0 0
1202 1496 1152 221 22 3 0 0 539 1249 1560 661 81 5 1 0 2999 958 133 6 0 0 0 0
1650 1530 768 137 11 0 0 0 1074 1390 1263 330 38 1 0 0 3215 758 114 9 0 0 0 0
1314 1483 1061 224 14 0 0 0 879 1210 1437 513 57 0 0 0 3238 751 102 5 0 0 0 0
1136 1605 1124 215 14 2 0 0 718 1262 1537 517 58 3 1 0 3167 836 90 2 1 0 0 0
1170 1612 1080 222 11 1 0 0 682 1445 1470 467 31 1 0 0 3144 860 88 3 1 0 0 0
936 1805 1102 232 21 0 0 0 636 1688 1340 388 39 5 0 0 2869 1070 148 9 0 0 0 0
640 1641 1458 324 33 0 0 0 507 1381 1662 496 48 2 0 0 2588 1298 194 16 0 0 0 0
330 1277 1573 721 178 16 1 0 319 1300 1721 645 106 5 0 0 1777 1666 570 77 6 0 0 0
50 435 1413 1587 519 82 8 2 57 669 1738 1330 262 35 4 1 914 1936 1039 181 23 3 0 0
670 1170 1452 619 159 24 2 0 762 1259 1436 531 97 10 1 0 2161 1393 457 80 5 0 0 0
408 581 1178 1268 526 119 16 0 475 721 1428 1115 310 46 1 0 1378 1712 815 176 15 0 0 0
33 312 1503 1657 521 67 3 0 57 527 1859 1366 258 27 2 0 1060 2066 839 125 6 0 0 0
30 350 1563 1752 351 43 7 0 62 543 1963 1346 163 18 1 0 1267 2123 628 67 11 0 0 0
8 171 1430 2023 412 50 2 0 16 276 2096 1508 185 15 0 0 1061 2378 603 50 4 0 0 0
55 492 1955 1410 169 14 0 1 87 705 2286 936 76 5 1 0 1697 2042 330 25 1 1 0 0
44 850 2135 977 82 7 0 1 37 839 2297 857 59 6 1 0 2251 1598 237 9 0 1 0 0
65 937 2378 676 40 0 0 0 59 870 2503 636 28 0 0 0 2491 1484 115 6 0 0 0 0
3 258 3005 801 29 0 0 0 2 112 2811 1143 28 0 0 0 804 3029 259 4 0 0 0 0
0 18 1182 2652 237 7 0 0 0 10 1891 1972 214 8 1 0 480 2822 784 10 0 0 0 0
0 0 130 3200 651 115 0 0 0 12 1194 2628 259 3 0 0 11 2011 2029 45 0 0 0 0
0 0 2 1601 2304 187 2 0 0 0 231 3370 474 21 0 0 9 1078 2939 70 0 0 0 0
138 374 599 894 1739 329 23 0 49 202 734 1669 918 463 60 1 1517 1364 1177 37 1 0 0 0
338 1550 1629 475 93 11 0 0 118 989 2036 824 110 19 0 0 3056 953 85 2 0 0 0 0
873 1014 1790 392 26 1 0 0 608 960 1975 512 37 4 0 0 2656 1336 101 3 0 0 0 0
431 1222 2083 347 13 0 0 0 244 784 2203 818 46 1 0 0 2685 1328 81 2 0 0 0 0
476 1428 1694 471 26 1 0 0 228 1039 1817 916 91 5 0 0 2922 1066 102 6 0 0 0 0
735 1692 1336 307 24 2 0 0 387 1233 1775 621 73 7 0 0 3018 958 111 9 0 0 0 0
1097 1456 1175 298 56 14 0 0 695 1297 1414 567 102 20 1 0 2981 916 159 35 5 0 0 0
742 1459 1377 404 84 28 1 1 599 1405 1440 536 95 15 5 1 2634 1150 245 51 13 3 0 0
914 1548 1261 318 53 2 0 0 814 1492 1390 350 47 3 0 0 2507 1317 238 33 1 0 0 0
742 1207 1313 654 147 30 3 0 712 1289 1343 618 113 19 2 0 2047 1460 490 86 10 3 0 0
498 1198 1513 700 155 27 5 0 540 1243 1506 671 117 18 1 0 1952 1550 493 85 15 1 0 0
316 928 1485 1009 293 56 9 0 368 1077 1591 804 227 23 6 0 1426 1662 787 195 21 5 0 0
150 726 1440 1276 389 100 14 1 267 971 1672 938 205 41 1 1 1309 1839 775 151 21 0 1 0
26 358 1362 1637 604 105 3 1 54 505 1726 1393 371 44 3 0 1157 1929 847 156 6 1 0 0
104 733 1731 1197 274 53 3 1 130 849 1878 1036 178 22 3 0 1617 1829 564 81 5 0 0 0
73 673 1674 1335 299 40 2 0 130 942 1808 1045 158 13 0 0 1536 1863 616 78 3 0 0 0
57 701 1968 1202 152 14 2 0 113 972 2126 805 73 7 0 0 1542 2056 462 32 4 0 0 0
70 484 1991 1383 157 9 2 0 116 808 2278 822 65 6 1 0 1408 2180 475 30 2 1 0 0
36 522 2008 1379 146 4 1 0 61 773 2278 918 63 2 1 0 1478 2145 449 21 3 0 0 0
36 718 2144 1102 86 8 2 0 84 946 2275 752 36 2 1 0 2017 1862 205 10 2 0 0 0
9 755 2865 458 9 0 0 0 10 762 2925 391 8 0 0 0 2722 1332 41 1 0 0 0 0
