867 2483 746 0 0 0 0 0 1 92 2094 1741 168 0 0 0 0 0 0 130 2280 1686 0 0
1004 2229 863 0 0 0 0 0 0 0 2011 1730 355 0 0 0 0 0 0 1 2209 1886 0 0
865 2004 1227 0 0 0 0 0 0 0 1722 1752 622 0 0 0 0 0 0 0 1662 2333 101 0
728 2139 1229 0 0 0 0 0 0 0 1760 1596 740 0 0 0 0 0 0 0 1637 2234 225 0
2151 662 1282 1 0 0 0 0 439 1688 402 1132 435 0 0 0 0 157 1678 492 664 1104 1 0
1879 635 1539 40 3 0 0 0 46 1808 420 777 1042 3 0 0 0 31 1352 721 604 1369 19 0
1498 703 1679 203 11 2 0 0 378 1183 505 705 1315 10 0 0 323 221 656 755 508 1317 316 0
729 502 2009 573 201 52 26 4 880 528 348 778 1465 91 3 3 1085 523 321 144 291 1215 514 3
3440 303 135 89 103 24 2 0 2766 912 147 102 122 44 3 0 885 2148 732 123 110 92 6 0
3519 333 105 50 44 20 14 11 2997 745 155 78 66 27 15 13 1241 2131 401 159 68 64 18 14
3376 403 154 96 35 22 6 4 3248 545 148 94 39 15 5 2 2462 1339 195 58 23 14 4 1
1390 833 527 349 393 235 237 132 1745 771 447 455 246 268 114 50 2163 702 477 285 244 163 58 4
1571 1235 653 282 215 95 36 9 1302 1282 735 357 230 152 27 11 1901 1049 430 270 244 172 25 5
2877 697 384 78 36 17 6 1 2633 924 360 129 27 17 5 1 1998 1662 287 94 36 15 3 1
3097 205 165 103 96 106 79 245 3025 278 162 108 93 122 69 239 2848 458 165 101 95 118 100 211
1762 466 249 241 205 245 210 718 1867 427 225 242 203 259 207 666 1963 385 234 218 253 230 245 568
