0 0 0 0 171 2131 1794 0 0 0 0 4096 0 0 0 0 0 1217 2879 0 0 0 0 0
0 0 0 0 0 1229 2076 791 0 0 0 3831 265 0 0 0 0 136 3960 0 0 0 0 0
0 0 0 0 0 903 2043 1150 0 0 0 3329 767 0 0 0 0 190 3906 0 0 0 0 0
0 0 0 0 0 1492 2260 344 0 0 0 4092 4 0 0 0 0 757 3339 0 0 0 0 0
20 36 8 9 14 198 3335 476 53 648 1776 1598 6 2 7 6 57 3870 146 7 3 5 8 0
0 0 0 0 0 2 873 3221 0 141 1812 2143 0 0 0 0 0 2862 1234 0 0 0 0 0
0 0 0 0 0 0 179 3917 0 1 1847 2248 0 0 0 0 0 2591 1505 0 0 0 0 0
0 0 0 0 0 0 1457 2639 0 343 1950 1803 0 0 0 0 0 3749 347 0 0 0 0 0
1166 2559 205 40 47 66 13 0 1292 2597 207 0 0 0 0 0 1240 819 2037 0 0 0 0 0
653 2447 483 34 32 69 353 25 843 2506 747 0 0 0 0 0 780 311 3005 0 0 0 0 0
140 2630 622 32 32 45 401 194 255 2835 1006 0 0 0 0 0 4 812 3280 0 0 0 0 0
255 2777 344 16 61 3 639 1 479 3276 341 0 0 0 0 0 8 1332 2756 0 0 0 0 0
622 3467 7 0 0 0 0 0 3 4059 34 0 0 0 0 0 0 3048 1048 0 0 0 0 0
158 3787 151 0 0 0 0 0 0 3906 190 0 0 0 0 0 0 1440 2656 0 0 0 0 0
142 3877 77 0 0 0 0 0 0 3956 140 0 0 0 0 0 0 1413 2683 0 0 0 0 0
306 3785 5 0 0 0 0 0 0 4068 28 0 0 0 0 0 0 2584 1512 0 0 0 0 0
