4096 0 0 0 0 0 0 0 2641 1455 0 0 0 0 0 0 0 0 1190 1697 1209 0 0 0
4042 53 1 0 0 0 0 0 2553 1484 58 1 0 0 0 0 0 0 1082 1667 1268 77 2 0
3833 173 65 25 0 0 0 0 2330 1529 187 50 0 0 0 0 0 0 1003 1585 1197 280 31 0
2145 68 40 213 518 419 677 16 1890 312 47 180 481 377 716 93 0 0 930 1158 167 445 827 569
1101 1632 642 200 57 48 253 163 0 686 1752 977 194 45 212 230 0 0 0 0 266 1828 1595 407
602 1356 1038 434 283 224 106 53 0 318 1573 1172 463 274 219 77 0 0 0 0 173 1511 1990 422
153 1230 1307 769 379 187 66 5 0 118 1338 1239 896 349 132 24 0 0 0 0 40 1505 2140 411
0 117 1058 1210 984 601 126 0 0 0 188 1235 1584 848 241 0 0 0 0 0 7 597 3092 400
1 11 145 697 1664 872 482 224 0 22 207 340 1157 1486 588 296 115 200 227 100 91 257 2214 892
13 10 35 481 2076 1132 271 78 12 13 41 197 504 2295 904 130 6 34 97 165 79 120 2329 1266
0 8 262 1034 1716 933 126 17 0 2 38 65 908 2392 631 60 0 4 29 38 68 150 2713 1094
0 0 1043 1447 1279 252 73 2 0 0 176 491 1545 1697 158 29 6 171 265 127 81 58 2825 563
0 638 1320 1642 472 22 2 0 2 863 1229 1572 410 17 3 0 58 1034 590 874 752 747 41 0
42 712 1442 1174 722 4 0 0 79 763 1253 1187 764 50 0 0 54 776 688 648 534 950 446 0
381 868 1395 698 749 5 0 0 310 802 1143 897 859 85 0 0 119 784 524 690 434 954 591 0
910 1168 803 778 422 15 0 0 704 1024 733 913 699 23 0 0 143 733 659 598 610 963 390 0
