0 0 4096 0 0 0 0 0 0 0 0 4096 0 0 0 0 0 0 0 0 0 4096 0 0
0 0 4096 0 0 0 0 0 0 0 0 4096 0 0 0 0 0 0 0 0 0 4096 0 0
0 0 4096 0 0 0 0 0 0 0 0 4096 0 0 0 0 0 0 0 0 0 4096 0 0
0 0 4096 0 0 0 0 0 0 0 0 4096 0 0 0 0 0 0 0 0 0 4096 0 0
0 0 3513 583 0 0 0 0 0 0 0 3417 679 0 0 0 0 0 0 0 0 4096 0 0
0 0 1558 2486 52 0 0 0 0 0 0 1385 2711 0 0 0 0 0 0 0 0 4096 0 0
0 0 86 4010 0 0 0 0 0 0 0 97 3999 0 0 0 0 0 0 0 0 4096 0 0
0 0 152 3944 0 0 0 0 0 0 0 162 3934 0 0 0 0 0 0 0 0 4096 0 0
0 0 0 4096 0 0 0 0 0 0 0 0 4096 0 0 0 0 0 0 0 0 4096 0 0
0 0 0 4096 0 0 0 0 0 0 0 0 4096 0 0 0 0 0 0 0 0 4096 0 0
0 0 0 4096 0 0 0 0 0 0 0 0 4096 0 0 0 0 0 0 0 0 4096 0 0
0 0 0 4096 0 0 0 0 0 0 0 0 4096 0 0 0 0 0 0 0 0 4096 0 0
0 0 0 4096 0 0 0 0 0 0 0 0 4096 0 0 0 0 0 0 0 0 3805 291 0
0 0 0 4096 0 0 0 0 0 0 0 0 4096 0 0 0 0 0 0 0 0 3677 419 0
0 0 0 3022 852 222 0 0 0 0 0 0 3438 658 0 0 0 0 0 0 0 3164 932 0
0 0 0 955 771 1997 373 0 0 0 0 0 1274 2528 294 0 0 0 0 0 0 2600 1496 0
0 0 0 1622 1833 583 58 0 0 0 0 0 2600 1445 51 0 0 0 0 0 0 890 3206 0
0 0 0 1754 2134 208 0 0 0 0 0 0 2822 1274 0 0 0 0 0 0 0 365 3731 0
0 0 0 288 3139 669 0 0 0 0 0 0 1034 3062 0 0 0 0 0 0 0 169 3927 0
0 0 0 0 3422 674 0 0 0 0 0 0 1002 3094 0 0 0 0 0 0 98 1928 2070 0
0 0 0 0 2205 1874 17 0 0 0 0 0 949 3094 53 0 0 0 0 0 298 3509 284 5
0 0 3566 530 0 0 0 0 0 0 0 3550 546 0 0 0 0 0 0 0 0 4096 0 0
0 0 4096 0 0 0 0 0 0 0 0 4059 37 0 0 0 0 0 0 0 0 4096 0 0
0 0 3861 235 0 0 0 0 0 0 0 3716 380 0 0 0 0 0 0 0 0 4096 0 0
0 0 3748 348 0 0 0 0 0 0 0 3471 625 0 0 0 0 0 0 0 0 4096 0 0
0 0 4096 0 0 0 0 0 0 0 0 3951 145 0 0 0 0 0 0 0 0 4096 0 0
0 0 3716 380 0 0 0 0 0 0 0 2485 1611 0 0 0 0 0 0 0 0 4095 1 0
0 0 925 3171 0 0 0 0 0 0 0 100 3996 0 0 0 0 0 0 0 0 4096 0 0
0 0 0 4096 0 0 0 0 0 0 0 0 4096 0 0 0 0 0 0 0 0 4096 0 0
0 0 0 4096 0 0 0 0 0 0 0 0 4096 0 0 0 0 0 0 0 0 4096 0 0
0 0 0 4096 0 0 0 0 0 0 0 0 4096 0 0 0 0 0 0 0 0 4084 12 0
0 0 0 3997 99 0 0 0 0 0 0 0 4096 0 0 0 0 0 0 0 0 4032 64 0
0 0 0 4090 6 0 0 0 0 0 0 0 4096 0 0 0 0 0 0 0 0 3016 1080 0
0 0 0 3419 677 0 0 0 0 0 0 0 4040 56 0 0 0 0 0 0 0 2381 1715 0
0 0 0 2101 1995 0 0 0 0 0 0 0 3366 730 0 0 0 0 0 0 0 2806 1290 0
0 0 0 814 3237 45 0 0 0 0 0 0 2909 1187 0 0 0 0 0 0 0 2196 1900 0
0 0 0 0 2076 2020 0 0 0 0 0 0 69 4027 0 0 0 0 0 0 0 2199 1897 0
0 0 0 0 850 3143 103 0 0 0 0 0 0 3983 113 0 0 0 0 0 0 470 3626 0
0 0 0 2 1572 1401 1121 0 0 0 0 0 145 2749 1202 0 0 0 0 0 0 908 3188 0
0 0 0 0 2472 1403 221 0 0 0 0 0 8 3901 187 0 0 0 0 0 0 1085 3011 0
0 0 0 0 410 3681 5 0 0 0 0 0 134 3962 0 0 0 0 0 0 667 3338 91 0
0 0 0 0 13 4083 0 0 0 0 0 0 16 4080 0 0 0 0 0 0 1173 2923 0 0
5 57 882 2632 512 8 0 0 0 17 105 878 3031 65 0 0 0 11 65 201 769 3048 2 0
1 19 935 3104 36 1 0 0 0 3 23 356 3708 6 0 0 0 2 10 34 136 3910 4 0
0 0 1413 2683 0 0 0 0 0 0 0 952 3144 0 0 0 0 0 0 0 0 4096 0 0
0 0 1569 2527 0 0 0 0 0 0 0 445 3651 0 0 0 0 0 0 0 0 4096 0 0
0 0 1277 2810 9 0 0 0 0 0 0 305 3791 0 0 0 0 0 0 0 0 4090 6 0
0 0 113 3948 35 0 0 0 0 0 0 1 4095 0 0 0 0 0 0 0 0 4077 19 0
0 0 0 4096 0 0 0 0 0 0 0 0 4096 0 0 0 0 0 0 0 0 4090 6 0
0 0 0 4096 0 0 0 0 0 0 0 0 4096 0 0 0 0 0 0 0 0 3877 219 0
0 0 0 4096 0 0 0 0 0 0 0 0 4096 0 0 0 0 0 0 0 0 3595 501 0
0 0 0 2330 1766 0 0 0 0 0 0 0 3747 349 0 0 0 0 0 0 0 3559 537 0
0 0 0 542 3554 0 0 0 0 0 0 0 4093 3 0 0 0 0 0 0 0 4075 21 0
0 0 0 385 2999 712 0 0 0 0 0 0 2317 1779 0 0 0 0 0 0 0 4078 18 0
0 0 0 5 2113 1978 0 0 0 0 0 0 669 3427 0 0 0 0 0 0 0 4047 49 0
0 0 0 0 931 2829 336 0 0 0 0 0 259 3506 331 0 0 0 0 0 0 2975 1121 0
0 0 0 0 2122 1720 254 0 0 0 0 0 55 3785 256 0 0 0 0 0 0 2200 1896 0
0 0 0 0 3327 769 0 0 0 0 0 0 13 4083 0 0 0 0 0 0 0 2003 2093 0
0 0 0 0 1947 2149 0 0 0 0 0 0 0 4096 0 0 0 0 0 0 0 0 4096 0
0 0 0 0 231 3274 591 0 0 0 0 0 0 3267 829 0 0 0 0 0 0 36 4060 0
0 0 0 0 0 896 2931 269 0 0 0 0 0 894 3174 28 0 0 0 0 0 1330 2766 0
0 0 0 0 0 1694 1488 914 0 0 0 0 0 1929 1625 542 0 0 0 0 222 2754 1039 81
0 0 0 0 0 2157 1402 537 0 0 0 0 0 2598 1230 268 0 0 0 0 493 2967 633 3
402 1864 974 421 317 106 12 0 80 1348 1551 537 378 166 36 0 2164 753 390 306 252 200 31 0
10 226 721 2484 605 49 1 0 3 130 517 865 2419 161 1 0 135 306 337 492 832 1965 29 0
0 7 82 3889 114 4 0 0 0 2 25 155 3891 23 0 0 0 0 13 61 173 3763 86 0
0 0 4 4091 1 0 0 0 0 0 0 4 4091 1 0 0 0 0 0 0 3 3629 464 0
0 0 0 4096 0 0 0 0 0 0 0 0 4096 0 0 0 0 0 0 0 0 3550 546 0
0 0 0 4096 0 0 0 0 0 0 0 0 4096 0 0 0 0 0 0 0 0 3196 900 0
0 0 0 4096 0 0 0 0 0 0 0 0 4096 0 0 0 0 0 0 0 0 2180 1916 0
0 0 0 4096 0 0 0 0 0 0 0 0 4096 0 0 0 0 0 0 0 0 1492 2604 0
0 0 0 4096 0 0 0 0 0 0 0 0 4096 0 0 0 0 0 0 0 0 784 3312 0
0 0 0 3782 314 0 0 0 0 0 0 0 4048 48 0 0 0 0 0 0 0 505 3591 0
0 0 0 1689 2364 43 0 0 0 0 0 0 2483 1613 0 0 0 0 0 0 0 1747 2349 0
0 0 0 0 861 3235 0 0 0 0 0 0 158 3938 0 0 0 0 0 0 0 3884 212 0
0 0 0 0 19 3860 217 0 0 0 0 0 0 3863 233 0 0 0 0 0 0 1841 2255 0
0 0 0 0 0 447 3478 171 0 0 0 0 0 569 3527 0 0 0 0 0 0 1664 2432 0
0 0 0 0 74 1514 1850 658 0 0 0 0 0 1561 2535 0 0 0 0 0 0 88 4008 0
0 0 0 0 1999 2097 0 0 0 0 0 0 0 4096 0 0 0 0 0 0 0 758 3338 0
0 0 0 0 215 3881 0 0 0 0 0 0 0 4096 0 0 0 0 0 0 0 24 4072 0
0 0 0 0 0 4096 0 0 0 0 0 0 0 3986 110 0 0 0 0 0 0 0 4096 0
0 0 0 0 0 2858 616 622 0 0 0 0 0 1012 2549 535 0 0 0 0 0 0 3623 473
0 0 0 0 0 1787 776 1533 0 0 0 0 0 17 2530 1549 0 0 0 0 0 0 2440 1656
0 0 0 0 0 2636 608 852 0 0 0 0 0 14 3292 790 0 0 0 0 0 60 2471 1565
129 1868 1628 399 64 7 1 0 23 1296 2064 594 103 15 1 0 2907 960 193 30 6 0 0 0
116 1768 1420 562 199 31 0 0 37 1068 1923 712 303 50 3 0 2173 945 431 349 163 35 0 0
73 1523 1669 648 171 12 0 0 13 884 2025 754 375 43 2 0 2087 957 359 286 267 137 3 0
2 42 390 2589 1047 26 0 0 0 13 282 448 3117 236 0 0 70 150 165 244 363 1538 1566 0
0 0 0 2874 1222 0 0 0 0 0 0 0 4096 0 0 0 0 0 0 0 0 229 3867 0
0 0 0 3039 1057 0 0 0 0 0 0 0 4084 12 0 0 0 0 0 0 0 62 4034 0
0 0 0 3988 108 0 0 0 0 0 0 0 4096 0 0 0 0 0 0 0 0 0 4096 0
0 0 0 4096 0 0 0 0 0 0 0 0 4096 0 0 0 0 0 0 0 0 0 4096 0
0 0 0 4056 40 0 0 0 0 0 0 0 4096 0 0 0 0 0 0 0 0 0 4096 0
0 0 0 2960 1136 0 0 0 0 0 0 0 2985 1111 0 0 0 0 0 0 0 0 4096 0
0 0 0 776 3320 0 0 0 0 0 0 0 799 3297 0 0 0 0 0 0 0 2 4094 0
0 0 0 0 3591 505 0 0 0 0 0 0 0 4096 0 0 0 0 0 0 0 293 3803 0
0 0 0 0 2084 1930 82 0 0 0 0 0 0 3985 111 0 0 0 0 0 0 548 3548 0
0 0 0 0 1246 1109 1741 0 0 0 0 0 0 2191 1905 0 0 0 0 0 0 492 3604 0
0 0 0 0 1519 2042 535 0 0 0 0 0 0 3440 656 0 0 0 0 0 0 16 4078 2
0 0 0 0 2014 2072 10 0 0 0 0 0 0 3390 706 0 0 0 0 0 0 0 4014 82
0 0 0 0 0 4096 0 0 0 0 0 0 0 3492 604 0 0 0 0 0 0 0 3883 213
0 0 0 0 0 4096 0 0 0 0 0 0 0 934 3162 0 0 0 0 0 0 0 1679 2417
0 0 0 0 0 3136 906 54 0 0 0 0 0 16 3972 108 0 0 0 0 0 0 1406 2690
0 0 0 0 0 1911 1506 679 0 0 0 0 0 0 3305 791 0 0 0 0 0 0 851 3245
0 0 0 0 0 736 1908 1452 0 0 0 0 0 0 2630 1466 0 0 0 0 0 0 1351 2745
150 1855 1632 415 43 1 0 0 60 1397 2036 545 56 2 0 0 2912 995 171 18 0 0 0 0
473 1432 1588 527 75 1 0 0 232 1262 1883 641 77 1 0 0 2840 1053 193 10 0 0 0 0
603 1958 1347 176 12 0 0 0 191 2017 1686 189 10 3 0 0 3450 602 34 7 3 0 0 0
0 188 1625 1035 909 327 12 0 0 172 1660 836 817 593 18 0 1359 741 336 341 416 743 160 0
0 0 0 1205 1990 892 9 0 0 0 0 3 1650 2434 9 0 0 0 0 4 102 1393 2597 0
0 0 0 2992 1104 0 0 0 0 0 0 0 3220 876 0 0 0 0 0 0 0 0 4096 0
0 0 0 2678 1418 0 0 0 0 0 0 0 2749 1347 0 0 0 0 0 0 0 0 4096 0
0 0 0 691 3405 0 0 0 0 0 0 0 679 3417 0 0 0 0 0 0 0 0 4096 0
0 0 0 713 3383 0 0 0 0 0 0 0 685 3411 0 0 0 0 0 0 0 0 4096 0
0 0 0 91 4005 0 0 0 0 0 0 0 93 4003 0 0 0 0 0 0 0 0 4096 0
0 0 0 0 4058 38 0 0 0 0 0 0 0 4096 0 0 0 0 0 0 0 0 4096 0
0 0 0 0 4096 0 0 0 0 0 0 0 0 4096 0 0 0 0 0 0 0 0 4096 0
0 0 0 0 4096 0 0 0 0 0 0 0 0 4096 0 0 0 0 0 0 0 0 4096 0
0 0 0 0 3196 900 0 0 0 0 0 0 0 3980 116 0 0 0 0 0 0 0 3998 98
0 0 0 0 250 3846 0 0 0 0 0 0 0 3962 134 0 0 0 0 0 0 0 4094 2
0 0 0 0 0 4091 5 0 0 0 0 0 0 1243 2853 0 0 0 0 0 0 0 4061 35
0 0 0 0 0 3332 726 38 0 0 0 0 0 96 3950 50 0 0 0 0 0 0 3690 406
0 0 0 0 0 2438 1642 16 0 0 0 0 0 0 4012 84 0 0 0 0 0 0 1056 3040
0 0 0 0 0 1277 1183 1636 0 0 0 0 0 0 2501 1595 0 0 0 0 0 0 1605 2491
0 0 0 0 0 0 2110 1986 0 0 0 0 0 0 2056 2040 0 0 0 0 0 0 1048 3048
0 0 0 0 0 0 1869 2227 0 0 0 0 0 0 1893 2203 0 0 0 0 0 0 1372 2724
327 1527 1475 630 127 10 0 0 156 1509 1634 670 119 8 0 0 2605 1107 333 45 6 0 0 0
113 952 1590 1041 357 40 3 0 98 950 1777 968 277 24 2 0 2107 1407 499 79 3 1 0 0
103 1446 2020 496 31 0 0 0 37 1488 2170 383 18 0 0 0 2927 1053 114 2 0 0 0 0
7 582 2439 888 135 42 3 0 7 726 2576 620 121 42 4 0 2734 1030 141 97 72 20 2 0
1 179 718 529 1107 1545 17 0 0 99 704 614 763 1896 20 0 464 376 327 459 678 1753 39 0
0 0 0 0 1987 2109 0 0 0 0 0 0 0 4096 0 0 0 0 0 0 0 2568 1528 0
0 0 0 0 3574 520 2 0 0 0 0 0 0 4096 0 0 0 0 0 0 0 616 3480 0
0 0 0 0 3989 107 0 0 0 0 0 0 0 4096 0 0 0 0 0 0 0 0 4096 0
0 0 0 0 2273 1823 0 0 0 0 0 0 0 4063 33 0 0 0 0 0 0 0 4096 0
0 0 0 0 930 3166 0 0 0 0 0 0 0 2986 1110 0 0 0 0 0 0 0 4096 0
0 0 0 0 956 3140 0 0 0 0 0 0 0 3713 383 0 0 0 0 0 0 0 4092 4
0 0 0 0 1632 2448 16 0 0 0 0 0 0 3919 177 0 0 0 0 0 0 21 4069 6
0 0 0 0 945 3151 0 0 0 0 0 0 0 4036 60 0 0 0 0 0 0 598 3498 0
0 0 0 0 10 3383 703 0 0 0 0 0 0 2896 1200 0 0 0 0 0 0 1180 2844 72
0 0 0 0 0 3203 758 135 0 0 0 0 0 2615 1342 139 0 0 0 0 0 2091 1849 156
0 0 0 0 0 2620 1476 0 0 0 0 0 0 1752 2340 4 0 0 0 0 0 2311 1717 68
0 0 0 0 0 26 3075 995 0 0 0 0 0 21 3483 592 0 0 0 0 0 1037 3005 54
0 0 0 0 0 157 1620 2319 0 0 0 0 0 1 2663 1432 0 0 0 0 0 57 3023 1016
0 0 0 0 0 31 3040 1025 0 0 0 0 0 0 3399 697 0 0 0 0 0 48 1925 2123
0 0 0 0 0 0 2802 1294 0 0 0 0 0 0 3635 461 0 0 0 0 0 5 2025 2066
0 0 0 0 0 0 1528 2568 0 0 0 0 0 0 1902 2194 0 0 0 0 0 4 2054 2038
133 1771 1660 418 82 24 6 2 59 1506 1949 466 80 27 7 2 2903 954 178 36 17 7 1 0
18 526 1529 1239 598 154 30 2 31 696 1715 1180 386 80 6 2 1744 1453 693 169 34 3 0 0
45 719 1907 1185 218 20 2 0 22 847 2157 945 115 9 1 0 2246 1595 230 22 3 0 0 0
436 3024 609 27 0 0 0 0 107 3159 808 22 0 0 0 0 3838 256 2 0 0 0 0 0
24 1252 2172 483 159 6 0 0 10 813 2448 614 201 10 0 0 2938 572 260 226 99 1 0 0
0 229 420 716 1987 741 3 0 0 41 521 527 2258 749 0 0 325 224 178 453 2357 559 0 0
0 0 0 3 1224 2762 107 0 0 0 0 0 1121 2917 58 0 0 0 0 0 1770 2231 95 0
0 0 0 1 2645 1423 27 0 0 0 0 0 1257 2811 28 0 0 0 0 0 1227 2030 839 0
0 0 0 0 977 3119 0 0 0 0 0 0 333 3763 0 0 0 0 0 0 451 3173 472 0
0 0 0 0 2409 1684 3 0 0 0 0 0 379 3712 5 0 0 0 0 0 235 1991 1870 0
0 0 0 0 3057 1021 18 0 0 0 0 0 661 3409 26 0 0 0 0 0 87 2153 1856 0
0 0 0 0 2135 1935 26 0 0 0 0 0 795 3249 52 0 0 0 0 0 811 2951 334 0
0 0 0 0 1719 2377 0 0 0 0 0 0 388 3708 0 0 0 0 0 0 515 3581 0 0
0 0 0 0 310 3475 309 2 0 0 0 0 29 3837 228 2 0 0 0 0 256 3787 53 0
0 0 0 0 15 2351 1629 101 0 0 0 0 32 2643 1405 16 0 0 0 0 133 3801 162 0
0 0 0 0 0 1215 2395 486 0 0 0 0 0 1639 2364 93 0 0 0 0 24 3621 451 0
0 0 0 0 0 655 2782 659 0 0 0 0 0 1372 2506 218 0 0 0 0 0 3334 762 0
0 0 0 0 0 44 3216 836 0 0 0 0 0 1540 2408 148 0 0 0 0 0 3578 518 0
0 0 0 0 0 0 2590 1506 0 0 0 0 0 918 2150 1028 0 0 0 0 0 2514 1378 204
0 0 0 0 0 0 3275 821 0 0 0 0 0 0 3835 261 0 0 0 0 0 3135 961 0
0 0 0 0 0 0 974 3122 0 0 0 0 0 0 3502 594 0 0 0 0 0 1513 2545 38
1025 2172 721 157 20 1 0 0 290 2276 1227 265 31 7 0 0 3244 699 131 20 2 0 0 0
474 1595 1246 583 170 24 2 2 225 1691 1433 606 128 11 1 1 2655 1080 319 38 2 2 0 0
66 615 1522 1295 471 117 9 1 65 741 1756 1156 315 59 4 0 1851 1569 522 138 13 3 0 0
121 1591 1914 416 49 4 1 0 32 1389 2253 379 41 2 0 0 2889 1096 95 14 2 0 0 0
97 1510 2237 243 9 0 0 0 33 1168 2537 340 18 0 0 0 3268 774 54 0 0 0 0 0
0 494 2745 803 54 0 0 0 0 114 2752 1000 230 0 0 0 2351 664 439 405 237 0 0 0
0 0 60 3225 811 0 0 0 0 0 1 2339 1756 0 0 0 0 0 19 2033 2044 0 0 0
0 0 0 2872 1220 4 0 0 0 0 0 2044 2040 12 0 0 0 0 0 1720 2376 0 0 0
0 0 0 2475 1525 96 0 0 0 0 0 861 3111 124 0 0 0 0 0 300 3738 58 0 0
0 0 0 1458 2632 6 0 0 0 0 0 32 4051 13 0 0 0 0 0 0 4079 17 0 0
0 0 0 276 3421 399 0 0 0 0 0 0 3601 495 0 0 0 0 0 0 3795 301 0 0
0 0 0 0 3964 132 0 0 0 0 0 0 3874 222 0 0 0 0 0 0 3931 165 0 0
0 0 0 0 3459 637 0 0 0 0 0 0 3170 926 0 0 0 0 0 0 3745 351 0 0
0 0 0 0 1226 2489 381 0 0 0 0 0 1181 2763 152 0 0 0 0 0 2923 1173 0 0
0 0 0 0 0 2833 1263 0 0 0 0 0 0 3498 598 0 0 0 0 0 1307 2789 0 0
0 0 0 0 0 2717 1306 73 0 0 0 0 0 3243 853 0 0 0 0 0 303 3791 2 0
0 0 0 0 0 2847 1249 0 0 0 0 0 0 4091 5 0 0 0 0 0 19 4077 0 0
0 0 0 0 0 252 3844 0 0 0 0 0 0 2540 1556 0 0 0 0 0 0 4096 0 0
0 0 0 0 0 0 3034 1062 0 0 0 0 0 456 3640 0 0 0 0 0 0 4096 0 0
0 0 0 0 0 0 957 3139 0 0 0 0 0 0 3497 599 0 0 0 0 0 2737 1359 0
0 0 0 0 0 0 23 4073 0 0 0 0 0 0 2263 1833 0 0 0 0 0 1127 2969 0
454 2032 1099 376 124 11 0 0 217 1931 1374 427 136 11 0 0 2856 873 276 84 7 0 0 0
1230 1759 760 268 60 18 1 0 679 1962 1014 335 84 19 3 0 2882 829 288 67 26 4 0 0
310 1809 1391 474 100 12 0 0 174 1840 1511 476 88 7 0 0 2933 916 213 30 4 0 0 0
1186 2214 552 128 16 0 0 0 213 2531 1128 177 44 3 0 0 3366 603 102 25 0 0 0 0
1056 2073 922 45 0 0 0 0 101 2652 1259 84 0 0 0 0 3732 357 7 0 0 0 0 0
9 791 2774 501 21 0 0 0 5 643 2731 691 25 1 0 0 3112 896 74 14 0 0 0 0
0 73 2679 1341 3 0 0 0 0 2 1691 2400 3 0 0 0 1051 930 818 1297 0 0 0 0
0 0 303 3793 0 0 0 0 0 0 22 4074 0 0 0 0 0 21 181 3894 0 0 0 0
0 0 0 4096 0 0 0 0 0 0 0 4096 0 0 0 0 0 0 0 4064 32 0 0 0
0 0 0 4096 0 0 0 0 0 0 0 3789 307 0 0 0 0 0 0 3716 380 0 0 0
0 0 0 2985 1111 0 0 0 0 0 0 2091 2005 0 0 0 0 0 0 2283 1813 0 0 0
0 0 0 1025 3071 0 0 0 0 0 0 879 3217 0 0 0 0 0 0 1247 2849 0 0 0
0 0 0 240 3856 0 0 0 0 0 0 190 3906 0 0 0 0 0 0 374 3722 0 0 0
0 0 0 10 1814 2272 0 0 0 0 0 13 2953 1130 0 0 0 0 5 28 4063 0 0 0
0 0 0 3 31 4062 0 0 0 0 0 5 91 4000 0 0 0 0 1 20 4075 0 0 0
0 0 0 7 29 3866 194 0 0 0 0 12 37 4043 4 0 0 0 7 32 2514 1543 0 0
0 0 0 0 0 1255 2841 0 0 0 0 0 0 4069 27 0 0 0 0 0 2161 1935 0 0
0 0 0 0 0 0 4096 0 0 0 0 0 0 867 3229 0 0 0 0 0 59 4037 0 0
0 0 0 0 0 0 1791 2305 0 0 0 0 0 3 4093 0 0 0 0 0 0 4096 0 0
0 0 0 0 0 0 0 4096 0 0 0 0 0 0 3542 554 0 0 0 0 0 2825 1271 0
0 0 0 0 0 0 0 4096 0 0 0 0 0 0 984 3112 0 0 0 0 0 932 3164 0
621 1400 1075 613 302 76 9 0 529 1469 1178 587 271 55 7 0 2178 1106 544 219 42 7 0 0
307 924 1334 948 436 127 19 1 271 1103 1444 897 315 62 4 0 1956 1279 623 205 30 3 0 0
196 1513 1500 618 215 48 6 0 157 1440 1591 657 203 44 4 0 2547 1040 392 95 21 1 0 0
943 2365 630 129 24 4 1 0 180 2066 1517 265 55 11 2 0 3285 666 115 24 6 0 0 0
1943 1694 348 98 13 0 0 0 549 2841 577 117 12 0 0 0 3606 416 68 6 0 0 0 0
156 841 1846 1127 120 6 0 0 102 1034 2177 747 36 0 0 0 2490 1424 173 9 0 0 0 0
0 159 1752 1767 391 27 0 0 0 183 2198 1562 152 1 0 0 2014 1800 268 14 0 0 0 0
1 1137 2789 151 14 4 0 0 0 259 3271 539 17 8 2 0 2193 1259 595 35 10 4 0 0
0 231 3196 584 73 12 0 0 0 8 3104 887 80 17 0 0 965 1084 1603 367 68 9 0 0
0 93 2725 1152 112 13 1 0 0 2 2879 1083 112 18 2 0 0 354 3075 563 93 11 0 0
0 21 3191 768 100 16 0 0 0 1 2906 1061 103 24 1 0 0 121 3275 613 75 12 0 0
0 9 2398 1287 272 117 13 0 0 13 2162 1528 265 116 12 0 0 132 2870 802 226 61 5 0
0 27 2112 1699 195 57 6 0 0 25 1982 1827 204 54 4 0 0 105 2943 904 118 25 1 0
0 5 2007 1669 260 125 25 5 0 8 2002 1688 256 119 17 6 0 99 3044 693 198 54 6 2
0 14 763 2764 426 114 15 0 0 13 747 2840 382 103 11 0 0 72 2455 1275 247 45 2 0
0 0 367 3033 387 179 110 20 0 0 386 3103 322 169 102 14 0 2 2248 1428 218 141 58 1
0 0 72 2114 808 507 448 147 0 0 119 2354 666 488 424 45 0 4 1331 1451 649 494 167 0
0 0 31 1073 1779 595 504 114 0 1 65 1679 1343 526 434 48 0 5 998 1619 827 519 126 2
0 0 6 1504 1868 195 373 150 0 0 38 2152 1268 185 405 48 0 3 868 2493 251 401 78 2
0 0 0 1359 2244 231 76 186 0 0 5 2150 1507 205 203 26 0 0 739 2825 272 241 19 0
0 0 0 754 3104 63 40 135 0 0 7 1603 2292 43 96 55 0 0 413 3458 73 103 49 0
711 1395 1102 618 222 40 6 2 472 1426 1274 678 205 35 5 1 2211 1172 544 136 26 7 0 0
357 1087 1376 839 333 94 10 0 337 1132 1398 838 305 79 7 0 1822 1330 658 229 52 5 0 0
237 1665 1400 582 163 44 5 0 106 1336 1693 722 192 43 4 0 2478 1123 377 96 21 1 0 0
154 1955 1400 463 110 14 0 0 21 1133 2085 663 174 19 1 0 2850 924 273 44 5 0 0 0
608 2322 968 170 26 2 0 0 138 1925 1673 309 44 7 0 0 3200 737 135 21 3 0 0 0
11 555 1979 1313 229 9 0 0 4 451 2237 1290 107 7 0 0 2054 1777 250 14 1 0 0 0
11 358 1734 1607 363 19 3 1 5 281 2205 1495 102 7 1 0 1811 1948 321 13 3 0 0 0
9 806 1595 1310 362 14 0 0 1 524 2113 1358 96 4 0 0 1988 1823 275 10 0 0 0 0
273 1486 1985 336 16 0 0 0 6 1373 2128 575 14 0 0 0 2936 1095 64 1 0 0 0 0
0 148 2833 1095 20 0 0 0 0 38 2567 1472 19 0 0 0 1826 1724 544 2 0 0 0 0
23 537 1575 1890 67 4 0 0 7 329 1979 1684 90 7 0 0 283 1178 1810 810 13 2 0 0
26 340 813 2854 58 5 0 0 17 305 1622 2087 60 4 1 0 59 843 1759 1406 26 3 0 0
1 40 511 3466 77 1 0 0 2 37 1520 2452 84 1 0 0 12 317 2392 1359 15 1 0 0
0 0 687 2590 819 0 0 0 0 0 1792 1613 691 0 0 0 0 153 2421 1485 37 0 0 0
4 19 929 2138 938 66 2 0 5 25 1874 1199 956 37 0 0 9 179 2131 1342 429 6 0 0
0 15 898 1687 1109 383 4 0 0 22 1097 1519 1333 121 4 0 6 57 1799 1146 1045 42 1 0
0 19 1052 1507 722 780 14 2 0 30 1054 1561 1083 358 9 1 0 139 1646 1225 1043 38 4 1
0 3 953 2121 636 338 36 9 0 3 1076 2135 593 254 32 3 0 130 2044 1420 425 66 11 0
0 1 859 2023 1055 130 28 0 0 0 923 2182 867 107 17 0 0 149 1967 1697 238 43 2 0
0 1 645 2344 1098 8 0 0 0 2 769 2531 789 5 0 0 0 95 2070 1865 66 0 0 0
0 3 398 2292 1392 11 0 0 0 4 496 2604 987 5 0 0 0 90 1586 2345 73 2 0 0
758 2315 816 172 28 6 1 0 152 1927 1632 311 64 9 1 0 3085 802 170 32 6 1 0 0
649 1575 1123 534 161 47 7 0 305 1577 1384 592 188 42 8 0 2331 1133 474 124 29 4 1 0
173 1426 1534 700 211 49 3 0 78 1158 1718 831 256 51 4 0 2239 1228 486 122 19 2 0 0
74 1464 1775 630 137 14 2 0 16 864 2146 845 199 24 2 0 2650 1075 318 49 4 0 0 0
23 1849 1881 311 28 4 0 0 0 713 2717 604 55 7 0 0 3045 934 105 11 1 0 0 0
42 1046 2312 643 51 2 0 0 2 423 2634 961 68 8 0 0 2502 1447 135 12 0 0 0 0
0 321 2392 1261 116 6 0 0 0 114 2411 1474 96 1 0 0 2230 1678 183 5 0 0 0 0
0 75 1511 2006 478 26 0 0 0 55 1670 2152 215 4 0 0 1459 2077 544 16 0 0 0 0
11 847 1977 1130 130 1 0 0 1 498 2145 1382 70 0 0 0 1924 2007 164 1 0 0 0 0
11 908 2001 1019 155 2 0 0 0 460 2262 1296 78 0 0 0 2230 1585 278 3 0 0 0 0
5 230 2398 1301 150 12 0 0 2 157 2161 1564 193 18 1 0 1907 1499 463 197 26 4 0 0
84 1056 1626 922 307 93 8 0 55 827 1690 1041 362 110 11 0 346 1555 1389 588 184 33 1 0
127 1059 1571 985 276 71 7 0 91 970 1624 1036 287 79 9 0 269 1300 1567 720 192 45 3 0
89 836 1159 1857 134 18 3 0 66 777 1334 1750 146 20 2 1 164 1038 2380 419 83 10 2 0
55 722 709 2569 38 3 0 0 42 710 1660 1643 40 1 0 0 101 857 2955 155 27 1 0 0
48 300 321 3406 20 1 0 0 38 308 3008 723 17 2 0 0 64 412 3496 112 12 0 0 0
0 4 24 3766 53 249 0 0 1 3 3024 771 114 183 0 0 1 119 3662 51 263 0 0 0
0 1 15 2890 72 1114 4 0 1 0 2300 627 233 935 0 0 1 79 2821 70 1123 2 0 0
0 2 87 2298 374 1335 0 0 0 3 1860 580 422 1231 0 0 0 119 2079 474 1422 2 0 0
0 0 90 1629 832 1091 454 0 0 2 1214 677 710 1490 3 0 0 79 1486 886 1624 21 0 0
0 0 33 930 1558 497 1078 0 0 0 414 875 1315 1400 92 0 0 135 608 1643 1311 399 0 0
627 2314 931 192 28 4 0 0 125 2133 1483 290 60 5 0 0 3083 816 167 27 3 0 0 0
718 2229 826 247 56 18 2 0 170 2061 1366 379 87 29 4 0 2908 862 247 56 19 4 0 0
398 1830 1159 495 162 39 9 4 130 1538 1513 648 196 56 11 4 2426 1106 400 125 32 4 3 0
101 1071 1718 900 265 39 2 0 79 962 1794 959 267 33 2 0 2247 1305 446 92 6 0 0 0
114 1870 1598 456 49 8 1 0 19 1215 2161 611 73 16 1 0 2894 1034 144 17 7 0 0 0
103 2231 1470 268 23 1 0 0 4 1050 2547 443 44 8 0 0 3137 851 93 15 0 0 0 0
1 695 2458 834 98 10 0 0 0 303 2753 960 73 7 0 0 1608 2257 208 21 2 0 0 0
16 1123 1917 1010 30 0 0 0 0 765 2279 1046 6 0 0 0 1082 2737 277 0 0 0 0 0
0 46 1147 2346 540 16 1 0 0 74 1686 2173 158 5 0 0 897 2646 536 16 1 0 0 0
0 27 766 2308 944 51 0 0 0 42 1259 2519 270 6 0 0 443 2265 1326 62 0 0 0 0
0 130 1618 1973 366 9 0 0 0 135 1883 1861 210 7 0 0 1009 2392 658 33 4 0 0 0
1 196 1906 1760 223 7 3 0 0 93 1969 1850 171 9 4 0 840 2450 742 55 6 3 0 0
32 578 2372 909 159 37 9 0 16 297 2399 1145 190 39 10 0 1195 2061 575 187 63 12 3 0
84 803 1631 1094 376 99 9 0 64 604 1683 1205 419 110 11 0 599 1563 1098 586 195 54 1 0
125 1094 1450 895 393 121 18 0 126 1111 1479 903 364 103 10 0 319 1431 1336 728 231 49 2 0
145 1241 1595 814 247 53 1 0 155 1255 1620 783 235 47 1 0 284 1480 1503 630 172 27 0 0
139 1165 1498 1078 179 35 2 0 145 1206 1590 964 163 27 1 0 248 1387 1882 452 113 14 0 0
157 1060 1006 1779 81 13 0 0 134 1051 1238 1581 80 12 0 0 244 1190 2306 287 58 11 0 0
121 700 624 2600 51 0 0 0 106 694 869 2384 42 1 0 0 197 759 2894 220 26 0 0 0
65 229 185 3610 7 0 0 0 39 217 1105 2731 4 0 0 0 127 483 3459 26 1 0 0 0
0 0 4 4092 0 0 0 0 0 2 1946 2148 0 0 0 0 0 274 3822 0 0 0 0 0
1127 2027 706 177 55 4 0 0 440 2248 1076 249 71 11 1 0 3022 808 209 53 4 0 0 0
720 2056 941 308 63 8 0 0 308 1992 1245 443 98 10 0 0 2808 939 284 55 10 0 0 0
757 1875 956 363 112 26 3 4 328 1850 1279 462 135 32 5 5 2671 992 305 100 21 3 4 0
267 1271 1421 781 292 57 6 1 176 1244 1575 790 264 40 7 0 2322 1166 472 115 19 2 0 0
322 2114 1252 298 87 20 3 0 107 1695 1739 428 99 22 6 0 2878 940 211 52 14 1 0 0
698 2277 930 173 18 0 0 0 85 1827 1729 392 59 4 0 0 2969 918 185 23 1 0 0 0
161 1895 1750 235 44 10 1 0 11 781 2694 507 74 28 1 0 2725 1199 127 36 8 1 0 0
668 2684 542 168 25 7 2 0 40 2620 1170 210 44 10 1 1 3042 883 129 32 8 2 0 0
193 1543 1722 568 62 8 0 0 28 1281 2023 681 75 8 0 0 2179 1609 280 24 4 0 0 0
18 1065 2182 761 63 7 0 0 4 742 2471 828 47 4 0 0 1783 2050 247 16 0 0 0 0
37 1278 1523 1021 231 6 0 0 1 951 2038 1034 70 2 0 0 1563 2066 447 20 0 0 0 0
0 293 2037 1543 220 3 0 0 0 158 2058 1747 131 2 0 0 1042 2519 518 17 0 0 0 0
0 88 1478 2030 495 5 0 0 0 47 1578 2239 231 1 0 0 479 2615 979 23 0 0 0 0
1 365 1830 1424 461 15 0 0 0 139 1865 1807 272 13 0 0 971 2170 887 65 3 0 0 0
54 970 1835 918 266 50 3 0 21 652 1951 1102 306 61 3 0 882 1825 882 392 97 18 0 0
159 1273 1551 775 269 65 4 0 107 1094 1684 841 302 64 4 0 318 1667 1310 600 169 31 1 0
211 1022 1521 865 372 93 11 1 181 976 1560 889 378 98 13 1 399 1270 1408 727 240 46 5 1
133 1468 1531 692 223 40 9 0 152 1515 1510 681 194 36 8 0 292 1740 1352 555 132 18 7 0
213 1858 1494 451 67 12 1 0 202 1842 1512 463 64 12 1 0 293 1968 1415 360 51 8 1 0
265 1747 1454 523 95 11 1 0 233 1765 1481 510 93 13 1 0 376 1936 1326 390 60 8 0 0
279 1563 1331 869 50 4 0 0 233 1546 1821 443 48 5 0 0 434 1856 1542 229 32 3 0 0
1235 1587 766 349 131 27 1 0 690 1836 977 407 154 31 1 0 2689 886 365 125 30 1 0 0
994 1363 900 548 228 58 5 0 633 1496 1033 618 248 60 8 0 2352 1040 473 192 33 6 0 0
356 1154 1377 785 316 96 11 1 286 1110 1446 829 326 86 13 0 1935 1251 615 220 66 9 0 0
263 1273 1330 702 341 130 46 11 258 1254 1407 691 324 123 33 6 2057 1156 533 242 82 20 6 0
214 1709 1529 501 109 28 6 0 103 1451 1765 608 125 34 9 1 2461 1223 319 61 27 5 0 0
1317 2078 562 105 31 3 0 0 259 2419 1122 240 49 6 1 0 3286 664 111 32 3 0 0 0
841 2438 706 98 11 2 0 0 147 1977 1715 219 35 3 0 0 3421 588 77 8 2 0 0 0
327 2518 1089 151 10 1 0 0 40 1893 1837 300 25 1 0 0 2914 1031 141 9 1 0 0 0
465 2267 1142 209 13 0 0 0 39 1981 1738 313 25 0 0 0 2855 1105 127 9 0 0 0 0
174 1692 1717 456 53 4 0 0 8 1352 2228 447 57 4 0 0 2073 1820 172 29 2 0 0 0
360 2251 1146 293 39 6 1 0 45 2031 1616 350 46 7 1 0 2569 1310 181 31 4 1 0 0
89 1043 2089 843 31 1 0 0 13 817 2311 904 50 1 0 0 1740 2085 262 8 1 0 0 0
38 952 1850 961 291 4 0 0 4 587 2158 1182 165 0 0 0 1615 1951 512 18 0 0 0 0
56 956 1726 1210 143 5 0 0 0 603 2095 1290 100 7 1 0 1489 2128 454 20 4 1 0 0
245 1655 1566 583 45 1 1 0 0 1137 2176 743 38 1 1 0 2129 1728 230 7 1 1 0 0
464 1942 1228 337 89 32 4 0 121 1542 1746 543 102 37 5 0 1776 1491 573 181 54 20 1 0
414 2073 974 418 180 35 2 0 314 1987 1107 450 193 43 2 0 765 1978 857 363 118 15 0 0
285 1711 1242 521 252 82 3 0 265 1743 1292 495 236 63 2 0 416 1895 1173 433 147 31 1 0
230 1355 1175 789 421 115 11 0 277 1458 1192 735 341 88 5 0 592 1602 1041 626 206 28 1 0
182 1663 1403 582 222 42 1 1 212 1632 1444 567 208 31 1 1 492 1794 1201 461 132 14 2 0
211 1863 1399 470 130 23 0 0 176 1831 1467 476 127 19 0 0 361 2066 1226 353 84 6 0 0
