0 1 4095 0 0 0 0 0 0 0 22 4074 0 0 0 0 0 0 0 11 4085 0 0 0
0 0 2464 1632 0 0 0 0 0 0 0 1832 2264 0 0 0 0 0 0 0 1541 2555 0 0
0 0 69 4027 0 0 0 0 0 0 0 7 4089 0 0 0 0 0 0 0 0 4096 0 0
0 0 17 4079 0 0 0 0 0 0 0 3 4093 0 0 0 0 0 0 0 1 4095 0 0
38 1136 2440 138 117 127 89 11 0 56 1410 2150 126 117 121 116 0 10 253 1915 1506 117 113 182
7 94 2250 1078 224 195 193 55 0 10 140 2039 1205 243 194 265 0 4 41 490 2042 975 214 330
8 106 1414 2032 258 132 107 39 1 19 291 1136 2162 213 132 142 1 14 132 686 1525 1407 145 186
11 217 1198 1705 599 234 83 49 1 72 735 1155 1562 366 127 78 4 72 489 1312 989 1054 110 66
90 1778 975 550 343 195 162 3 0 168 1702 906 543 371 218 188 0 10 1060 1400 668 433 271 254
23 501 1269 710 531 478 471 113 4 34 555 1057 698 558 525 665 2 14 231 1126 825 615 509 774
137 836 1301 448 329 408 431 206 45 437 1231 549 398 349 395 692 16 264 989 899 438 338 386 766
776 1454 1045 406 231 104 56 24 494 1373 1225 469 288 113 70 64 92 1401 1515 576 274 105 65 68
114 951 799 666 613 547 351 55 35 173 863 750 633 600 583 459 17 46 702 862 689 616 604 560
139 366 905 583 578 621 687 217 97 100 294 842 594 546 632 991 39 125 192 843 643 537 628 1089
434 829 566 420 427 531 558 331 256 706 399 438 385 405 570 937 107 678 466 467 416 401 569 992
1235 1056 787 461 279 169 81 28 1099 774 755 608 372 248 152 88 618 1133 722 705 402 255 163 98
