0 0 0 0 0 87 4009 0 0 0 0 0 0 0 4096 0 0 0 0 0 0 0 34 4062
0 0 0 0 0 9 4087 0 0 0 0 0 0 2 4094 0 0 0 0 0 0 0 12 4084
0 0 0 0 0 0 4096 0 0 0 0 0 0 0 3952 144 0 0 0 0 0 0 0 4096
0 0 0 0 0 0 4096 0 0 0 0 0 0 0 746 3350 0 0 0 0 0 0 0 4096
0 0 0 0 0 0 4096 0 0 0 0 0 0 0 31 4065 0 0 0 0 0 0 0 4096
0 0 0 0 0 0 3839 257 0 0 0 0 0 0 0 4096 0 0 0 0 0 0 0 4096
0 0 0 0 0 0 3301 795 0 0 0 0 0 0 17 4079 0 0 0 0 0 0 0 4096
0 0 0 0 0 0 3888 208 0 0 0 0 0 0 1175 2921 0 0 0 0 0 0 0 4096
0 0 0 0 0 12 4084 0 0 0 0 0 0 0 3860 236 0 0 0 0 0 0 0 4096
0 0 0 0 0 0 4096 0 0 0 0 0 0 0 4096 0 0 0 0 0 0 0 0 4096
0 0 0 0 0 0 4096 0 0 0 0 0 0 0 3956 140 0 0 0 0 0 0 0 4096
0 0 0 15 19 25 4036 1 0 0 0 13 20 20 3713 330 0 0 1 13 19 16 37 4010
0 0 76 420 638 865 2089 8 0 0 19 354 558 721 2185 259 0 0 52 275 451 589 882 1847
0 0 84 355 563 950 2132 12 0 0 20 270 467 719 2384 236 0 0 22 191 346 564 1071 1902
0 98 694 877 754 770 900 3 0 19 604 817 768 659 1212 17 3 224 458 636 691 625 783 676
0 83 829 1078 781 807 516 2 0 38 565 1143 814 692 843 1 0 37 502 971 852 648 882 204
0 0 0 0 80 2474 1542 0 0 0 0 0 0 645 3451 0 0 0 0 0 0 0 1345 2751
0 0 0 0 6 1573 2517 0 0 0 0 0 0 212 3884 0 0 0 0 0 0 0 604 3492
0 0 0 0 27 1928 2141 0 0 0 0 0 0 234 3862 0 0 0 0 0 0 0 600 3496
0 0 0 0 0 886 3210 0 0 0 0 0 0 3 4085 8 0 0 0 0 0 0 130 3966
0 0 0 0 0 17 4079 0 0 0 0 0 0 0 2996 1100 0 0 0 0 0 0 0 4096
0 0 0 0 0 0 4096 0 0 0 0 0 0 0 332 3764 0 0 0 0 0 0 0 4096
0 0 0 0 0 0 1776 2320 0 0 0 0 0 0 0 4096 0 0 0 0 0 0 0 4096
0 0 0 0 0 0 240 3856 0 0 0 0 0 0 0 4096 0 0 0 0 0 0 0 4096
0 0 0 0 0 0 2101 1995 0 0 0 0 0 0 569 3527 0 0 0 0 0 0 0 4096
0 0 0 0 0 0 4055 41 0 0 0 0 0 0 1677 2419 0 0 0 0 0 0 0 4096
0 0 0 0 0 0 3495 601 0 0 0 0 0 0 1215 2881 0 0 0 0 0 0 0 4096
0 0 0 0 0 0 2443 1653 0 0 0 0 0 0 1119 2977 0 0 0 0 0 0 0 4096
0 0 0 0 3 19 3223 851 0 0 0 0 2 5 1586 2503 0 0 0 0 0 3 23 4070
1 9 134 301 361 535 2553 202 0 4 83 273 333 448 1282 1673 0 11 123 240 272 361 602 2487
0 42 441 582 618 831 1455 127 0 4 315 589 582 728 1128 750 0 68 271 448 556 659 890 1204
1 67 320 423 403 651 2188 43 0 11 192 462 404 484 1872 671 9 62 212 360 349 400 792 1912
0 0 0 0 317 1428 2351 0 0 0 0 0 0 812 3284 0 0 0 0 0 0 0 895 3201
0 0 0 0 662 1563 1871 0 0 0 0 0 0 1257 2839 0 0 0 0 0 0 0 1381 2715
0 0 0 0 791 1787 1518 0 0 0 0 0 0 1216 2880 0 0 0 0 0 0 0 1367 2729
0 0 0 0 270 2607 1219 0 0 0 0 0 0 388 3488 220 0 0 0 0 0 0 412 3684
0 0 0 11 1086 2194 805 0 0 0 0 0 0 1106 2972 18 0 0 0 0 0 0 913 3183
0 0 0 68 966 1120 1942 0 0 0 0 0 0 1025 2460 611 0 0 0 0 0 0 735 3361
0 0 0 0 0 0 3310 786 0 0 0 0 0 0 112 3984 0 0 0 0 0 0 0 4096
0 0 0 0 0 0 622 3474 0 0 0 0 0 0 0 4096 0 0 0 0 0 0 0 4096
0 0 0 0 0 0 61 4035 0 0 0 0 0 0 0 4096 0 0 0 0 0 0 0 4096
0 0 0 0 0 0 270 3826 0 0 0 0 0 0 0 4096 0 0 0 0 0 0 0 4096
0 0 0 0 0 0 30 4066 0 0 0 0 0 0 0 4096 0 0 0 0 0 0 0 4096
0 2 9 15 14 13 22 4021 0 0 8 13 17 10 19 4029 0 1 8 14 16 9 21 4027
9 459 504 238 198 119 211 2358 1 224 585 339 198 153 154 2442 134 523 335 200 187 126 153 2438
149 1189 849 370 272 228 427 612 24 814 1137 486 293 251 273 818 657 1097 482 317 233 222 267 821
307 1908 912 267 170 135 336 61 84 1371 1458 421 167 148 161 286 1167 1558 446 209 143 127 132 314
197 2841 818 148 63 24 5 0 14 1662 2038 239 88 37 13 5 2653 1056 203 108 37 25 10 4
0 0 0 0 264 2073 1759 0 0 0 0 0 0 429 3667 0 0 0 0 0 0 0 322 3774
0 0 0 0 0 542 3554 0 0 0 0 0 0 0 2703 1393 0 0 0 0 0 0 0 4096
0 0 0 0 0 0 4096 0 0 0 0 0 0 0 1053 3043 0 0 0 0 0 0 0 4096
0 0 0 0 0 0 4096 0 0 0 0 0 0 0 39 4057 0 0 0 0 0 0 0 4096
0 0 0 0 16 357 2865 858 0 0 0 0 0 9 1154 2933 0 0 0 0 0 0 2 4094
0 0 0 9 1240 1158 1477 212 0 0 0 0 0 1021 1957 1118 0 0 0 0 0 0 135 3961
0 0 0 0 86 885 3101 24 0 0 0 0 0 17 2690 1389 0 0 0 0 0 0 0 4096
0 0 0 0 0 0 2581 1515 0 0 0 0 0 0 0 4096 0 0 0 0 0 0 0 4096
0 0 0 0 0 0 24 4072 0 0 0 0 0 0 0 4096 0 0 0 0 0 0 0 4096
0 0 0 0 0 0 0 4096 0 0 0 0 0 0 0 4096 0 0 0 0 0 0 0 4096
0 0 0 0 0 0 30 4066 0 0 0 0 0 0 0 4096 0 0 0 0 0 0 0 4096
11 147 285 229 153 146 767 2358 2 70 266 273 162 143 194 2986 31 157 210 212 161 150 166 3009
229 1490 749 359 258 225 380 406 67 1179 1073 411 286 220 299 561 472 1244 624 366 269 242 271 608
453 1749 648 350 234 155 270 237 150 1553 1017 400 252 165 197 362 1019 1320 522 303 229 155 192 356
1162 1902 557 201 109 66 67 32 487 2135 893 273 125 73 70 40 2362 1016 299 154 103 66 56 40
587 2736 615 94 33 19 7 5 231 2103 1556 125 45 20 9 7 3004 862 106 64 29 18 6 7
0 0 0 0 0 209 3887 0 0 0 0 0 0 0 4090 6 0 0 0 0 0 0 0 4096
0 0 0 0 0 1601 2495 0 0 0 0 0 0 0 4080 16 0 0 0 0 0 0 0 4096
0 0 0 0 0 1575 2521 0 0 0 0 0 0 0 2820 1276 0 0 0 0 0 0 0 4096
0 0 0 0 0 353 2687 1056 0 0 0 0 0 0 1136 2960 0 0 0 0 0 0 0 4096
0 0 0 0 0 0 1038 3058 0 0 0 0 0 0 26 4070 0 0 0 0 0 0 0 4096
0 0 0 0 0 0 860 3236 0 0 0 0 0 0 31 4065 0 0 0 0 0 0 0 4096
0 0 0 0 0 0 2945 1151 0 0 0 0 0 0 636 3460 0 0 0 0 0 0 0 4096
0 0 0 0 0 0 3905 191 0 0 0 0 0 0 41 4055 0 0 0 0 0 0 0 4096
0 0 0 0 0 0 2571 1525 0 0 0 0 0 0 0 4096 0 0 0 0 0 0 0 4096
0 0 0 0 0 0 2681 1415 0 0 0 0 0 0 0 4096 0 0 0 0 0 0 0 4096
0 0 1 3 3 3 3550 536 0 0 0 3 2 4 292 3795 0 0 0 1 2 4 5 4084
82 971 802 342 224 252 1324 99 17 571 1050 436 269 232 437 1084 244 973 517 289 244 222 226 1381
280 1311 653 281 211 189 1113 58 74 1064 941 360 230 180 477 770 584 1080 448 283 212 175 224 1090
908 1714 521 275 179 156 264 79 370 1947 718 297 223 150 160 231 1259 1304 470 301 177 166 160 259
911 1664 613 321 218 150 158 61 399 1856 834 339 264 156 130 118 1525 1151 480 304 233 136 132 135
678 2610 628 101 43 23 12 1 342 2285 1239 131 61 21 13 4 2701 1096 162 68 39 19 8 3
0 0 0 0 0 654 3442 0 0 0 0 0 0 0 3471 625 0 0 0 0 0 0 0 4096
0 0 0 0 0 23 4073 0 0 0 0 0 0 0 1900 2196 0 0 0 0 0 0 0 4096
0 0 0 0 0 84 4012 0 0 0 0 0 0 0 1456 2640 0 0 0 0 0 0 0 4096
0 0 0 0 238 1835 2023 0 0 0 0 0 0 2 2738 1356 0 0 0 0 0 0 0 4096
0 0 0 0 193 1552 2351 0 0 0 0 0 0 0 3203 893 0 0 0 0 0 0 0 4096
0 0 0 0 0 816 2766 514 0 0 0 0 0 0 2306 1790 0 0 0 0 0 0 0 4096
0 0 0 0 0 0 2327 1769 0 0 0 0 0 0 183 3913 0 0 0 0 0 0 0 4096
0 0 0 0 0 0 1519 2577 0 0 0 0 0 0 0 4096 0 0 0 0 0 0 0 4096
0 0 0 0 0 0 2827 1269 0 0 0 0 0 0 0 4096 0 0 0 0 0 0 0 4096
0 0 0 0 0 0 3856 240 0 0 0 0 0 0 438 3658 0 0 0 0 0 0 0 4096
0 0 0 0 0 0 3217 879 0 0 0 0 0 0 49 4047 0 0 0 0 0 0 0 4096
0 0 0 0 0 46 3552 498 0 0 0 0 0 0 1535 2561 0 0 0 0 0 0 0 4096
59 224 172 138 132 191 2890 290 11 189 197 137 141 163 846 2412 18 128 180 161 131 155 226 3097
446 1558 710 387 258 170 462 105 149 1595 829 432 285 189 267 350 934 1267 561 262 206 204 235 427
442 1419 1057 525 230 188 188 47 188 1229 1236 679 289 187 173 115 1289 1376 461 271 237 180 163 119
716 1981 1015 232 68 28 39 17 379 1724 1477 340 76 38 32 30 2545 1140 201 61 56 28 35 30
0 0 0 0 2251 1830 15 0 0 0 0 0 0 203 3893 0 0 0 0 0 0 0 0 4096
0 0 0 0 1984 1543 569 0 0 0 0 0 0 59 4021 16 0 0 0 0 0 0 0 4096
0 0 0 0 1215 1440 1441 0 0 0 0 0 0 0 3791 305 0 0 0 0 0 0 0 4096
0 0 0 0 709 1095 2292 0 0 0 0 0 0 0 3573 523 0 0 0 0 0 0 0 4096
0 0 0 0 138 945 3013 0 0 0 0 0 0 0 2862 1234 0 0 0 0 0 0 0 4096
0 0 0 0 89 2193 1814 0 0 0 0 0 0 0 3480 616 0 0 0 0 0 0 0 4096
0 0 0 0 390 1810 1896 0 0 0 0 0 0 0 3386 710 0 0 0 0 0 0 0 4096
0 0 0 0 686 959 2307 144 0 0 0 0 0 0 2019 2077 0 0 0 0 0 0 0 4096
0 0 0 0 98 236 2727 1035 0 0 0 0 0 0 716 3380 0 0 0 0 0 0 0 4096
0 0 0 0 0 0 3310 786 0 0 0 0 0 0 254 3842 0 0 0 0 0 0 0 4096
0 0 0 0 0 0 3319 777 0 0 0 0 0 0 2 4094 0 0 0 0 0 0 0 4096
0 0 0 0 0 0 3609 487 0 0 0 0 0 0 0 4096 0 0 0 0 0 0 0 4096
8 74 214 293 235 229 2374 669 1 44 161 299 233 226 332 2800 17 118 177 201 186 215 239 2943
49 951 1793 823 220 79 126 55 15 600 1780 1128 274 98 98 103 1220 1774 495 213 120 68 87 119
59 1260 1978 720 75 4 0 0 20 730 2100 1064 170 12 0 0 2115 1701 238 30 11 1 0 0
173 1873 1599 417 34 0 0 0 39 1251 2027 706 71 2 0 0 2662 1307 120 7 0 0 0 0
0 0 0 0 0 2054 2042 0 0 0 0 0 0 0 4096 0 0 0 0 0 0 0 0 4096
0 0 0 0 54 1357 2685 0 0 0 0 0 0 0 3830 266 0 0 0 0 0 0 0 4096
0 0 0 0 271 1018 2807 0 0 0 0 0 0 0 2740 1356 0 0 0 0 0 0 0 4096
0 0 0 0 31 1018 3047 0 0 0 0 0 0 0 2216 1880 0 0 0 0 0 0 0 4096
0 0 0 0 424 1078 2594 0 0 0 0 0 0 0 2651 1445 0 0 0 0 0 0 0 4096
0 0 0 0 73 1810 2213 0 0 0 0 0 0 0 2900 1196 0 0 0 0 0 0 0 4096
0 0 0 0 507 1916 1673 0 0 0 0 0 0 0 3712 384 0 0 0 0 0 0 0 4096
0 0 0 0 1209 2202 685 0 0 0 0 0 0 0 4096 0 0 0 0 0 0 0 0 4096
0 0 0 0 466 3471 159 0 0 0 0 0 0 0 4096 0 0 0 0 0 0 0 0 4096
0 0 0 0 50 3028 1018 0 0 0 0 0 0 0 3632 464 0 0 0 0 0 0 0 4096
0 0 0 0 0 2272 1824 0 0 0 0 0 0 0 3659 437 0 0 0 0 0 0 0 4096
0 1 11 16 18 1638 2400 12 0 0 1 17 15 16 2863 1184 0 0 1 9 13 16 14 4043
5 306 943 954 370 526 945 47 1 154 796 1032 480 246 910 477 419 963 538 328 226 192 242 1188
115 1878 1668 400 32 3 0 0 44 1344 1955 675 75 2 1 0 1952 1888 230 23 2 1 0 0
563 2317 848 317 48 3 0 0 254 2177 1165 400 95 5 0 0 2515 1410 148 18 4 1 0 0
1060 2473 482 78 2 1 0 0 666 2576 707 133 13 1 0 0 2985 1016 84 10 1 0 0 0
0 0 0 0 0 361 3735 0 0 0 0 0 0 0 4055 41 0 0 0 0 0 0 0 4096
0 0 0 0 0 212 3884 0 0 0 0 0 0 0 3240 856 0 0 0 0 0 0 0 4096
0 0 0 0 0 50 4046 0 0 0 0 0 0 0 2702 1394 0 0 0 0 0 0 0 4096
0 0 0 0 0 0 4096 0 0 0 0 0 0 0 2076 2020 0 0 0 0 0 0 0 4096
0 0 0 0 0 0 4096 0 0 0 0 0 0 0 2103 1993 0 0 0 0 0 0 0 4096
0 0 0 0 0 0 4096 0 0 0 0 0 0 0 1621 2475 0 0 0 0 0 0 0 4096
0 0 0 0 0 0 4096 0 0 0 0 0 0 0 1210 2886 0 0 0 0 0 0 0 4096
0 0 0 0 0 0 4096 0 0 0 0 0 0 0 1564 2532 0 0 0 0 0 0 0 4096
0 0 0 0 0 0 4096 0 0 0 0 0 0 0 1930 2166 0 0 0 0 0 0 0 4096
0 0 0 0 0 0 4096 0 0 0 0 0 0 0 588 3508 0 0 0 0 0 0 0 4096
0 24 82 11 8 17 3945 9 0 50 58 9 8 13 341 3617 1 70 38 8 8 16 16 3939
0 2 62 133 169 496 3215 19 0 0 24 114 153 201 1647 1957 0 8 36 98 149 179 211 3415
45 696 543 364 279 532 1628 9 7 437 685 394 293 251 1323 706 392 516 342 296 234 208 226 1882
335 2996 620 69 39 25 12 0 107 2477 1288 135 39 33 14 3 2721 1145 112 49 31 19 16 3
595 2820 542 81 42 14 2 0 294 2930 713 88 44 22 4 1 1918 1853 213 48 38 21 4 1
1760 2007 271 39 14 5 0 0 1180 2465 361 68 16 6 0 0 2947 1000 109 26 8 5 1 0
0 0 0 0 108 2132 1856 0 0 0 0 0 0 320 3776 0 0 0 0 0 0 42 467 3587
0 0 0 0 56 885 3155 0 0 0 0 0 0 367 3727 2 0 0 0 0 0 35 357 3704
0 0 0 0 8 494 3594 0 0 0 0 0 0 353 3724 19 0 0 0 0 0 6 445 3645
0 0 0 0 0 525 3571 0 0 0 0 0 0 384 3707 5 0 0 0 0 0 11 450 3635
0 0 0 0 0 528 3568 0 0 0 0 0 0 377 3696 23 0 0 0 0 0 0 512 3584
0 0 0 0 0 513 3583 0 0 0 0 0 0 419 3674 3 0 0 0 0 0 0 512 3584
0 0 0 0 0 552 3544 0 0 0 0 0 0 276 3783 37 0 0 0 0 0 0 562 3534
0 9 101 266 82 601 3037 0 0 0 52 261 100 162 3472 49 0 0 93 257 60 64 576 3046
0 23 229 397 12 561 2873 1 0 1 82 467 107 25 3279 135 0 0 235 373 49 19 594 2826
0 3 278 285 43 576 2903 8 0 0 97 424 76 38 2476 985 0 0 268 301 26 26 588 2887
80 392 154 211 213 270 2127 649 109 412 113 332 118 158 1531 1323 147 376 166 273 133 206 952 1843
19 571 1001 753 470 483 785 14 7 304 1016 828 540 365 543 493 166 840 749 526 429 316 393 677
34 1016 1260 735 503 343 185 20 13 586 1454 819 539 373 255 57 615 1170 689 572 420 319 238 73
206 2643 965 134 84 42 21 1 67 1974 1690 188 93 52 25 7 1788 1872 209 87 70 40 24 6
682 2448 738 163 49 14 2 0 432 2343 985 258 53 19 5 1 2093 1640 220 91 35 12 5 0
1554 2146 233 113 35 13 2 0 1101 2497 298 138 43 13 6 0 3177 729 102 49 21 11 6 1
0 0 0 7 3449 640 0 0 0 0 0 0 68 4027 1 0 0 0 0 0 9 3236 851 0
0 0 0 0 2534 1562 0 0 0 0 0 0 17 4079 0 0 0 0 0 0 0 2586 1510 0
0 0 0 0 1630 2466 0 0 0 0 0 0 20 4068 8 0 0 0 0 0 0 1964 2132 0
0 0 0 0 1413 2683 0 0 0 0 0 0 13 4068 15 0 0 0 0 0 0 1723 2373 0
0 0 0 0 1147 2949 0 0 0 0 0 0 32 3999 65 0 0 0 0 0 1 1177 2918 0
0 0 0 2 1237 2857 0 0 0 0 0 0 36 3998 62 0 0 0 0 0 5 1146 2945 0
0 0 0 0 715 3381 0 0 0 0 0 0 14 3914 168 0 0 0 0 0 0 882 3214 0
0 0 0 0 411 3685 0 0 0 0 0 0 0 3758 338 0 0 0 0 0 0 520 3575 1
0 0 1 15 254 3825 1 0 0 0 0 9 45 3345 697 0 0 0 0 10 34 444 3607 1
2 54 273 469 450 2832 16 0 9 78 240 531 270 2169 799 0 69 374 328 268 120 493 2444 0
102 311 481 730 443 1093 757 179 167 395 540 701 364 1135 699 95 231 653 579 454 362 1030 745 42
4 182 1517 1445 436 476 27 9 6 158 1289 1713 366 414 150 0 294 2050 794 285 146 265 262 0
30 690 1755 1243 297 61 20 0 18 474 1928 1371 242 52 11 0 720 2391 678 207 74 26 0 0
23 1465 1518 828 209 39 14 0 24 800 2137 894 203 29 9 0 1645 1946 347 113 34 11 0 0
11 851 2088 932 185 28 1 0 2 558 2253 1024 216 41 2 0 1547 2199 285 51 13 1 0 0
9 860 2077 930 187 29 4 0 3 655 2187 986 235 28 2 0 1978 1831 249 32 4 2 0 0
0 0 0 197 3743 156 0 0 0 0 0 4 922 3167 3 0 0 0 0 0 187 3543 366 0
0 0 0 121 3398 577 0 0 0 0 0 1 595 3491 9 0 0 0 0 0 147 3171 778 0
0 0 0 149 2836 1111 0 0 0 0 0 3 529 3514 50 0 0 0 0 0 195 2412 1489 0
0 0 0 160 2538 1398 0 0 0 0 0 4 492 3417 183 0 0 0 0 0 163 2024 1909 0
0 0 0 137 2238 1721 0 0 0 0 0 4 485 3351 256 0 0 0 0 0 147 1649 2300 0
0 0 0 109 2425 1562 0 0 0 0 0 1 464 3356 275 0 0 0 0 0 107 1858 2125 6
0 0 0 67 2364 1665 0 0 0 0 0 7 422 3508 159 0 0 0 0 0 103 2026 1965 2
61 388 124 118 2077 1316 12 0 68 381 126 77 341 3035 68 0 90 373 135 77 129 1824 1468 0
126 647 855 986 802 659 19 2 156 669 936 989 468 827 51 0 619 1096 940 483 146 344 468 0
86 814 1470 1137 481 102 6 0 166 1064 1375 1112 342 36 1 0 562 1934 1069 421 100 10 0 0
660 1299 1882 198 52 5 0 0 802 2070 1048 143 32 1 0 0 1364 2333 349 40 10 0 0 0
259 1161 1493 667 307 123 63 23 260 1083 1630 719 251 122 29 2 1485 1666 573 263 93 16 0 0
109 1057 1736 839 280 59 15 1 110 1121 1763 852 200 44 5 1 1205 1872 690 260 61 8 0 0
323 1405 1167 739 311 113 27 11 301 1455 1268 699 267 83 23 0 1417 1545 713 304 99 17 1 0
223 1107 1585 835 276 65 5 0 313 1333 1479 723 206 41 1 0 1165 1814 735 287 86 9 0 0
272 935 1735 931 183 34 6 0 330 1167 1493 931 150 22 3 0 1331 2036 554 135 37 3 0 0
0 0 0 1100 2887 109 0 0 0 0 0 77 2561 1458 0 0 0 0 0 47 1054 2815 180 0
0 0 0 644 3279 173 0 0 0 0 0 35 2049 2009 3 0 0 0 0 0 608 3196 292 0
0 0 0 707 3215 174 0 0 0 0 0 54 1578 2463 1 0 0 0 0 16 796 2951 333 0
0 0 0 525 3308 263 0 0 0 0 0 28 1720 2346 2 0 0 0 0 7 766 2895 428 0
0 0 2 673 2975 446 0 0 0 0 0 46 1786 2246 18 0 0 0 0 6 945 2488 657 0
0 0 11 761 3042 282 0 0 0 0 0 127 2387 1553 29 0 0 0 0 36 1306 2401 352 1
0 0 0 550 3430 116 0 0 0 0 0 79 2284 1732 1 0 0 0 0 6 853 3119 118 0
322 312 107 622 2624 104 3 2 295 335 103 223 1942 1195 2 1 410 265 108 97 782 2397 37 0
1106 1360 885 446 219 73 7 0 1101 1487 855 416 188 46 3 0 1493 1663 605 263 67 4 1 0
615 1379 1154 623 230 84 11 0 689 1528 1098 560 168 48 5 0 1241 1659 783 318 80 15 0 0
615 1525 1137 389 312 112 6 0 755 1957 694 393 234 63 0 0 1290 1951 494 270 86 5 0 0
497 1371 1046 676 388 110 7 1 507 1559 1118 620 247 41 4 0 1600 1402 668 338 76 12 0 0
144 1140 1752 759 237 57 7 0 194 1321 1760 633 159 28 1 0 1355 1975 559 171 32 4 0 0
129 1028 1703 798 323 105 10 0 179 1153 1743 741 236 42 2 0 1370 1758 630 267 64 7 0 0
140 1226 1711 656 282 76 5 0 153 1360 1676 678 200 28 1 0 1553 1680 564 241 55 3 0 0
300 2418 1146 191 38 3 0 0 271 2464 1137 196 28 0 0 0 2465 1455 152 24 0 0 0 0
0 0 4 2755 1327 10 0 0 0 0 0 729 3221 146 0 0 0 0 0 139 2585 1367 5 0
0 0 5 2342 1741 8 0 0 0 0 0 429 3389 278 0 0 0 0 0 152 2285 1655 4 0
0 0 4 1828 2261 3 0 0 0 0 0 304 3277 515 0 0 0 0 0 115 2059 1920 2 0
0 0 38 1633 2407 18 0 0 0 0 0 352 3084 660 0 0 0 0 7 227 1916 1931 15 0
0 0 13 1635 2447 1 0 0 0 0 1 297 3244 554 0 0 0 0 0 159 2101 1836 0 0
0 0 36 1331 2724 5 0 0 0 0 12 335 3164 585 0 0 0 0 4 208 1965 1919 0 0
0 0 22 1109 2938 27 0 0 0 0 6 594 2685 811 0 0 0 0 8 512 1384 2189 3 0
28 189 316 1626 1928 9 0 0 16 163 254 1051 2401 211 0 0 18 159 201 812 1925 980 1 0
2425 774 530 332 35 0 0 0 2273 856 534 376 57 0 0 0 2321 799 491 395 90 0 0 0
1203 940 899 570 302 145 34 3 1258 1114 890 487 231 94 22 0 1836 1144 641 314 119 35 7 0
544 1099 909 793 534 179 35 3 528 1295 975 745 424 109 19 1 1354 1150 775 592 191 34 0 0
18 344 664 1050 1071 773 166 10 26 417 729 1247 1046 571 60 0 280 813 975 1121 770 137 0 0
153 794 718 730 626 750 309 16 126 815 823 817 693 694 125 3 908 882 641 668 749 239 9 0
192 1536 857 726 519 235 30 1 227 1712 961 703 385 100 8 0 1381 1359 751 450 136 19 0 0
393 2057 1108 388 121 26 3 0 486 2340 939 240 78 12 1 0 1683 1911 372 107 21 2 0 0
757 1745 1036 408 95 43 12 0 913 1892 931 276 73 11 0 0 2071 1521 422 75 7 0 0 0
0 0 255 3197 644 0 0 0 0 0 0 1437 2605 54 0 0 0 0 4 856 2554 682 0 0
0 0 164 3201 731 0 0 0 0 0 2 1548 2501 45 0 0 0 0 1 968 2506 621 0 0
0 0 38 3374 684 0 0 0 0 0 0 1390 2655 51 0 0 0 0 0 862 2765 469 0 0
0 0 24 3451 621 0 0 0 0 0 0 1463 2623 10 0 0 0 0 2 894 3015 185 0 0
0 0 176 3561 359 0 0 0 0 0 19 1671 2406 0 0 0 0 0 23 1196 2775 102 0 0
0 0 50 2955 1091 0 0 0 0 0 1 1274 2820 1 0 0 0 0 0 815 3021 260 0 0
0 3 100 2632 1361 0 0 0 0 0 25 1292 2778 1 0 0 0 0 10 925 3003 158 0 0
0 29 662 2856 549 0 0 0 0 12 472 2050 1560 2 0 0 0 5 257 1614 2120 100 0 0
744 798 1075 1351 126 2 0 0 723 759 958 1369 285 2 0 0 840 635 841 1291 487 2 0 0
3616 327 124 27 2 0 0 0 3593 376 107 19 1 0 0 0 3769 272 52 2 1 0 0 0
1712 1189 728 332 96 29 8 2 1654 1364 740 247 61 24 5 1 2543 999 425 94 23 9 3 0
1215 1934 598 221 99 24 5 0 1205 2037 578 198 65 11 2 0 2684 1070 231 88 20 3 0 0
145 1533 898 746 587 177 10 0 193 1704 822 764 516 92 5 0 766 1632 823 619 233 23 0 0
57 1453 1185 904 432 65 0 0 87 1624 1209 828 321 27 0 0 379 1868 1101 592 150 6 0 0
36 654 1387 1084 715 207 12 1 70 892 1429 1057 542 104 2 0 307 1568 1254 726 216 24 1 0
413 1164 853 1060 522 75 9 0 305 1303 1049 1039 351 42 7 0 1305 1165 934 573 104 15 0 0
0 0 752 3326 18 0 0 0 0 0 247 2839 1009 1 0 0 0 0 169 1864 2060 3 0 0
0 0 417 3612 67 0 0 0 0 0 32 2770 1294 0 0 0 0 0 56 2131 1907 2 0 0
0 0 551 3447 98 0 0 0 0 0 20 2858 1218 0 0 0 0 0 44 2159 1850 43 0 0
0 0 862 3113 121 0 0 0 0 0 108 2942 1046 0 0 0 0 0 214 2100 1718 64 0 0
0 18 1506 2485 87 0 0 0 0 3 876 2124 1093 0 0 0 0 2 775 1833 1467 19 0 0
0 84 1198 2713 99 2 0 0 0 58 795 2427 813 3 0 0 0 62 601 1943 1482 8 0 0
0 0 692 3355 49 0 0 0 0 0 185 3382 529 0 0 0 0 0 83 2501 1512 0 0 0
0 16 456 3531 93 0 0 0 0 11 217 2786 1082 0 0 0 0 11 165 1797 2123 0 0 0
212 674 1680 1516 14 0 0 0 142 630 1294 1901 129 0 0 0 175 585 1138 1866 331 1 0 0
2680 603 684 129 0 0 0 0 2623 611 640 222 0 0 0 0 2713 500 596 287 0 0 0 0
4090 6 0 0 0 0 0 0 4090 6 0 0 0 0 0 0 4090 6 0 0 0 0 0 0
3230 608 236 22 0 0 0 0 3246 643 191 16 0 0 0 0 3628 432 36 0 0 0 0 0
1785 1381 821 106 3 0 0 0 1863 1589 588 55 1 0 0 0 2449 1445 193 9 0 0 0 0
557 1282 1156 768 303 29 1 0 588 1518 1053 724 200 12 1 0 956 1825 936 342 36 1 0 0
67 857 1599 975 473 122 3 0 87 1110 1558 916 359 65 1 0 315 1742 1343 554 133 9 0 0
51 518 1290 1275 740 203 19 0 64 645 1397 1283 577 125 5 0 323 1308 1442 779 218 26 0 0
0 54 2115 1927 0 0 0 0 0 2 1146 2772 176 0 0 0 0 80 1001 1952 1063 0 0 0
0 44 1960 2092 0 0 0 0 0 28 1255 2371 442 0 0 0 0 44 1230 1728 1094 0 0 0
0 0 2395 1701 0 0 0 0 0 0 1048 2878 170 0 0 0 0 0 1011 2457 628 0 0 0
0 37 2460 1598 1 0 0 0 0 0 1104 2898 94 0 0 0 0 0 990 2695 411 0 0 0
0 192 2477 1426 1 0 0 0 0 0 1585 2486 25 0 0 0 0 6 1438 2324 327 1 0 0
0 43 2336 1717 0 0 0 0 0 0 1471 2594 31 0 0 0 0 6 1196 2594 300 0 0 0
0 118 2102 1876 0 0 0 0 0 8 1669 2307 112 0 0 0 0 15 1386 2117 578 0 0 0
0 0 1943 2153 0 0 0 0 0 0 1426 2645 25 0 0 0 0 0 1120 2559 417 0 0 0
10 205 2672 1209 0 0 0 0 2 126 1973 1993 2 0 0 0 4 101 1554 2384 53 0 0 0
893 1966 1201 36 0 0 0 0 802 1945 1274 75 0 0 0 0 1200 1608 1170 118 0 0 0 0
3704 388 4 0 0 0 0 0 3651 435 10 0 0 0 0 0 3773 312 11 0 0 0 0 0
3687 380 25 3 1 0 0 0 3582 481 28 3 2 0 0 0 3614 449 27 4 2 0 0 0
3999 97 0 0 0 0 0 0 3966 130 0 0 0 0 0 0 3974 122 0 0 0 0 0 0
3806 26 77 129 51 7 0 0 3810 29 100 112 41 4 0 0 3821 62 144 54 15 0 0 0
1733 141 569 891 600 146 16 0 1739 192 681 922 472 87 3 0 1811 546 966 611 152 10 0 0
390 922 913 629 636 456 130 20 415 1019 930 667 629 355 81 0 956 1114 711 699 467 133 16 0
0 536 3351 209 0 0 0 0 0 120 3224 752 0 0 0 0 0 463 2759 868 6 0 0 0
0 654 3424 18 0 0 0 0 0 153 3769 174 0 0 0 0 0 536 3260 300 0 0 0 0
0 925 3113 58 0 0 0 0 0 193 3174 729 0 0 0 0 0 398 2710 988 0 0 0 0
0 193 3691 212 0 0 0 0 0 19 3045 1032 0 0 0 0 0 31 2615 1445 5 0 0 0
0 304 3524 262 1 3 2 0 0 99 2539 1452 1 3 2 0 0 58 2126 1880 30 2 0 0
0 93 2936 494 30 100 417 26 0 0 2463 1061 44 192 325 11 0 53 2108 1291 164 417 63 0
0 12 2474 997 46 95 452 20 0 2 2065 1418 52 193 357 9 0 72 1775 1595 182 446 26 0
0 47 2430 735 17 79 772 16 0 15 2172 1023 25 278 580 3 0 42 1947 1161 149 751 46 0
106 839 2420 325 25 112 265 4 91 701 2382 519 34 199 170 0 130 662 2245 688 89 273 9 0
325 2101 1654 16 0 0 0 0 310 1934 1821 31 0 0 0 0 439 1844 1699 114 0 0 0 0
1122 2711 263 0 0 0 0 0 1105 2619 372 0 0 0 0 0 1317 2457 322 0 0 0 0 0
1784 2304 8 0 0 0 0 0 1680 2405 11 0 0 0 0 0 2179 1912 5 0 0 0 0 0
1779 2157 151 9 0 0 0 0 1654 2231 200 11 0 0 0 0 2783 1094 205 14 0 0 0 0
3415 510 123 35 9 4 0 0 3401 533 123 28 8 3 0 0 3874 195 17 7 3 0 0 0
4096 0 0 0 0 0 0 0 4096 0 0 0 0 0 0 0 4096 0 0 0 0 0 0 0
3745 320 31 0 0 0 0 0 3745 332 19 0 0 0 0 0 4033 63 0 0 0 0 0 0
0 1255 2841 0 0 0 0 0 0 397 3643 56 0 0 0 0 0 494 3323 279 0 0 0 0
0 816 3280 0 0 0 0 0 0 219 3836 41 0 0 0 0 0 447 3497 152 0 0 0 0
0 628 3463 5 0 0 0 0 0 155 3594 347 0 0 0 0 0 661 2829 606 0 0 0 0
0 571 3473 52 0 0 0 0 0 75 3644 377 0 0 0 0 0 345 3209 542 0 0 0 0
0 172 2151 117 124 1106 414 12 0 25 1872 562 263 1157 212 5 1 88 1658 791 704 820 34 0
0 2 8 50 663 2483 876 14 0 2 10 107 1123 2379 475 0 2 9 35 322 2065 1570 93 0
0 0 0 20 717 1664 1692 3 0 0 2 70 991 2028 1005 0 0 0 6 295 1231 2465 99 0
0 0 0 66 1200 2484 346 0 0 0 0 228 1687 2043 138 0 0 0 8 605 2342 1134 7 0
0 2 9 156 2179 1667 83 0 0 2 19 277 2725 1050 23 0 3 2 41 741 2922 387 0 0
55 433 56 179 2444 900 29 0 48 426 75 372 2628 536 11 0 113 396 86 1270 2147 84 0 0
38 323 42 168 3134 391 0 0 41 322 41 348 3202 142 0 0 117 271 56 1113 2536 3 0 0
399 1929 80 191 1367 130 0 0 281 2062 72 290 1333 58 0 0 776 1609 86 760 862 3 0 0
927 2365 538 247 19 0 0 0 869 2541 505 176 5 0 0 0 2371 1524 188 13 0 0 0 0
511 2085 1147 331 19 3 0 0 595 2160 1091 241 7 2 0 0 2228 1656 203 7 2 0 0 0
2032 1014 759 247 44 0 0 0 2020 1133 696 210 37 0 0 0 2936 923 209 28 0 0 0 0
4096 0 0 0 0 0 0 0 4096 0 0 0 0 0 0 0 4096 0 0 0 0 0 0 0
0 2817 1279 0 0 0 0 0 0 2006 2090 0 0 0 0 0 0 2189 1907 0 0 0 0 0
0 2583 1480 16 15 2 0 0 0 1732 2332 21 10 1 0 0 0 1939 2130 24 3 0 0 0
0 838 1858 600 421 366 13 0 1 324 2516 570 444 238 3 0 5 855 2258 489 454 35 0 0
0 718 542 339 1329 1115 53 0 0 252 1097 424 1687 612 24 0 1 519 989 1028 1490 69 0 0
0 7 9 135 2636 1205 104 0 0 7 12 500 2818 718 41 0 0 11 10 1689 2175 206 5 0
0 0 32 556 3223 284 1 0 0 0 76 1061 2876 83 0 0 0 1 211 2589 1287 8 0 0
0 0 93 2280 1481 242 0 0 0 0 337 2551 1128 80 0 0 0 3 1049 2425 618 1 0 0
0 0 172 2278 1624 22 0 0 0 0 466 2689 936 5 0 0 0 2 1207 2706 181 0 0 0
0 3 402 2888 799 4 0 0 0 8 657 3039 391 1 0 0 0 38 1529 2397 132 0 0 0
0 0 275 2814 944 63 0 0 0 0 628 2660 794 14 0 0 0 27 1696 1922 450 1 0 0
0 0 45 2910 1137 4 0 0 0 0 146 3148 802 0 0 0 0 0 814 2887 395 0 0 0
0 1 163 2528 1395 9 0 0 0 4 322 2729 1037 4 0 0 0 11 917 2769 399 0 0 0
1174 280 131 1636 858 17 0 0 1172 297 197 1807 612 11 0 0 1413 94 671 1733 183 2 0 0
3327 339 38 239 151 2 0 0 3359 319 31 271 113 3 0 0 3573 124 75 308 16 0 0 0
3044 966 77 9 0 0 0 0 3056 963 70 7 0 0 0 0 3764 312 20 0 0 0 0 0
3847 149 62 31 7 0 0 0 3859 149 60 24 4 0 0 0 3958 92 36 10 0 0 0 0
0 3861 101 19 47 68 0 0 0 3716 250 29 76 25 0 0 0 3587 406 92 11 0 0 0
0 839 311 648 1027 1089 182 0 0 821 469 854 1094 790 68 0 44 1153 758 962 960 219 0 0
0 23 219 958 1688 1119 89 0 0 34 352 1219 1689 783 19 0 2 214 753 1596 1331 200 0 0
0 0 9 408 1569 1980 130 0 0 0 61 645 1915 1450 25 0 0 3 205 1307 2191 390 0 0
0 0 0 493 3108 494 1 0 0 0 4 1334 2526 232 0 0 0 0 47 2753 1292 4 0 0
0 0 139 1971 1932 54 0 0 0 1 371 2459 1237 28 0 0 0 13 953 2732 398 0 0 0
0 1 626 3278 180 11 0 0 0 8 1397 2586 102 3 0 0 0 44 3066 969 17 0 0 0
0 19 1179 2859 39 0 0 0 1 38 1917 2134 6 0 0 0 4 93 3095 904 0 0 0 0
0 3 888 3155 50 0 0 0 0 4 1556 2519 17 0 0 0 0 72 3309 713 2 0 0 0
0 0 1311 2686 98 1 0 0 0 2 2085 1977 32 0 0 0 0 36 3283 775 2 0 0 0
0 0 46 3518 532 0 0 0 0 0 175 3754 167 0 0 0 0 1 1284 2804 7 0 0 0
0 22 924 2724 399 27 0 0 0 48 1259 2545 237 7 0 0 2 213 2208 1600 73 0 0 0
4 77 975 2391 640 9 0 0 2 72 1283 2417 318 4 0 0 102 498 1736 1723 37 0 0 0
337 465 1584 1610 100 0 0 0 338 597 1785 1331 45 0 0 0 560 1268 1856 406 6 0 0 0
2430 1371 273 22 0 0 0 0 2453 1404 230 9 0 0 0 0 3595 497 4 0 0 0 0 0
1255 1348 1353 140 0 0 0 0 1252 1496 1244 103 1 0 0 0 2349 1708 39 0 0 0 0 0
0 1418 1138 1147 299 92 2 0 0 1373 1631 824 224 44 0 0 803 2476 603 167 45 2 0 0
11 649 771 1119 1076 452 18 0 8 768 962 1226 915 215 2 0 1048 1181 848 767 246 6 0 0
0 121 544 915 1408 942 166 0 0 179 708 1115 1390 638 66 0 352 747 863 1214 776 144 0 0
4 122 254 870 1870 927 49 0 2 141 318 1247 1755 630 3 0 188 337 746 1658 1077 90 0 0
35 92 111 427 2068 1346 17 0 39 88 143 728 2283 815 0 0 109 91 226 1556 2022 92 0 0
0 0 2 1098 2613 383 0 0 0 0 21 1808 2086 181 0 0 0 0 186 2898 1006 6 0 0
0 0 146 2837 1073 40 0 0 0 0 293 3197 582 24 0 0 0 2 1075 2878 141 0 0 0
0 8 1627 2270 191 0 0 0 0 20 2208 1771 97 0 0 0 0 198 3076 816 6 0 0 0
0 2 713 3214 167 0 0 0 0 4 1281 2722 89 0 0 0 0 14 2918 1163 1 0 0 0
0 9 2584 1475 28 0 0 0 0 22 2976 1090 8 0 0 0 0 312 3352 432 0 0 0 0
0 0 1172 2879 45 0 0 0 0 2 1701 2380 13 0 0 0 0 23 2934 1139 0 0 0 0
0 0 367 3570 159 0 0 0 0 0 676 3314 106 0 0 0 0 5 2037 2033 21 0 0 0
0 5 329 3467 295 0 0 0 0 5 615 3290 186 0 0 0 0 19 1970 2054 53 0 0 0
16 524 1210 2069 277 0 0 0 1 540 1387 2025 143 0 0 0 420 1060 1534 1080 2 0 0 0
2396 996 664 40 0 0 0 0 2353 1002 718 23 0 0 0 0 3446 631 19 0 0 0 0 0
1120 544 1458 761 159 54 0 0 1189 735 1369 628 157 18 0 0 2293 1244 366 118 75 0 0 0
