0 0 117 1538 1736 681 24 0 0 426 1770 1867 33 0 0 0 0 0 741 2504 851 0 0 0
0 0 0 27 1184 1816 1069 0 0 208 1495 1203 1190 0 0 0 0 0 714 1634 1738 10 0 0
0 0 451 981 927 1673 64 0 0 776 1894 1209 217 0 0 0 0 147 1251 2331 367 0 0 0
0 0 1547 1883 647 19 0 0 0 1392 2362 342 0 0 0 0 0 53 1879 2164 0 0 0 0
0 0 6 327 600 1669 1154 340 3 474 676 1197 1432 229 85 0 10 963 710 1517 892 4 0 0
0 0 0 0 4 253 1906 1933 0 0 48 460 1699 699 1018 172 6 157 639 1597 1135 470 92 0
0 0 0 9 225 733 1497 1632 0 117 479 1177 899 638 679 107 77 519 1228 1355 646 244 27 0
0 0 399 799 789 790 929 390 32 1890 1076 785 226 84 3 0 207 2723 722 426 18 0 0 0
0 331 1617 1389 585 158 16 0 817 2512 656 111 0 0 0 0 334 3064 685 13 0 0 0 0
0 11 207 911 1026 868 725 348 267 1305 1269 603 495 154 3 0 414 1960 1312 365 45 0 0 0
71 368 764 726 683 631 650 203 1287 1289 751 441 277 51 0 0 1041 2187 692 172 4 0 0 0
149 1269 1430 613 429 149 37 20 3066 903 92 24 11 0 0 0 2021 2036 36 3 0 0 0 0
514 2081 1247 222 32 0 0 0 3086 996 14 0 0 0 0 0 1785 2302 9 0 0 0 0 0
43 827 1483 1217 441 85 0 0 1933 1908 249 6 0 0 0 0 1442 2515 138 1 0 0 0 0
157 1177 1528 1017 216 1 0 0 2755 1302 39 0 0 0 0 0 2056 2007 33 0 0 0 0 0
1008 2807 281 0 0 0 0 0 4094 2 0 0 0 0 0 0 3941 155 0 0 0 0 0 0
