14 144 773 2605 408 114 37 1 0 71 64 251 1732 1795 138 45 0 41 76 48 269 1613 1930 119
2 104 1003 2730 247 10 0 0 0 23 57 342 2216 1431 25 2 0 10 50 34 277 1743 1910 72
0 82 767 3015 232 0 0 0 0 0 20 249 2021 1802 4 0 0 0 0 22 171 1378 2460 65
0 47 785 3072 192 0 0 0 0 0 6 187 1920 1983 0 0 0 0 0 5 134 1262 2623 72
1261 1405 650 170 141 219 180 70 965 1500 714 243 88 147 221 218 710 1762 702 196 114 115 217 280
367 972 520 353 355 309 496 724 265 934 527 238 253 406 362 1111 30 923 687 250 186 287 495 1238
0 24 99 471 497 417 911 1677 0 2 55 86 300 632 549 2472 0 0 31 83 89 300 822 2771
0 15 263 733 776 837 781 691 0 0 3 136 671 801 973 1512 0 0 0 7 144 723 1185 2037
3257 770 68 1 0 0 0 0 2720 1228 146 2 0 0 0 0 2675 1319 102 0 0 0 0 0
2900 620 260 93 65 67 72 19 2713 714 298 123 57 52 66 73 2456 989 261 127 53 61 61 88
575 666 379 228 359 594 659 636 549 713 285 192 197 370 673 1117 438 852 241 148 184 277 596 1360
18 249 305 332 678 721 1000 793 29 141 238 274 279 673 776 1686 22 111 169 244 265 356 932 1997
1683 1976 435 2 0 0 0 0 1906 1931 254 5 0 0 0 0 2230 1776 90 0 0 0 0 0
1530 2175 369 11 4 6 1 0 1871 2093 113 8 4 6 1 0 1749 2265 66 5 4 5 2 0
1325 1691 288 38 21 22 62 649 1411 1720 167 37 22 25 38 676 1192 1955 150 39 20 22 43 675
210 989 643 303 283 288 293 1087 228 1078 484 237 211 270 309 1279 107 1145 512 207 191 235 330 1369
