0 0 3 1004 1219 1761 109 0 0 0 0 36 2001 2032 27 0 0 0 0 40 356 3700 0 0
0 0 0 1011 1721 1364 0 0 0 0 0 0 2187 1909 0 0 0 0 0 0 71 4025 0 0
0 0 0 674 2087 1335 0 0 0 0 0 0 1810 2286 0 0 0 0 0 0 67 4029 0 0
1 11 21 474 2153 1419 17 0 1 9 21 56 1645 2355 9 0 10 9 17 38 256 3766 0 0
31 1674 1425 246 525 189 6 0 17 208 2487 629 479 266 10 0 19 48 1879 1230 264 648 8 0
3 1672 1343 305 651 111 10 1 0 52 2667 520 598 245 12 2 0 13 1350 1689 390 642 11 1
72 569 1304 845 731 332 147 96 40 459 1460 881 540 514 146 56 274 713 1028 864 395 729 90 3
35 376 980 1713 784 78 73 57 51 490 1518 1632 258 47 76 24 726 1747 1069 251 138 143 22 0
38 2730 901 212 129 64 20 2 4 459 3143 277 135 61 16 1 11 491 3153 269 122 43 7 0
110 2333 709 242 219 177 224 82 21 451 2602 322 238 214 230 18 116 413 2491 447 266 309 53 1
160 796 516 287 284 379 934 740 170 475 834 314 333 565 1151 254 448 284 788 404 556 1333 279 4
46 391 1312 1657 475 45 101 69 64 605 1998 1149 87 56 116 21 709 2566 597 31 40 128 25 0
756 2694 436 131 63 15 1 0 71 2837 945 164 65 14 0 0 1036 2353 531 120 50 6 0 0
65 2493 607 261 269 251 138 12 5 2012 1116 318 288 267 89 1 365 2326 585 303 307 194 16 0
0 107 129 138 299 633 1581 1209 0 67 179 182 390 953 1953 372 4 173 160 325 964 2195 275 0
239 757 1183 750 228 284 319 336 249 917 1437 421 232 314 335 191 1042 1513 399 240 331 438 133 0
