0 0 1188 2908 0 0 0 0 0 1497 2598 1 0 0 0 0 0 37 3532 527 0 0 0 0
0 0 811 3285 0 0 0 0 0 1901 2195 0 0 0 0 0 0 5 3069 1022 0 0 0 0
0 0 993 3103 0 0 0 0 0 1386 2710 0 0 0 0 0 0 15 2637 1444 0 0 0 0
0 60 2463 1573 0 0 0 0 149 2456 1491 0 0 0 0 0 0 578 2855 663 0 0 0 0
2 792 1081 374 693 1019 104 31 978 1292 1034 646 100 19 17 10 913 1262 1346 515 33 27 0 0
0 76 707 1126 781 514 460 432 375 1760 977 492 158 92 145 97 563 1593 1791 85 34 24 6 0
180 226 834 1656 402 314 269 215 830 2321 500 235 95 54 46 15 737 2456 871 23 6 3 0 0
1933 186 1966 11 0 0 0 0 2774 1322 0 0 0 0 0 0 2020 1976 100 0 0 0 0 0
0 608 729 2123 588 48 0 0 1137 2360 513 85 1 0 0 0 748 2809 531 8 0 0 0 0
0 147 827 1317 887 408 228 282 1151 1920 491 181 81 90 144 38 961 2796 317 14 5 3 0 0
81 195 1977 888 548 201 119 87 2605 1102 215 66 42 40 26 0 799 3257 37 2 1 0 0 0
673 3185 238 0 0 0 0 0 4096 0 0 0 0 0 0 0 2876 1220 0 0 0 0 0 0
0 3113 958 25 0 0 0 0 3934 156 6 0 0 0 0 0 510 3565 21 0 0 0 0 0
0 2278 1753 52 6 4 1 2 3969 111 9 4 1 2 0 0 401 3668 20 4 1 2 0 0
0 2139 1930 26 1 0 0 0 4018 75 3 0 0 0 0 0 353 3734 9 0 0 0 0 0
52 3946 98 0 0 0 0 0 4093 3 0 0 0 0 0 0 1709 2387 0 0 0 0 0 0
