0 256 444 248 3148 0 0 0 0 0 7 693 2893 503 0 0 0 0 0 0 496 280 3320 0
0 393 281 97 3319 6 0 0 0 0 5 685 2822 584 0 0 0 0 0 4 659 246 3187 0
0 432 336 250 3054 24 0 0 0 0 20 748 3001 327 0 0 0 0 0 0 639 159 3298 0
0 468 324 455 2837 12 0 0 0 0 146 634 3086 230 0 0 0 0 0 0 684 248 3164 0
8 3108 969 9 1 1 0 0 8 141 1926 2019 1 1 0 0 79 398 134 385 3099 1 0 0
0 2978 869 35 24 41 35 114 0 24 1754 2115 47 48 93 15 7 35 94 372 3542 39 7 0
1 3140 823 22 38 18 16 38 0 1 2118 1885 27 14 32 19 0 13 39 347 3652 27 17 1
0 3438 658 0 0 0 0 0 0 0 2668 1428 0 0 0 0 0 0 0 624 3472 0 0 0
57 669 1766 650 216 205 252 281 69 429 1546 1235 338 274 169 36 410 942 1321 972 340 97 12 2
66 570 2150 574 121 128 156 331 74 492 1498 1372 172 169 257 62 355 1227 1018 920 480 83 12 1
30 710 2792 230 137 112 31 54 19 95 927 2765 175 55 44 16 54 180 470 1457 1894 29 11 1
55 1025 2777 186 22 26 5 0 53 420 1479 2094 27 22 1 0 171 833 706 628 1741 17 0 0
215 1219 2099 454 102 7 0 0 91 821 2153 960 71 0 0 0 1533 1796 483 284 0 0 0 0
123 763 2618 585 6 1 0 0 68 468 2085 1450 24 1 0 0 997 1991 517 329 262 0 0 0
179 895 2345 618 46 13 0 0 89 556 1575 1836 34 6 0 0 916 1586 425 263 906 0 0 0
161 890 2591 415 33 6 0 0 94 550 1616 1805 30 1 0 0 635 1252 753 1099 357 0 0 0
