994 1467 1516 119 0 0 0 0 833 780 2092 391 0 0 0 0 800 598 2196 502 0 0 0 0
1551 762 901 736 146 0 0 0 1415 633 971 983 94 0 0 0 1475 619 954 1029 19 0 0 0
321 543 1595 1263 374 0 0 0 285 201 1605 1777 228 0 0 0 301 191 1580 2024 0 0 0 0
72 936 2153 929 6 0 0 0 64 66 2423 1537 6 0 0 0 64 64 2608 1360 0 0 0 0
2369 213 172 576 390 206 124 46 2366 210 141 646 457 197 62 17 2442 181 145 815 437 65 11 0
19 7 10 120 746 678 726 1790 18 9 10 175 1082 829 739 1234 22 6 15 511 1540 1152 654 196
0 0 0 0 460 661 706 2269 0 0 0 0 821 788 719 1768 0 0 0 194 1373 1037 930 562
0 0 0 549 1033 896 819 799 0 0 0 602 1430 1082 645 337 0 0 0 1593 1913 544 46 0
288 219 125 115 276 723 846 1504 355 182 134 351 923 1052 514 585 531 151 1380 1184 502 311 36 1
0 0 0 0 0 0 14 4082 0 0 0 0 43 166 199 3688 0 64 671 286 305 678 848 1244
0 0 0 28 64 58 89 3857 0 0 26 81 89 99 76 3725 5 170 344 271 203 246 655 2202
0 10 190 212 259 212 374 2839 0 13 268 469 198 547 932 1669 15 385 1060 931 891 559 255 0
951 315 1021 1193 529 78 9 0 947 315 1388 1400 46 0 0 0 1136 1030 1929 1 0 0 0 0
663 240 42 269 655 972 930 325 708 214 139 752 1275 878 130 0 913 369 1600 1165 49 0 0 0
582 243 58 147 292 448 895 1431 651 199 91 306 538 1029 768 514 873 357 768 1364 454 173 92 15
1439 219 536 1040 592 224 46 0 1461 223 649 1351 338 74 0 0 1612 653 1634 193 4 0 0 0
