0 0 0 0 0 1 3788 307 0 0 0 0 0 0 1333 2763 0 0 0 0 0 0 0 4096
0 0 0 0 0 340 3653 103 0 0 0 0 0 0 1590 2506 0 0 0 0 0 0 0 4096
0 0 0 0 7 538 3408 143 0 0 0 0 6 2 2238 1850 0 0 0 0 2 5 1 4088
5 15 11 10 17 1654 2373 11 1 14 11 11 13 25 3609 412 0 2 13 14 9 17 26 4015
27 25 262 2520 175 73 145 869 10 23 24 108 2727 141 69 994 1 10 22 22 27 1582 1361 1071
9 15 418 2180 189 177 440 668 2 15 15 90 2560 187 197 1030 0 6 13 19 27 1323 1509 1199
89 358 1560 1174 253 105 369 188 20 196 642 606 1832 190 162 448 0 53 353 613 312 1516 658 591
782 1102 1639 266 153 51 74 29 499 726 922 1106 640 82 46 75 260 490 1027 497 416 1220 80 106
19 60 1635 2090 107 65 67 53 11 10 14 829 2930 147 78 77 5 13 6 24 266 2961 688 133
2 74 1583 1791 293 136 140 77 0 2 5 700 2740 346 168 135 0 0 2 4 325 2469 980 316
55 273 2199 730 290 238 231 80 28 48 39 1273 1865 375 278 190 0 46 36 39 485 2356 693 441
453 699 1907 271 202 215 192 157 297 294 166 1792 815 251 241 240 142 329 188 129 1197 1367 316 428
0 403 2537 706 352 92 5 1 0 0 22 1928 1672 395 75 4 0 0 0 20 1418 2160 422 76
9 107 1337 927 619 584 424 89 1 17 30 655 1632 761 690 310 2 20 25 19 468 1750 1005 807
98 620 1701 606 349 246 344 132 33 335 650 833 1198 412 298 337 187 691 201 67 563 1367 480 540
429 1567 1338 359 235 146 22 0 158 1017 1177 839 531 242 129 3 805 1350 256 130 744 467 250 94
