0 0 0 262 3739 95 0 0 0 0 0 87 3039 970 0 0 0 0 0 140 3503 453 0 0
0 1 266 514 3275 40 0 0 0 0 183 494 2780 639 0 0 0 6 390 407 3121 172 0 0
0 12 941 513 2422 155 53 0 0 5 931 342 2540 263 15 0 0 481 728 244 2620 23 0 0
0 0 380 2360 1239 117 0 0 0 0 31 2013 1789 263 0 0 0 0 194 2206 1529 167 0 0
0 0 301 2200 1356 239 0 0 0 0 246 2158 1502 190 0 0 0 93 1148 2155 634 66 0 0
0 4 234 541 757 1568 966 26 0 16 511 507 998 1754 308 2 41 573 450 1092 1732 203 5 0
0 0 2 609 2242 1242 1 0 0 0 0 410 1908 1777 1 0 0 0 158 497 2160 1281 0 0
0 0 1596 1580 376 544 0 0 0 1 1738 1553 208 596 0 0 1 1217 1923 241 336 378 0 0
0 62 595 2048 1164 212 15 0 14 282 935 2311 480 72 2 0 432 1136 2170 312 44 2 0 0
0 1098 880 446 1101 548 23 0 0 1418 523 412 1100 615 28 0 1078 697 327 527 1200 259 8 0
0 781 2667 538 92 18 0 0 0 1944 1729 341 52 30 0 0 1786 1990 237 7 75 1 0 0
0 2 1407 2460 184 43 0 0 0 18 3048 945 80 5 0 0 59 3470 516 51 0 0 0 0
0 3653 435 8 0 0 0 0 134 3872 80 10 0 0 0 0 3825 237 34 0 0 0 0 0
2 1054 2663 376 1 0 0 0 5 2141 1872 77 1 0 0 0 2076 1994 26 0 0 0 0 0
4 120 2024 613 126 581 601 27 49 527 2156 141 376 725 122 0 698 2134 238 488 517 21 0 0
