3652 426 18 0 0 0 0 0 0 0 2306 1728 62 0 0 0 0 0 0 0 0 1925 2140 31
2744 1150 191 7 4 0 0 0 0 0 1522 1984 583 7 0 0 0 0 0 0 0 1118 2939 39
1644 534 1467 407 44 0 0 0 0 0 678 1548 1732 138 0 0 0 0 0 0 0 541 3409 146
188 1063 2030 582 179 54 0 0 0 0 99 1561 1944 467 25 0 0 0 0 0 0 430 3447 219
463 2563 940 117 12 1 0 0 1384 1012 61 314 1291 34 0 0 832 1485 105 36 19 29 1558 32
4 1085 1525 646 516 320 0 0 53 1210 332 41 986 1441 33 0 21 1029 438 112 46 33 2344 73
173 545 937 997 516 923 5 0 1 110 988 150 402 2179 266 0 0 47 183 579 414 80 2766 27
296 683 379 972 277 1036 453 0 0 1 1170 127 70 1787 941 0 0 0 0 348 906 64 2760 18
298 1672 1530 446 140 3 4 3 708 1977 1073 294 35 4 3 2 788 2182 793 305 18 3 4 3
12 1203 956 487 282 316 500 340 162 1450 601 467 266 320 559 271 102 1443 576 427 312 321 618 297
319 1801 771 293 221 252 342 97 0 129 2616 411 224 245 358 113 0 11 242 2525 478 264 410 166
2003 2091 2 0 0 0 0 0 0 173 3909 14 0 0 0 0 0 0 239 3481 376 0 0 0
132 1916 1322 458 74 78 108 8 442 2244 874 301 58 76 96 5 854 1931 728 334 63 73 106 7
29 1050 766 348 322 459 867 255 188 1137 557 343 326 476 884 185 145 1103 508 426 349 494 962 109
964 1887 759 207 122 102 53 2 16 1155 2308 322 127 109 55 4 8 122 2834 808 148 111 60 5
2264 819 419 238 208 127 20 1 3 1723 1707 299 209 133 20 2 0 81 2758 837 231 152 34 3
