0 0 323 2315 1458 0 0 0 0 0 0 44 1107 2945 0 0 0 0 0 0 0 120 3976 0
0 0 0 3039 1057 0 0 0 0 0 0 0 1052 3044 0 0 0 0 0 0 0 29 4067 0
0 0 78 3168 850 0 0 0 0 0 0 0 1195 2901 0 0 0 0 0 0 0 75 4021 0
1 55 648 1633 1015 336 321 87 1 48 619 1584 989 347 375 133 4 460 791 1189 514 440 441 257
18 123 230 967 921 534 864 439 15 112 116 505 1136 698 836 678 12 87 138 315 905 859 778 1002
0 107 2468 1025 224 152 91 29 0 3 90 2596 986 216 153 52 0 0 33 696 2537 511 244 75
45 425 874 887 639 303 395 528 33 334 1055 984 493 257 401 539 275 631 998 753 244 230 361 604
14 79 110 963 848 1069 776 237 12 74 58 246 1333 1155 919 299 9 64 68 119 1348 1176 933 379
1 3 1207 1353 640 514 276 102 1 0 4 1144 1829 649 342 127 1 0 1 400 2500 694 346 154
21 327 1314 1457 736 203 32 6 24 278 1434 1683 551 107 15 4 863 1807 1067 268 67 21 3 0
27 269 945 1133 559 369 444 350 21 207 930 1329 512 311 437 349 436 1254 915 305 170 226 407 383
5 121 376 337 399 720 1080 1058 5 56 359 430 354 687 1112 1093 129 441 296 117 248 664 989 1212
126 741 1240 1109 636 218 24 2 153 842 1472 1062 475 89 3 0 1503 1510 793 251 37 2 0 0
188 591 1069 1144 645 306 112 41 183 651 1201 1203 557 201 75 25 1149 1325 967 395 176 62 21 1
40 431 1156 1392 776 220 68 13 59 501 1360 1467 555 122 25 7 909 1567 1151 355 87 21 6 0
