0 0 13 170 154 1062 2091 606 0 0 14 177 140 48 3004 713 0 0 24 169 131 35 508 3229
0 0 2 124 139 994 2697 140 0 0 2 120 141 21 3624 188 0 0 2 112 142 20 602 3218
0 2 313 361 69 1108 2243 0 0 2 286 374 72 35 3327 0 0 1 283 347 88 38 484 2855
0 302 1708 763 55 374 753 141 0 198 1746 823 53 42 873 361 0 353 1621 770 71 38 66 1177
10 71 1368 1550 972 120 5 0 1 73 911 2127 868 64 52 0 0 187 1253 1753 786 58 59 0
0 21 835 1273 1275 687 5 0 0 30 580 1503 814 843 326 0 0 73 685 1333 643 535 827 0
0 47 1418 1212 852 551 16 0 0 33 793 1514 623 887 246 0 0 87 1040 1081 545 714 629 0
34 898 2302 680 149 33 0 0 2 737 2081 1081 164 30 1 0 8 973 1987 927 155 44 2 0
31 210 722 2628 291 172 34 8 84 294 394 1000 2216 92 13 3 55 272 384 448 2686 233 17 1
0 77 335 3447 215 21 1 0 1 93 138 566 3181 116 1 0 4 90 132 322 2109 1438 1 0
0 10 713 2922 451 0 0 0 0 8 6 754 2903 425 0 0 0 6 7 495 1918 1670 0 0
0 151 2358 1585 2 0 0 0 0 0 491 2746 859 0 0 0 0 0 500 2310 1286 0 0 0
71 951 2600 299 153 19 3 0 224 567 943 2228 131 3 0 0 354 739 618 1963 417 5 0 0
0 0 3053 1028 9 6 0 0 0 0 3 2804 1283 6 0 0 0 0 3 1165 2918 10 0 0
299 320 1097 1775 183 181 241 0 265 233 398 1450 1737 11 2 0 301 206 394 881 2271 40 3 0
0 0 1332 2764 0 0 0 0 0 0 0 3119 977 0 0 0 0 0 0 1256 2840 0 0 0
