0 0 0 0 0 0 1483 2613 0 0 0 0 0 0 0 4096 0 0 0 0 0 0 0 4096
0 0 0 0 0 0 987 3109 0 0 0 0 0 0 0 4096 0 0 0 0 0 0 0 4096
0 70 472 366 82 28 806 2272 0 12 347 466 149 31 24 3067 0 3 213 563 200 24 24 3069
1 311 1434 549 63 58 624 1056 0 62 1163 983 139 42 49 1658 0 26 879 1299 147 47 42 1656
0 378 750 133 44 32 465 2294 0 65 834 350 39 32 35 2741 0 0 349 847 89 32 36 2743
0 0 0 0 0 0 693 3403 0 0 0 0 0 0 0 4096 0 0 0 0 0 0 0 4096
0 0 0 0 0 0 520 3576 0 0 0 0 0 0 0 4096 0 0 0 0 0 0 0 4096
0 1 28 16 12 53 2400 1586 0 0 18 25 6 7 31 4009 0 0 11 30 7 5 22 4021
217 2645 507 44 48 195 418 22 214 1795 1296 89 36 40 60 566 108 1178 1626 464 40 31 52 597
2 491 806 184 324 332 1915 42 0 177 901 339 153 367 369 1790 0 88 732 576 145 280 387 1888
17 394 795 759 287 104 1649 91 0 144 754 957 360 68 98 1715 4 334 878 806 204 61 91 1718
64 904 1559 1248 225 12 75 9 9 657 1566 1412 344 19 7 82 3 434 1570 1657 325 17 10 80
108 1729 1794 433 32 0 0 0 11 1214 2114 681 76 0 0 0 4 819 2637 605 31 0 0 0
502 2705 580 28 95 122 59 5 13 2290 1429 63 26 169 44 62 0 869 2471 450 22 19 180 85
79 313 54 38 1426 1603 499 84 0 295 132 34 94 2318 811 412 0 112 290 51 78 820 2216 529
0 199 175 43 516 1225 1719 219 0 11 327 66 45 1127 1148 1372 0 3 216 183 51 425 1592 1626
36 1202 422 105 268 482 1426 155 3 479 1091 144 87 401 636 1255 0 194 1228 263 95 155 730 1431
375 3270 447 4 0 0 0 0 42 2906 1141 7 0 0 0 0 38 2170 1828 60 0 0 0 0
299 2296 1268 224 9 0 0 0 60 1903 1868 254 10 1 0 0 39 2025 1796 222 14 0 0 0
91 1118 1794 1005 87 1 0 0 17 800 1978 1211 90 0 0 0 55 1041 2063 897 40 0 0 0
300 2132 1425 232 7 0 0 0 123 1775 1817 372 9 0 0 0 49 1375 2197 463 12 0 0 0
932 2109 1000 54 1 0 0 0 449 2148 1392 106 1 0 0 0 326 2208 1435 126 1 0 0 0
2229 1727 137 3 0 0 0 0 471 3239 379 7 0 0 0 0 28 3176 874 18 0 0 0 0
2478 1007 81 28 44 236 222 0 175 3078 285 41 23 56 333 105 0 2610 859 91 27 26 86 397
374 2663 798 22 35 72 130 2 4 1576 1851 412 28 41 103 81 0 399 2278 667 350 184 48 170
578 3301 217 0 0 0 0 0 52 3120 803 119 2 0 0 0 4 2130 1655 142 128 37 0 0
178 2766 1132 20 0 0 0 0 38 2702 1333 23 0 0 0 0 172 3249 674 1 0 0 0 0
1591 1849 582 72 2 0 0 0 881 1580 829 639 167 0 0 0 376 2101 778 549 289 3 0 0
1338 2268 455 32 3 0 0 0 79 584 810 1760 830 33 0 0 28 563 619 966 1849 71 0 0
2068 1431 549 48 0 0 0 0 381 2584 1029 99 3 0 0 0 140 1742 2022 185 7 0 0 0
2944 859 255 38 0 0 0 0 952 2397 552 173 22 0 0 0 246 2283 1361 164 42 0 0 0
3443 639 14 0 0 0 0 0 917 2759 401 19 0 0 0 0 48 2374 1359 277 38 0 0 0
1149 922 781 1114 130 0 0 0 107 964 437 822 1352 414 0 0 0 669 370 384 646 1504 523 0
116 336 304 2184 1156 0 0 0 8 173 254 205 1995 1461 0 0 0 75 244 140 160 1827 1650 0
683 2338 549 515 11 0 0 0 244 2268 762 247 572 3 0 0 198 1953 1060 125 163 553 44 0
204 2264 1590 38 0 0 0 0 194 2238 1640 24 0 0 0 0 356 3078 662 0 0 0 0 0
2863 1070 158 5 0 0 0 0 2576 1321 192 7 0 0 0 0 1582 2226 277 11 0 0 0 0
1008 1822 1065 195 6 0 0 0 679 550 565 2212 90 0 0 0 464 782 288 738 1778 46 0 0
3194 888 14 0 0 0 0 0 0 454 2331 1070 221 20 0 0 0 0 594 1873 1449 180 0 0
4050 46 0 0 0 0 0 0 0 1551 2321 163 61 0 0 0 0 0 1657 2224 204 11 0 0
2911 1168 17 0 0 0 0 0 0 762 2014 1259 61 0 0 0 0 0 735 1677 1545 139 0 0
0 389 1610 2094 3 0 0 0 0 0 0 669 3050 377 0 0 0 0 0 0 251 3329 516 0
0 25 168 3754 148 1 0 0 0 0 0 54 2192 1848 2 0 0 0 0 2 24 2495 1574 1
1358 1592 685 456 4 1 0 0 15 341 1331 1097 931 381 0 0 29 392 1123 887 643 835 187 0
198 1570 1756 495 75 2 0 0 99 1815 1790 332 59 1 0 0 433 2356 1085 191 30 1 0 0
3171 562 258 74 29 2 0 0 2942 766 292 66 29 1 0 0 2658 1202 154 61 20 1 0 0
1613 1051 1181 227 24 0 0 0 1193 513 575 1084 722 9 0 0 974 625 453 546 1327 171 0 0
6 529 2029 1381 138 11 2 0 0 4 30 967 2706 364 20 5 3 9 19 427 2318 1281 30 9
115 946 1553 1280 201 1 0 0 0 3 27 1216 2664 181 5 0 1 11 56 740 2684 596 8 0
60 1274 1364 1163 218 17 0 0 0 2 1 763 3034 292 4 0 0 2 12 291 2367 1411 13 0
0 0 871 2982 223 18 2 0 0 0 1 21 1429 2639 5 1 0 0 1 22 308 2906 858 1
1 18 81 3027 843 114 12 0 0 2 19 46 1041 2850 128 10 0 0 10 39 304 3106 618 19
127 580 1264 1751 335 38 1 0 14 220 261 794 1874 911 22 0 172 229 347 747 1341 1170 90 0
156 905 1139 880 715 292 6 3 163 901 1250 993 712 73 2 2 597 1051 1137 914 346 47 3 1
63 1234 2007 711 79 2 0 0 15 994 2175 807 103 2 0 0 785 2301 876 131 3 0 0 0
0 470 1802 1500 294 29 1 0 0 75 1326 2332 331 30 2 0 6 496 1781 1306 483 22 2 0
72 560 1378 1514 471 80 18 3 4 238 916 1586 1156 161 32 3 148 745 1333 1072 662 119 16 1
89 440 1036 1751 649 122 8 1 17 277 567 1211 1699 305 19 1 209 616 759 1307 1059 139 7 0
1 38 730 2075 1029 187 32 4 0 15 150 817 2667 403 42 2 22 112 335 1217 2079 313 18 0
48 336 549 1998 1064 92 8 1 21 244 402 644 2247 521 16 1 514 486 487 611 1474 521 3 0
73 298 586 2256 722 130 28 3 8 159 526 570 1474 1263 85 11 224 556 452 353 938 1414 150 9
532 1254 956 995 303 42 10 4 101 1043 1103 895 788 148 16 2 781 1201 806 730 480 87 11 0
610 1487 1467 492 39 1 0 0 102 1035 1279 989 677 14 0 0 819 1451 858 648 320 0 0 0
