0 0 113 240 1073 787 896 987 0 0 198 248 1380 1140 947 183 0 24 468 1686 1793 125 0 0
0 0 293 264 486 628 1132 1293 0 0 371 302 549 851 1071 952 0 163 550 604 1563 586 322 308
0 11 407 164 217 800 868 1629 0 115 359 168 303 1126 691 1334 0 343 342 259 1556 550 512 534
0 1388 740 648 744 395 160 21 0 1571 622 639 845 382 36 1 0 2013 367 1163 549 4 0 0
0 386 1227 616 252 305 735 575 0 732 1209 463 359 851 426 56 0 1512 1197 1309 78 0 0 0
0 1515 801 115 117 87 151 1310 0 1903 451 148 105 135 216 1138 0 2333 236 216 290 385 460 176
0 1405 814 224 187 189 281 996 0 1849 454 256 221 275 435 606 0 2272 444 566 508 251 55 0
0 99 1202 662 640 595 612 286 0 348 1229 755 753 751 260 0 0 1354 1414 1266 62 0 0 0
547 168 1806 829 651 80 10 5 652 589 1730 946 161 13 5 0 704 2541 817 33 1 0 0 0
148 292 562 1435 643 790 151 75 415 61 1323 1139 895 183 26 54 490 1581 1586 374 46 19 0 0
88 169 1369 1050 520 825 51 24 221 124 1926 799 948 50 11 17 315 2097 1540 121 21 2 0 0
256 225 1808 571 929 228 79 0 326 939 1337 1087 319 88 0 0 385 2574 1005 132 0 0 0 0
2272 99 176 1481 68 0 0 0 2318 110 679 989 0 0 0 0 2411 776 909 0 0 0 0 0
2018 229 145 302 857 528 17 0 2167 154 166 689 890 30 0 0 2308 199 1429 160 0 0 0 0
1956 130 113 846 934 117 0 0 2051 64 410 1212 358 1 0 0 2103 605 1375 13 0 0 0 0
1991 94 960 1050 1 0 0 0 2011 120 1898 67 0 0 0 0 2066 1998 32 0 0 0 0 0
