177 137 2001 1003 567 125 69 17 81 231 46 2862 699 122 48 7 37 281 2 64 3161 459 86 6
57 95 1911 1452 309 152 94 26 28 182 108 2889 625 173 71 20 18 229 59 56 2798 783 119 34
2 140 1681 1747 355 100 64 7 15 227 179 1822 1698 115 32 8 57 238 121 75 1135 2394 52 24
2 201 1260 1672 752 144 50 15 7 242 166 776 2687 152 52 14 46 282 100 67 256 3224 90 31
2408 1005 235 128 97 81 82 60 1838 1694 174 126 82 94 62 26 1930 1664 154 110 93 77 64 4
1445 940 807 369 167 108 133 127 1226 1543 643 256 126 117 146 39 1561 1511 452 193 122 134 113 10
1463 948 594 402 236 154 151 148 1028 1657 580 287 196 152 114 82 1070 1866 460 256 158 142 109 35
733 1688 546 338 210 206 186 189 254 2384 530 268 213 185 145 117 388 2493 403 234 209 154 158 57
898 1948 964 217 50 14 5 0 503 2121 1120 266 65 16 5 0 564 1868 1192 352 92 18 10 0
1436 1553 496 276 132 106 63 34 928 1865 653 297 141 105 71 36 1408 1592 522 234 132 90 79 39
335 928 597 486 712 409 586 43 583 941 667 589 576 412 326 2 858 943 570 603 544 474 101 3
112 136 138 148 295 469 979 1819 166 135 156 249 383 509 1469 1029 194 151 209 275 399 628 1642 598
62 1285 1051 706 462 305 182 43 27 964 1225 847 496 280 187 70 81 1132 1049 805 459 285 183 102
41 584 1215 557 786 662 200 51 88 341 1194 1103 824 368 151 27 188 675 1116 968 692 296 133 28
111 483 542 361 482 739 850 528 227 592 514 436 813 686 805 23 529 639 324 618 785 929 268 4
219 808 1081 629 162 180 416 601 445 1079 991 321 148 237 592 283 938 1304 507 146 149 335 605 112
