0 0 0 0 18 4078 0 0 0 0 0 0 0 523 3573 0 0 0 0 0 0 0 4096 0
0 0 0 0 25 4070 1 0 0 0 0 0 0 467 3629 0 0 0 0 0 0 0 4087 9
0 0 0 0 27 4069 0 0 0 0 0 0 0 612 3484 0 0 0 0 0 0 0 4096 0
0 0 0 0 55 4041 0 0 0 0 0 0 0 900 3196 0 0 0 0 0 0 0 4096 0
0 0 0 0 373 3723 0 0 0 0 0 0 0 922 3174 0 0 0 0 0 0 0 4096 0
0 0 0 0 107 3965 24 0 0 0 0 0 0 789 3307 0 0 0 0 0 0 0 4096 0
0 0 0 0 137 3957 2 0 0 0 0 0 0 778 3318 0 0 0 0 0 0 0 4096 0
0 0 0 10 235 3840 8 3 0 0 7 10 21 817 3237 4 0 0 6 9 19 23 4035 4
0 291 2092 975 394 155 156 33 0 19 1205 1675 689 326 152 30 4 5 59 876 2384 529 231 8
85 67 1094 836 828 610 443 133 95 66 448 1255 947 750 426 109 127 91 196 856 1672 730 366 58
765 260 885 685 662 618 183 38 827 275 378 1029 787 701 89 10 946 387 438 886 717 454 267 1
1373 233 567 686 723 297 119 98 1461 221 310 866 602 484 60 92 1618 455 425 434 487 328 271 78
42 1855 1731 468 0 0 0 0 2 449 2251 1205 189 0 0 0 0 0 186 2435 1458 17 0 0
37 1163 1913 734 158 58 27 6 3 274 1716 1592 383 92 25 11 3 4 235 2242 1458 118 26 10
147 1221 1885 483 234 83 34 9 154 198 2286 1124 222 67 34 11 202 190 687 2467 471 53 16 10
175 1217 1644 359 365 227 98 11 215 181 2671 449 353 171 50 6 352 291 1090 2175 160 26 2 0
