0 0 0 4096 0 0 0 0 0 0 0 0 2953 1143 0 0 0 0 0 0 0 0 4096 0
0 0 0 4096 0 0 0 0 0 0 0 0 1997 2099 0 0 0 0 0 0 0 0 4096 0
0 0 0 4096 0 0 0 0 0 0 0 0 1373 2723 0 0 0 0 0 0 0 0 4096 0
0 0 0 4091 5 0 0 0 0 0 0 0 1048 3048 0 0 0 0 0 0 0 0 4096 0
0 0 0 4096 0 0 0 0 0 0 0 0 904 3192 0 0 0 0 0 0 0 0 4096 0
0 0 0 4087 9 0 0 0 0 0 0 0 909 3187 0 0 0 0 0 0 0 0 4096 0
0 0 0 4096 0 0 0 0 0 0 0 0 744 3352 0 0 0 0 0 0 0 0 4096 0
0 0 0 4096 0 0 0 0 0 0 0 0 950 3146 0 0 0 0 0 0 0 0 4096 0
0 0 0 4096 0 0 0 0 0 0 0 0 788 3308 0 0 0 0 0 0 0 0 4096 0
0 0 0 4096 0 0 0 0 0 0 0 0 1081 3015 0 0 0 0 0 0 0 0 4096 0
0 0 0 4096 0 0 0 0 0 0 0 0 1072 3024 0 0 0 0 0 0 0 0 4096 0
0 0 0 4096 0 0 0 0 0 0 0 0 1128 2968 0 0 0 0 0 0 0 0 4096 0
0 0 0 4096 0 0 0 0 0 0 0 0 1531 2565 0 0 0 0 0 0 0 0 4096 0
0 0 0 4096 0 0 0 0 0 0 0 0 2238 1858 0 0 0 0 0 0 0 0 4096 0
0 0 0 4096 0 0 0 0 0 0 0 0 2251 1845 0 0 0 0 0 0 0 0 4096 0
0 0 0 4083 13 0 0 0 0 0 0 0 2654 1442 0 0 0 0 0 0 0 0 4096 0
0 0 0 814 2739 543 0 0 0 0 0 0 4 4092 0 0 0 0 0 0 0 0 4096 0
0 0 0 1090 2452 554 0 0 0 0 0 0 0 4096 0 0 0 0 0 0 0 0 4096 0
0 0 0 1193 2485 418 0 0 0 0 0 0 0 4096 0 0 0 0 0 0 0 0 4096 0
0 0 0 1428 2368 300 0 0 0 0 0 0 0 4096 0 0 0 0 0 0 0 0 4096 0
0 0 0 964 3085 47 0 0 0 0 0 0 0 4096 0 0 0 0 0 0 0 0 4096 0
0 0 0 1343 2753 0 0 0 0 0 0 0 0 4096 0 0 0 0 0 0 0 0 4096 0
0 0 0 1042 3054 0 0 0 0 0 0 0 0 4096 0 0 0 0 0 0 0 0 4096 0
0 0 0 1289 2807 0 0 0 0 0 0 0 0 4096 0 0 0 0 0 0 0 0 4096 0
0 0 0 2267 1829 0 0 0 0 0 0 0 0 4096 0 0 0 0 0 0 0 0 4096 0
0 0 0 3354 704 38 0 0 0 0 0 0 0 4096 0 0 0 0 0 0 0 0 4088 8
0 0 0 2111 1973 12 0 0 0 0 0 0 0 4096 0 0 0 0 0 0 0 0 4094 2
0 0 0 1119 2977 0 0 0 0 0 0 0 0 4096 0 0 0 0 0 0 0 0 4096 0
0 0 0 3574 522 0 0 0 0 0 0 0 0 4096 0 0 0 0 0 0 0 0 4096 0
0 0 0 4096 0 0 0 0 0 0 0 0 0 4096 0 0 0 0 0 0 0 0 4096 0
0 0 0 3262 834 0 0 0 0 0 0 0 0 4096 0 0 0 0 0 0 0 0 4096 0
0 0 0 447 3649 0 0 0 0 0 0 0 0 4096 0 0 0 0 0 0 0 0 4096 0
0 0 0 0 0 4096 0 0 0 0 0 0 0 4096 0 0 0 0 0 0 0 0 4096 0
0 0 0 0 0 4083 13 0 0 0 0 0 0 4067 29 0 0 0 0 0 0 0 4087 9
0 0 0 0 0 3824 272 0 0 0 0 0 0 3773 323 0 0 0 0 0 0 0 3983 113
0 0 0 0 0 4096 0 0 0 0 0 0 0 3606 490 0 0 0 0 0 0 0 4096 0
0 0 0 0 22 4074 0 0 0 0 0 0 0 3076 1020 0 0 0 0 0 0 0 4096 0
0 0 0 0 688 3408 0 0 0 0 0 0 0 3907 189 0 0 0 0 0 0 0 4096 0
0 0 0 0 1053 3043 0 0 0 0 0 0 0 3991 105 0 0 0 0 0 0 0 4096 0
0 0 0 0 2432 1664 0 0 0 0 0 0 0 4096 0 0 0 0 0 0 0 0 4096 0
0 0 0 0 2994 1102 0 0 0 0 0 0 0 4096 0 0 0 0 0 0 0 0 4096 0
0 0 0 6 4031 59 0 0 0 0 0 0 0 4096 0 0 0 0 0 0 0 0 4084 12
0 0 0 0 3684 412 0 0 0 0 0 0 0 3913 183 0 0 0 0 0 0 0 4082 14
0 0 0 0 4096 0 0 0 0 0 0 0 0 4096 0 0 0 0 0 0 0 0 4096 0
0 0 0 617 3479 0 0 0 0 0 0 0 0 4096 0 0 0 0 0 0 0 0 4096 0
0 0 0 1050 2799 247 0 0 0 0 0 0 0 4096 0 0 0 0 0 0 0 0 4096 0
0 0 0 66 4030 0 0 0 0 0 0 0 0 4096 0 0 0 0 0 0 0 0 4096 0
0 0 0 0 4096 0 0 0 0 0 0 0 0 4096 0 0 0 0 0 0 0 0 4096 0
0 0 0 0 190 2678 1058 170 0 0 0 0 0 2588 1461 47 0 0 0 0 0 0 3962 134
0 0 0 0 0 1674 1644 778 0 0 0 0 0 1610 2104 382 0 0 0 0 0 0 3325 771
0 0 0 0 0 665 3333 98 0 0 0 0 0 479 3588 29 0 0 0 0 0 0 3717 379
0 0 0 0 0 1688 1989 419 0 0 0 0 0 1094 2692 310 0 0 0 0 0 0 3138 958
0 0 0 0 0 3621 473 2 0 0 0 0 0 2660 1436 0 0 0 0 0 0 0 3928 168
0 0 0 0 0 2753 1343 0 0 0 0 0 0 1834 2262 0 0 0 0 0 0 0 3744 352
0 0 0 0 0 3435 661 0 0 0 0 0 0 2593 1503 0 0 0 0 0 0 0 3907 189
0 0 0 0 0 2016 2041 39 0 0 0 0 0 853 3221 22 0 0 0 0 0 0 3585 511
0 0 0 0 73 2723 1065 235 0 0 0 0 0 2330 1615 151 0 0 0 0 0 0 3569 527
0 0 0 0 1473 2505 118 0 0 0 0 0 0 3861 235 0 0 0 0 0 0 0 4030 66
0 0 0 0 2731 1259 106 0 0 0 0 0 0 3671 425 0 0 0 0 0 0 0 4038 58
0 0 0 0 4003 93 0 0 0 0 0 0 0 4096 0 0 0 0 0 0 0 0 4096 0
0 0 0 0 4080 16 0 0 0 0 0 0 0 4096 0 0 0 0 0 0 0 0 4096 0
0 0 0 0 3881 215 0 0 0 0 0 0 0 4096 0 0 0 0 0 0 0 0 4096 0
0 0 0 0 4096 0 0 0 0 0 0 0 0 4096 0 0 0 0 0 0 0 0 4096 0
0 0 0 79 4017 0 0 0 0 0 0 0 0 4096 0 0 0 0 0 0 0 0 4096 0
0 0 0 0 45 3251 800 0 0 0 0 0 0 2676 1420 0 0 0 0 0 0 0 4096 0
0 0 0 0 1 2016 2068 11 0 0 0 0 0 1522 2573 1 0 0 0 0 0 0 4042 54
0 0 0 0 0 2744 1352 0 0 0 0 0 0 1491 2605 0 0 0 0 0 0 0 4092 4
0 0 0 0 7 2045 2002 42 0 0 0 0 0 1083 2986 27 0 0 0 0 0 0 4007 89
0 0 0 0 335 2347 1414 0 0 0 0 0 0 1521 2575 0 0 0 0 0 0 0 4063 33
0 0 0 0 502 3448 146 0 0 0 0 0 0 2776 1320 0 0 0 0 0 0 0 4096 0
0 0 0 0 674 3360 62 0 0 0 0 0 0 3159 937 0 0 0 0 0 0 0 4088 8
0 0 0 0 1810 2155 131 0 0 0 0 0 0 3054 1042 0 0 0 0 0 0 0 4082 14
0 0 0 0 2871 1215 10 0 0 0 0 0 0 3694 402 0 0 0 0 0 0 0 4096 0
0 0 0 0 4061 35 0 0 0 0 0 0 0 4096 0 0 0 0 0 0 0 0 4096 0
0 0 0 0 4078 18 0 0 0 0 0 0 0 4096 0 0 0 0 0 0 0 0 4096 0
0 0 0 0 4096 0 0 0 0 0 0 0 0 4096 0 0 0 0 0 0 0 0 4096 0
0 0 0 0 4096 0 0 0 0 0 0 0 0 4096 0 0 0 0 0 0 0 0 4096 0
0 0 0 0 4096 0 0 0 0 0 0 0 0 4096 0 0 0 0 0 0 0 0 4096 0
0 0 0 0 4096 0 0 0 0 0 0 0 0 4096 0 0 0 0 0 0 0 0 4096 0
0 0 0 0 4096 0 0 0 0 0 0 0 0 4096 0 0 0 0 0 0 0 0 4096 0
0 0 0 0 3527 569 0 0 0 0 0 0 0 4096 0 0 0 0 0 0 0 0 4096 0
0 0 0 0 2956 1140 0 0 0 0 0 0 0 4096 0 0 0 0 0 0 0 0 4096 0
0 0 0 0 2954 1142 0 0 0 0 0 0 0 4096 0 0 0 0 0 0 0 0 4096 0
0 0 0 0 3041 1055 0 0 0 0 0 0 0 3976 120 0 0 0 0 0 0 0 4096 0
0 0 0 0 4020 76 0 0 0 0 0 0 0 4096 0 0 0 0 0 0 0 0 4096 0
0 0 0 0 4071 25 0 0 0 0 0 0 0 4096 0 0 0 0 0 0 0 0 4096 0
0 0 0 0 3371 725 0 0 0 0 0 0 0 4096 0 0 0 0 0 0 0 0 4096 0
0 0 0 0 4010 86 0 0 0 0 0 0 0 4096 0 0 0 0 0 0 0 0 4096 0
0 0 0 0 3909 187 0 0 0 0 0 0 0 4096 0 0 0 0 0 0 0 0 4096 0
0 0 0 0 4096 0 0 0 0 0 0 0 0 4096 0 0 0 0 0 0 0 0 4096 0
0 0 0 0 4096 0 0 0 0 0 0 0 0 4096 0 0 0 0 0 0 0 0 4096 0
0 0 0 0 4096 0 0 0 0 0 0 0 0 4096 0 0 0 0 0 0 0 0 4096 0
0 0 0 0 4096 0 0 0 0 0 0 0 0 4096 0 0 0 0 0 0 0 0 4096 0
0 0 0 0 4096 0 0 0 0 0 0 0 0 4096 0 0 0 0 0 0 0 0 4096 0
0 0 0 102 3994 0 0 0 0 0 0 0 0 4096 0 0 0 0 0 0 0 0 4096 0
0 0 0 511 3585 0 0 0 0 0 0 0 0 4096 0 0 0 0 0 0 0 0 4096 0
0 0 687 1749 1567 69 20 4 0 0 0 490 2106 1457 32 11 0 0 0 0 2051 780 1238 27
0 0 837 1679 1498 71 8 3 0 0 0 711 2003 1343 32 7 0 0 0 2 2103 787 1181 23
0 0 412 1935 1633 72 20 24 0 0 4 742 1903 1388 30 29 0 0 4 89 1881 923 1166 33
0 0 548 1960 1525 47 5 11 0 0 0 724 1998 1345 18 11 0 0 0 54 1962 969 1097 14
0 0 1001 1569 1500 21 4 1 0 0 0 890 1907 1287 9 3 0 0 0 58 1959 958 1113 8
0 0 1136 1470 1480 10 0 0 0 0 0 1009 1801 1286 0 0 0 0 0 64 2012 951 1069 0
0 0 1653 1261 1176 6 0 0 0 0 0 930 2011 1155 0 0 0 0 0 4 2088 937 1067 0
0 0 1669 1208 1202 10 4 3 0 0 0 1108 1913 1060 9 6 0 0 0 13 2109 972 990 12
0 0 1867 1069 1116 29 15 0 0 0 0 1067 1980 1018 26 5 0 0 0 9 2211 924 940 12
0 0 2227 773 990 62 29 15 0 0 0 982 2052 979 64 19 0 0 0 37 2290 791 945 33
0 0 2534 693 842 16 11 0 0 0 0 1100 2039 930 16 11 0 0 0 18 2238 983 839 18
0 0 2683 679 732 2 0 0 0 0 0 1253 1991 850 1 1 0 0 0 18 2432 856 788 2
0 3 3001 446 646 0 0 0 0 0 0 1635 1709 752 0 0 0 0 0 11 2575 792 718 0
0 0 3150 421 525 0 0 0 0 0 0 1941 1469 686 0 0 0 0 0 21 2733 634 708 0
0 10 3162 552 343 10 10 9 0 0 9 1945 1454 663 11 14 0 0 2 60 2659 685 672 18
0 0 3217 726 152 1 0 0 0 0 0 2375 1029 689 2 1 0 0 0 109 2763 624 599 1
0 0 1524 2572 0 0 0 0 0 0 0 1382 2714 0 0 0 0 0 0 290 3733 73 0 0
0 0 1996 2100 0 0 0 0 0 0 0 1405 2481 210 0 0 0 0 0 438 3633 25 0 0
0 0 1793 2303 0 0 0 0 0 0 0 1150 2783 163 0 0 0 0 0 388 3621 87 0 0
3 5 1500 2267 74 56 50 141 2 6 3 992 2630 247 56 160 2 6 3 259 3455 150 60 161
0 9 1772 2181 53 32 27 22 0 0 1 1023 2566 419 35 52 0 0 2 228 3659 120 33 54
0 8 2026 2038 24 0 0 0 0 0 0 779 3068 248 1 0 0 0 0 304 3691 100 1 0
0 19 2254 1823 0 0 0 0 0 0 7 1123 2785 181 0 0 0 0 0 359 3623 114 0 0
0 0 2381 1715 0 0 0 0 0 0 0 1411 2421 264 0 0 0 0 0 407 3553 136 0 0
0 0 2255 1841 0 0 0 0 0 0 0 518 3015 563 0 0 0 0 0 272 3411 413 0 0
5 71 1820 1685 77 93 122 223 4 13 68 496 2269 822 113 311 3 12 62 385 2525 681 102 326
0 31 2619 1446 0 0 0 0 0 0 0 656 2458 982 0 0 0 0 0 335 3416 345 0 0
0 62 2971 1063 0 0 0 0 0 0 0 675 2669 752 0 0 0 0 0 361 3427 308 0 0
0 55 2996 1045 0 0 0 0 0 0 0 619 2864 613 0 0 0 0 0 463 3314 319 0 0
0 75 3284 737 0 0 0 0 0 0 0 778 2703 615 0 0 0 0 0 602 3255 239 0 0
0 19 3431 646 0 0 0 0 0 0 0 709 2823 564 0 0 0 0 0 605 3335 156 0 0
0 31 3423 642 0 0 0 0 0 0 0 984 3019 93 0 0 0 0 0 665 3393 38 0 0
0 0 3654 442 0 0 0 0 0 0 21 3873 202 0 0 0 0 0 0 3130 966 0 0 0
0 0 3300 796 0 0 0 0 0 0 6 3200 882 8 0 0 0 0 0 2848 1243 5 0 0
0 0 3116 980 0 0 0 0 0 0 3 2844 1248 1 0 0 0 0 1 2857 1238 0 0 0
0 0 3103 993 0 0 0 0 0 0 0 2818 1275 3 0 0 0 0 0 3005 1091 0 0 0
0 0 3658 438 0 0 0 0 0 0 6 3393 683 14 0 0 0 0 4 3151 937 4 0 0
0 0 3821 275 0 0 0 0 0 0 8 3521 545 22 0 0 0 0 4 3271 818 3 0 0
0 0 3942 154 0 0 0 0 0 0 24 3453 619 0 0 0 0 0 19 3301 776 0 0 0
0 0 3370 717 9 0 0 0 0 0 110 3484 501 1 0 0 0 25 650 2678 743 0 0 0
0 25 3519 536 14 1 1 0 0 5 337 3156 589 8 1 0 0 77 599 2663 750 7 0 0
0 19 2672 1294 107 4 0 0 0 14 544 2636 836 64 2 0 0 92 1124 1927 900 53 0 0
0 5 2471 1509 101 6 3 1 0 4 571 3355 154 8 3 1 0 130 1400 2223 337 4 1 1
1 99 2229 1174 175 105 85 228 2 61 788 2463 370 103 77 232 3 177 1457 1609 446 96 82 226
0 14 1909 1834 209 42 26 62 0 12 495 3228 236 42 26 57 0 138 1731 1864 249 36 23 55
0 94 1785 2059 145 5 5 3 0 23 695 2930 435 5 5 3 1 253 2005 1523 304 5 3 2
0 59 1850 2079 107 1 0 0 0 3 646 3187 258 2 0 0 0 194 2223 1513 166 0 0 0
0 75 1956 1988 76 1 0 0 0 9 899 2954 233 1 0 0 0 248 2260 1458 130 0 0 0
0 2 4087 7 0 0 0 0 0 0 640 3456 0 0 0 0 0 0 351 3745 0 0 0 0
0 119 3935 42 0 0 0 0 0 0 740 3356 0 0 0 0 0 0 473 3623 0 0 0 0
0 86 3852 158 0 0 0 0 0 0 553 3543 0 0 0 0 0 0 462 3631 3 0 0 0
0 1 3682 413 0 0 0 0 0 0 197 3883 16 0 0 0 0 0 141 3951 4 0 0 0
0 0 2424 1597 49 17 9 0 0 0 19 3528 518 21 10 0 0 0 67 3911 90 21 7 0
0 0 886 1884 1163 130 32 1 0 0 11 1847 1986 213 38 1 0 0 71 2780 1122 98 24 1
1 15 791 1310 1553 322 79 25 1 13 219 1727 1664 380 74 18 2 64 783 1858 1181 133 61 14
0 31 925 2608 325 97 55 55 1 29 693 2804 375 105 47 42 2 116 2570 1085 164 83 46 30
1 76 1227 2340 370 61 14 7 0 47 1007 2530 432 55 17 8 2 368 2341 1208 119 40 14 4
0 51 1502 2365 167 11 0 0 0 26 1236 2615 206 13 0 0 3 613 2987 463 29 1 0 0
0 26 1233 2573 245 17 2 0 0 14 1037 2748 281 14 2 0 1 574 2816 649 47 8 1 0
0 40 1415 2418 216 6 1 0 0 30 1229 2572 257 7 1 0 3 592 2945 535 19 2 0 0
0 51 1357 2468 211 8 1 0 0 34 1199 2646 209 7 1 0 2 631 2774 671 17 1 0 0
0 51 1052 2505 381 72 25 10 1 52 1014 2590 349 58 25 7 9 604 2605 737 103 20 16 2
0 20 1279 2628 161 5 3 0 0 17 1087 2779 203 8 2 0 3 537 2933 595 25 3 0 0
0 50 1589 2391 66 0 0 0 0 29 1258 2696 113 0 0 0 5 831 2973 283 4 0 0 0
0 0 2149 1947 0 0 0 0 0 0 6 4090 0 0 0 0 0 0 3 4093 0 0 0 0
0 0 1563 2533 0 0 0 0 0 0 0 4093 3 0 0 0 0 0 33 4063 0 0 0 0
0 0 1131 2847 114 4 0 0 0 0 45 3877 170 4 0 0 0 6 892 3169 29 0 0 0
0 0 661 3237 198 0 0 0 0 0 11 3731 354 0 0 0 0 3 483 3596 14 0 0 0
0 0 685 3201 210 0 0 0 0 0 15 3843 238 0 0 0 0 5 211 3857 23 0 0 0
0 0 180 3448 467 1 0 0 0 0 32 3435 628 1 0 0 0 38 340 3645 73 0 0 0
0 110 1192 2279 490 22 3 0 0 62 948 2494 555 34 2 1 7 583 1820 1529 149 7 1 0
0 23 1190 2031 732 104 14 2 0 17 950 2225 777 107 18 2 8 596 2249 1032 178 28 5 0
1 77 1132 2339 506 38 3 0 1 40 992 2514 507 37 5 0 21 744 2411 846 66 7 1 0
0 86 1633 2074 279 23 1 0 0 47 1358 2318 343 29 1 0 20 1040 2468 520 46 2 0 0
2 117 1413 2190 321 43 9 1 2 65 1262 2366 354 37 9 1 36 981 2445 529 85 15 5 0
0 50 1349 2541 156 0 0 0 0 37 1153 2728 176 2 0 0 12 1097 2696 284 7 0 0 0
8 179 1666 2115 122 5 1 0 7 115 1547 2294 127 5 1 0 67 1277 2497 239 15 1 0 0
108 55 1324 2353 253 3 0 0 111 37 1329 2456 161 2 0 0 125 781 2683 495 12 0 0 0
0 60 1187 2623 216 9 1 0 0 37 1128 2726 194 10 1 0 12 909 2738 412 21 4 0 0
1 94 1528 2285 184 4 0 0 0 85 1419 2401 188 3 0 0 23 1040 2629 392 12 0 0 0
