0 2 1162 2729 203 0 0 0 0 0 1 485 3170 440 0 0 0 0 0 0 32 750 3314 0
0 51 508 2390 1147 0 0 0 0 0 17 276 2461 1342 0 0 0 0 0 0 106 282 3708 0
112 308 527 2321 817 11 0 0 80 226 447 236 2313 794 0 0 68 181 356 172 158 262 2897 2
515 917 1074 1205 371 14 0 0 405 823 555 500 1397 414 2 0 361 768 423 257 284 304 1694 5
16 2401 687 243 217 247 252 33 0 23 2343 788 260 254 309 119 0 0 54 1204 1867 338 385 248
22 1639 772 304 208 305 679 167 6 104 1699 724 302 248 572 441 1 65 109 1010 1363 382 522 644
864 1521 826 284 281 183 108 29 765 1355 943 312 289 231 165 36 586 1351 921 377 294 290 214 63
1987 1255 257 150 135 146 158 8 1517 1574 334 184 131 154 184 18 1329 1617 443 190 129 148 220 20
78 2116 1289 374 174 53 12 0 0 98 2221 1254 334 152 37 0 0 0 665 2258 771 284 106 12
37 546 1205 706 645 567 385 5 30 199 720 1056 772 635 640 44 26 172 136 1132 875 784 726 245
479 1583 825 385 289 215 282 38 373 1306 969 461 355 243 315 74 287 1181 790 677 402 314 324 121
174 1062 979 745 444 241 290 161 153 634 1139 878 504 280 307 201 147 406 1169 882 541 352 344 255
1418 1867 445 54 23 38 242 9 1 1698 1684 376 37 35 254 11 0 433 2459 760 132 38 265 9
2 621 804 560 423 343 1270 73 0 55 822 759 554 422 1323 161 0 24 479 893 617 488 1464 131
53 895 732 310 278 599 995 234 28 630 794 421 275 355 1036 557 19 575 719 411 307 314 977 774
456 1244 1189 928 195 11 6 67 402 1319 1253 909 133 7 5 68 376 1364 1354 841 85 4 9 63
