898 1952 374 139 74 59 347 253 1001 1982 305 104 57 57 363 227 90 2289 861 134 62 56 251 353
1012 1325 416 195 145 200 749 54 1167 1301 341 165 147 184 757 34 293 1683 756 205 153 145 787 74
582 304 190 197 220 426 2001 176 617 298 177 190 203 409 2010 192 46 755 247 189 176 354 1960 369
364 787 604 519 659 622 522 19 490 876 642 648 535 436 461 8 161 1043 792 774 478 317 513 18
1584 932 816 605 129 28 2 0 1675 1123 827 415 45 11 0 0 1378 1851 687 144 36 0 0 0
239 296 247 385 775 2149 5 0 276 300 238 361 698 2211 12 0 86 402 246 336 561 2285 180 0
0 0 0 0 322 3638 136 0 0 0 0 0 170 3726 200 0 0 0 0 0 43 3425 628 0
477 685 736 741 753 704 0 0 472 644 691 772 750 767 0 0 173 728 677 807 721 975 15 0
1147 995 1002 623 232 87 10 0 1183 1170 1058 514 149 22 0 0 1882 1553 435 177 49 0 0 0
173 396 266 605 1830 826 0 0 221 404 273 270 1740 1188 0 0 318 421 252 135 1091 1870 9 0
0 0 9 1223 2398 466 0 0 0 0 0 378 2761 957 0 0 0 0 0 88 2462 1546 0 0
193 146 426 2220 1031 68 12 0 238 165 227 1458 1872 135 1 0 228 179 181 869 2394 244 1 0
1541 1506 540 270 123 96 20 0 1737 1515 465 229 111 39 0 0 2331 1324 256 125 57 3 0 0
1829 1237 304 176 424 126 0 0 1970 1186 243 90 192 415 0 0 2053 1232 153 36 246 376 0 0
0 33 12 339 2704 1008 0 0 5 33 7 23 1078 2950 0 0 0 34 11 8 2224 1819 0 0
0 0 0 547 1870 1594 84 1 0 0 0 25 1720 2328 23 0 0 0 0 11 3032 1041 12 0
