0 0 0 0 1713 2383 0 0 0 0 0 0 0 4096 0 0 0 0 0 0 0 1996 2100 0
0 0 0 0 125 3865 106 0 0 0 0 0 0 3314 782 0 0 0 0 0 0 83 4013 0
0 0 0 0 0 3414 599 83 0 0 0 0 0 435 3529 132 0 0 0 0 0 0 4093 3
0 0 0 0 2 2460 1501 133 0 0 0 0 0 7 3777 312 0 0 0 0 0 2 4094 0
419 2230 149 79 101 1118 0 0 176 2492 135 66 81 1142 4 0 1546 1183 100 55 70 1137 5 0
284 1480 224 462 343 713 590 0 147 1661 282 81 621 698 606 0 682 1330 111 47 622 868 436 0
23 626 518 283 1014 170 1462 0 24 613 632 197 1018 150 1462 0 90 766 529 162 984 274 1291 0
0 2 179 117 690 1472 1461 175 0 3 205 182 618 1433 1271 384 0 40 239 224 668 1449 1476 0
99 1737 870 425 315 282 224 144 155 1399 1217 430 306 250 210 129 696 871 1094 600 303 256 193 83
42 753 767 539 465 492 573 465 93 702 861 595 437 391 544 473 341 713 617 690 395 469 550 321
12 499 1041 671 495 385 513 480 58 514 827 876 507 326 437 551 171 617 642 974 496 334 511 351
2 198 1022 886 499 402 405 682 9 243 586 1206 609 353 314 776 37 352 542 1242 598 322 437 566
165 1874 916 492 279 189 126 55 236 1525 1345 385 251 178 132 44 961 834 1038 667 259 193 122 22
556 1796 749 225 131 99 189 351 687 1324 1027 305 132 102 152 367 1175 595 960 587 181 115 312 171
251 1085 1196 698 356 213 138 159 191 638 1292 984 469 218 138 166 246 314 1041 1345 677 222 133 118
110 852 1488 1027 412 158 46 3 10 452 1399 1404 584 189 55 3 5 243 1098 1672 844 207 24 3
