0 0 0 0 0 4096 0 0 0 0 0 0 0 0 4096 0 0 0 0 0 0 0 0 4096
0 0 0 0 0 4096 0 0 0 0 0 0 0 0 4096 0 0 0 0 0 0 0 0 4096
0 0 0 0 0 4096 0 0 0 0 0 0 0 0 4096 0 0 0 0 0 0 0 0 4096
0 0 0 0 3 4093 0 0 0 0 0 0 0 0 4096 0 0 0 0 0 0 0 0 4096
0 0 0 0 0 4096 0 0 0 0 0 0 0 0 4096 0 0 0 0 0 0 0 0 4096
0 0 0 0 13 4083 0 0 0 0 0 0 0 0 4096 0 0 0 0 0 0 0 0 4096
0 0 0 0 45 4051 0 0 0 0 0 0 0 0 4096 0 0 0 0 0 0 0 0 4096
0 0 0 0 317 3779 0 0 0 0 0 0 0 0 4096 0 0 0 0 0 0 0 0 4096
0 0 0 0 1038 3058 0 0 0 0 0 0 0 0 4096 0 0 0 0 0 0 0 0 4096
0 0 0 0 1927 2169 0 0 0 0 0 0 0 0 4096 0 0 0 0 0 0 0 0 4096
0 0 0 0 3590 506 0 0 0 0 0 0 0 0 4096 0 0 0 0 0 0 0 0 4096
0 0 0 0 4096 0 0 0 0 0 0 0 0 0 4096 0 0 0 0 0 0 0 0 4096
0 0 0 0 4096 0 0 0 0 0 0 0 0 0 4096 0 0 0 0 0 0 0 0 4096
0 0 0 0 4096 0 0 0 0 0 0 0 0 0 4096 0 0 0 0 0 0 0 0 4096
0 0 0 0 4096 0 0 0 0 0 0 0 0 0 4096 0 0 0 0 0 0 0 0 4096
0 0 0 0 4096 0 0 0 0 0 0 0 0 12 4084 0 0 0 0 0 0 0 0 4096
0 0 0 0 4096 0 0 0 0 0 0 0 0 790 3306 0 0 0 0 0 0 0 0 4096
0 0 0 0 4096 0 0 0 0 0 0 0 0 2191 1905 0 0 0 0 0 0 0 0 4096
0 0 0 0 4096 0 0 0 0 0 0 0 0 3161 935 0 0 0 0 0 0 0 0 4096
0 0 0 0 0 4096 0 0 0 0 0 0 0 0 4096 0 0 0 0 0 0 0 0 4096
0 0 0 0 0 4096 0 0 0 0 0 0 0 0 4096 0 0 0 0 0 0 0 0 4096
0 0 0 0 0 4096 0 0 0 0 0 0 0 0 4096 0 0 0 0 0 0 0 0 4096
0 0 0 0 0 4096 0 0 0 0 0 0 0 0 4096 0 0 0 0 0 0 0 0 4096
0 0 0 0 0 4096 0 0 0 0 0 0 0 0 4096 0 0 0 0 0 0 0 0 4096
0 0 0 0 0 4096 0 0 0 0 0 0 0 0 4096 0 0 0 0 0 0 0 0 4096
0 0 0 0 2 4094 0 0 0 0 0 0 0 0 4096 0 0 0 0 0 0 0 0 4096
0 0 0 0 56 4040 0 0 0 0 0 0 0 0 4096 0 0 0 0 0 0 0 0 4096
0 0 0 0 418 3678 0 0 0 0 0 0 0 0 4096 0 0 0 0 0 0 0 0 4096
0 0 0 0 1493 2603 0 0 0 0 0 0 0 0 4096 0 0 0 0 0 0 0 0 4096
0 0 0 0 3609 487 0 0 0 0 0 0 0 0 4096 0 0 0 0 0 0 0 0 4096
0 0 0 0 4096 0 0 0 0 0 0 0 0 0 4096 0 0 0 0 0 0 0 0 4096
0 0 0 0 4096 0 0 0 0 0 0 0 0 0 4096 0 0 0 0 0 0 0 0 4096
0 0 0 0 4096 0 0 0 0 0 0 0 0 0 4096 0 0 0 0 0 0 0 0 4096
0 0 0 0 4096 0 0 0 0 0 0 0 0 0 4096 0 0 0 0 0 0 0 0 4096
0 0 0 0 4096 0 0 0 0 0 0 0 0 0 4096 0 0 0 0 0 0 0 0 4096
0 0 0 0 4096 0 0 0 0 0 0 0 0 5 4091 0 0 0 0 0 0 0 0 4096
0 0 0 0 4096 0 0 0 0 0 0 0 0 62 4034 0 0 0 0 0 0 0 0 4096
0 0 0 0 4096 0 0 0 0 0 0 0 0 952 3144 0 0 0 0 0 0 0 0 4096
0 0 2 1895 1749 450 0 0 0 0 0 858 2711 120 407 0 0 0 0 12 3362 273 74 375
0 5 258 1840 1317 674 2 0 0 0 25 1644 1701 98 628 0 0 0 0 53 2428 940 68 607
0 0 2 1173 1142 1779 0 0 0 0 0 269 1977 56 1794 0 0 0 0 0 1082 1164 50 1800
0 0 0 352 640 3104 0 0 0 0 0 11 453 123 3509 0 0 0 0 0 192 257 106 3541
0 0 0 46 870 3180 0 0 0 0 0 0 14 226 3856 0 0 0 0 0 0 0 64 4032
0 0 0 26 891 3179 0 0 0 0 0 0 1 84 4011 0 0 0 0 0 0 0 33 4063
0 0 0 2 949 3145 0 0 0 0 0 0 0 4 4092 0 0 0 0 0 0 0 2 4094
0 0 0 0 1498 2598 0 0 0 0 0 0 0 0 4096 0 0 0 0 0 0 0 0 4096
