0 0 0 0 0 1539 2557 0 0 0 0 0 0 90 4006 0 0 0 0 0 0 379 3717 0
0 0 0 0 0 0 4096 0 0 0 0 0 0 0 4096 0 0 0 0 0 0 0 4096 0
0 0 0 0 0 0 3990 106 0 0 0 0 0 0 3930 166 0 0 0 0 0 0 3977 119
0 0 0 0 0 201 3895 0 0 0 0 0 0 44 4052 0 0 0 0 0 0 125 3971 0
0 0 0 0 67 2171 1823 35 0 0 0 0 0 814 3176 106 0 0 0 0 0 1315 2765 16
0 0 0 0 0 816 3136 144 0 0 0 0 0 90 3663 343 0 0 0 0 0 372 3668 56
0 0 71 213 551 971 2025 265 0 0 10 115 294 662 2681 334 0 0 38 115 392 629 2694 228
0 2 216 849 586 898 1545 0 0 0 76 407 798 905 1910 0 0 2 147 555 612 1014 1766 0
5 45 49 76 433 2785 703 0 1 28 56 48 134 1359 2469 1 6 38 51 56 155 1915 1875 0
180 551 88 52 316 896 1975 38 83 640 91 38 119 612 2269 244 390 356 84 29 163 622 2431 21
759 1425 368 272 319 695 252 6 539 1583 382 197 211 620 552 12 1070 1169 311 189 217 607 526 7
1552 1784 567 149 36 8 0 0 1457 1896 512 164 59 8 0 0 1912 1584 413 124 57 6 0 0
13 137 152 435 980 1526 800 53 7 105 139 208 738 1548 1203 148 18 135 139 298 807 1676 949 74
105 619 208 226 617 1178 989 154 62 635 184 189 355 1047 1312 312 300 453 174 181 466 1092 1181 249
400 959 691 525 450 361 523 187 413 893 642 493 455 414 528 258 591 876 574 487 434 402 530 202
1376 984 633 347 298 233 163 62 1378 983 606 344 301 236 179 69 1554 931 525 336 298 229 167 56
