0 0 0 18 2095 1952 31 0 0 0 0 0 0 2523 1573 0 0 0 0 0 0 683 3413 0
0 0 0 0 1769 2327 0 0 0 0 0 0 0 2023 2073 0 0 0 0 0 0 481 3615 0
0 0 0 0 1258 2838 0 0 0 0 0 0 0 1914 2182 0 0 0 0 0 0 555 3541 0
0 0 0 0 1831 2265 0 0 0 0 0 0 0 2849 1247 0 0 0 0 0 0 1419 2677 0
23 32 70 667 1039 1160 681 424 11 36 27 39 622 1695 1019 647 24 27 37 48 402 1408 1402 748
277 176 115 161 785 1233 722 627 157 225 146 157 220 1246 1171 774 292 170 145 172 217 1116 1181 803
176 140 197 385 1293 1353 414 138 169 148 184 207 335 1890 955 208 265 176 185 142 334 1791 996 207
425 317 333 643 968 798 404 208 501 311 374 567 722 1123 315 183 758 477 547 453 474 887 327 173
0 0 561 1997 694 414 261 169 0 0 0 95 2484 822 401 294 0 0 0 158 2451 774 400 313
0 0 1 944 1265 509 526 851 0 0 0 3 919 1530 649 995 0 0 0 17 1641 883 565 990
48 59 37 113 1433 735 550 1121 44 63 31 39 359 1601 731 1228 68 49 33 49 1015 1096 623 1163
43 37 23 343 861 1054 1146 589 39 31 31 24 733 1170 1255 813 44 34 23 64 900 1112 1207 712
890 569 979 618 424 392 176 48 868 235 283 1044 678 472 396 120 780 305 253 1091 642 472 390 163
1181 1276 628 410 231 167 132 71 1075 1346 606 319 256 208 169 117 1254 1609 282 211 255 197 167 121
1028 650 314 309 438 463 481 413 1131 494 259 290 345 519 529 529 1342 353 198 264 412 476 510 541
200 700 800 763 483 329 431 390 493 831 753 562 305 299 421 432 1271 722 431 324 247 263 396 442
