0 0 0 0 0 3298 765 33 0 0 0 0 0 1176 2894 26 0 0 0 0 0 0 2353 1743
0 0 0 0 0 3144 858 94 0 0 0 0 0 1266 2713 117 0 0 0 0 0 0 1841 2255
0 0 0 0 0 2788 1206 102 0 0 0 0 0 732 3232 132 0 0 0 0 0 0 940 3156
0 0 0 0 0 2376 1361 359 0 0 0 0 0 88 3525 483 0 0 0 0 0 0 109 3987
0 2 1315 286 61 173 2259 0 0 0 1 1431 232 64 2333 35 0 0 0 1346 309 73 905 1463
0 71 1259 290 62 65 1760 589 0 0 201 1238 242 62 1212 1141 0 0 32 1303 345 58 540 1818
450 619 621 406 41 33 1207 719 415 418 615 631 59 33 242 1683 233 505 571 655 176 32 152 1772
2301 384 113 57 30 36 1086 89 2265 414 110 64 30 25 149 1039 2233 460 106 51 30 26 59 1131
0 64 4029 3 0 0 0 0 0 1 164 3931 0 0 0 0 0 4 29 4063 0 0 0 0
0 253 3743 100 0 0 0 0 0 0 881 3214 1 0 0 0 0 4 73 3884 135 0 0 0
399 852 2657 188 0 0 0 0 348 399 1228 2118 3 0 0 0 253 227 609 2796 211 0 0 0
1992 1303 775 22 4 0 0 0 1988 404 1435 265 4 0 0 0 2101 340 1408 247 0 0 0 0
479 1461 2028 119 9 0 0 0 542 1249 1249 1048 8 0 0 0 1648 921 512 1015 0 0 0 0
92 578 2173 1074 153 25 1 0 129 630 1561 1626 126 24 0 0 1477 1395 619 588 14 3 0 0
1 206 1947 1012 564 285 81 0 9 368 585 2462 373 265 34 0 432 539 697 1998 296 130 4 0
85 753 1467 1131 513 126 21 0 164 841 1482 1220 315 63 11 0 1201 1290 1091 374 105 34 1 0
