121 6 0 63 214 262 1284 2146 84 43 0 61 2 264 621 3021 64 63 0 1 62 0 8 3898
64 0 46 128 275 848 1518 1217 64 0 0 108 94 271 1276 2283 64 0 0 27 73 28 143 3761
64 0 377 144 92 1596 1612 211 64 0 0 468 60 135 1858 1511 64 0 0 217 255 46 102 3412
64 0 247 346 454 2173 812 0 64 0 0 295 260 569 2580 328 61 3 0 90 135 165 252 3390
64 0 1579 2242 211 0 0 0 64 0 28 2299 1605 100 0 0 8 56 0 83 1887 1452 575 35
21 137 3010 900 28 0 0 0 1 111 462 3036 477 9 0 0 1 77 91 539 2521 731 136 0
102 411 3130 435 15 1 2 0 30 274 1287 2458 36 9 1 1 13 345 462 1298 1935 31 10 2
94 1061 2515 361 45 13 7 0 28 599 1779 1565 85 23 12 5 55 1002 1016 1337 618 37 20 11
68 1392 2544 55 8 13 13 3 64 204 2771 1003 21 14 11 8 61 10 1365 2220 399 11 15 15
323 2384 937 197 90 54 44 67 68 1632 1679 394 128 62 50 83 34 557 2194 834 223 93 62 99
1624 1263 815 221 64 34 20 55 798 1797 973 327 86 31 24 60 582 1972 1049 291 83 30 24 65
489 1203 1507 713 168 14 1 1 297 1075 1605 878 212 27 1 1 403 1423 1466 651 142 9 1 1
663 2824 518 67 16 5 2 1 220 2301 1427 112 21 12 1 2 110 1485 2241 213 27 15 3 2
2098 1636 181 68 55 34 16 8 819 2611 437 94 55 40 29 11 381 2443 982 126 63 47 33 21
2861 579 202 92 82 75 73 132 2528 813 245 111 87 79 66 167 2289 1028 234 127 83 75 69 191
1970 915 853 217 73 36 20 12 1849 892 776 403 87 48 24 17 2289 960 516 177 68 42 25 19
