0 344 1595 2157 0 0 0 0 107 1547 2439 3 0 0 0 0 1102 2974 20 0 0 0 0 0
6 1458 1380 109 14 22 300 807 526 2187 233 17 19 26 1068 20 1780 1140 35 12 60 659 402 8
61 2035 917 132 14 19 47 871 914 2123 107 14 18 236 680 4 2685 458 8 18 318 569 39 1
0 799 1232 1989 76 0 0 0 61 2007 2007 21 0 0 0 0 1418 2644 34 0 0 0 0 0
0 1027 2300 769 0 0 0 0 42 2698 1353 3 0 0 0 0 1386 2684 26 0 0 0 0 0
6 2358 676 36 285 165 58 512 981 2052 22 97 735 203 6 0 2480 567 388 249 388 24 0 0
11 104 14 337 892 60 505 2173 116 11 21 829 2524 593 2 0 121 7 1986 1361 617 4 0 0
594 1903 898 312 229 17 45 98 1443 1780 264 351 230 27 1 0 2604 839 118 365 170 0 0 0
1 1254 2745 96 0 0 0 0 33 2521 1487 55 0 0 0 0 175 2705 1077 138 1 0 0 0
2 567 2150 652 397 272 56 0 54 935 1868 649 419 171 0 0 57 695 1831 832 485 196 0 0
0 259 1237 637 1034 728 201 0 0 774 778 739 1142 663 0 0 0 563 721 799 1269 744 0 0
246 381 1465 627 898 437 42 0 458 822 951 739 969 157 0 0 468 724 758 959 870 316 1 0
0 31 3020 1045 0 0 0 0 0 2238 1857 1 0 0 0 0 0 2805 1289 2 0 0 0 0
0 19 1607 816 181 157 282 1034 0 750 1575 366 388 976 41 0 0 1026 1543 634 815 78 0 0
0 0 281 313 70 145 731 2556 0 0 588 96 565 2815 32 0 0 0 658 935 2219 284 0 0
0 7 1063 630 365 414 470 1147 0 548 1311 569 713 955 0 0 2 1123 1372 983 615 1 0 0
