0 0 0 0 0 0 716 3380 0 0 0 0 0 1647 2397 52 0 0 0 0 1379 2433 284 0
0 0 0 0 0 284 2798 1014 0 0 0 0 332 2247 1517 0 0 0 0 0 1582 2444 70 0
0 263 28 14 37 1987 1767 0 0 281 13 17 1104 2502 179 0 0 282 15 18 1783 1998 0 0
203 1568 73 20 226 2006 0 0 871 956 27 25 1075 1142 0 0 1287 549 20 28 1323 889 0 0
0 117 206 738 918 1398 719 0 0 197 160 1011 2076 652 0 0 2 209 144 1091 2650 0 0 0
0 678 1637 699 144 882 56 0 2 869 1656 579 965 25 0 0 92 822 1660 537 985 0 0 0
0 1578 1201 1156 39 122 0 0 4 2250 1458 233 151 0 0 0 48 2411 1399 91 147 0 0 0
105 2134 1006 851 0 0 0 0 406 2227 1463 0 0 0 0 0 803 2724 569 0 0 0 0 0
0 174 220 65 238 3399 0 0 0 326 104 115 3389 162 0 0 2 378 80 423 3213 0 0 0
128 832 601 232 1145 1158 0 0 302 1090 300 586 1818 0 0 0 747 803 217 1374 955 0 0 0
500 1051 1097 924 521 3 0 0 813 1010 1461 741 71 0 0 0 1432 787 1226 646 5 0 0 0
109 1058 2507 365 57 0 0 0 332 2368 1288 100 8 0 0 0 889 2803 321 83 0 0 0 0
0 0 0 150 415 1698 1833 0 0 0 25 368 940 2763 0 0 0 0 132 466 3498 0 0 0
138 529 581 277 395 2029 147 0 312 844 291 304 1938 407 0 0 872 456 289 596 1883 0 0 0
429 859 699 270 856 983 0 0 633 1237 308 383 1535 0 0 0 1643 414 263 1129 647 0 0 0
499 867 658 535 1504 33 0 0 694 1178 407 990 827 0 0 0 1591 490 388 1501 126 0 0 0
