3460 351 94 70 121 0 0 0 3521 292 91 110 82 0 0 0 498 3242 98 72 84 101 1 0
378 1253 690 114 1003 501 157 0 678 1392 276 513 717 512 8 0 11 1953 328 84 290 955 469 6
0 5 121 26 1147 800 1860 137 0 55 91 556 853 2283 258 0 0 27 108 17 515 1061 2322 46
0 0 0 0 1172 602 2204 118 0 0 0 802 802 2242 250 0 0 0 0 0 954 997 2142 3
1636 1377 493 192 148 115 95 40 2009 1446 402 160 72 7 0 0 94 3359 604 39 0 0 0 0
176 1438 1049 508 373 285 196 71 620 1975 918 379 151 48 5 0 174 2883 822 181 32 4 0 0
16 1018 824 223 354 741 748 172 42 1634 502 274 553 832 259 0 13 623 1667 182 109 596 823 83
0 562 1479 304 122 334 1071 224 0 1150 1131 162 194 1052 407 0 0 37 1644 654 135 386 1161 79
611 886 722 747 370 297 311 152 892 920 1289 544 356 95 0 0 772 1885 1121 309 9 0 0 0
40 966 757 1222 664 321 117 9 172 1079 1116 1302 381 44 2 0 7 825 1097 1601 507 52 7 0
17 791 1346 788 420 448 188 98 57 852 1426 580 447 593 138 3 1 179 1174 1248 231 236 496 531
105 2090 1144 348 281 124 4 0 344 1076 1715 306 429 218 8 0 0 590 889 1565 227 229 395 201
151 252 412 545 652 853 920 311 242 628 1075 1120 870 161 0 0 2655 1095 176 77 93 0 0 0
12 174 173 144 296 665 1344 1288 82 273 330 800 1661 358 591 1 1037 592 166 934 635 102 591 39
0 0 41 192 379 516 506 2462 0 0 9 155 512 971 2415 34 0 0 10 6 41 311 1243 2485
232 2625 460 396 214 100 56 13 0 20 2793 520 472 220 63 8 0 0 8 2644 395 496 351 202
