0 0 0 0 0 5 3 4088 0 0 0 0 0 5 4 4087 0 0 0 0 0 5 2 4089
0 0 0 0 0 0 0 4096 0 0 0 0 0 0 0 4096 0 0 0 0 0 0 0 4096
0 0 0 0 0 0 0 4096 0 0 0 0 0 0 0 4096 0 0 0 0 0 0 0 4096
0 0 0 0 0 0 0 4096 0 0 0 0 0 0 0 4096 0 0 0 0 0 0 0 4096
0 0 0 0 0 0 0 4096 0 0 0 0 0 0 0 4096 0 0 0 0 0 0 0 4096
0 0 0 0 0 0 0 4096 0 0 0 0 0 0 0 4096 0 0 0 0 0 0 0 4096
0 0 0 0 0 0 0 4096 0 0 0 0 0 0 0 4096 0 0 0 0 0 0 0 4096
0 0 0 0 0 0 0 4096 0 0 0 0 0 0 0 4096 0 0 0 0 0 0 0 4096
0 0 0 0 0 0 0 4096 0 0 0 0 0 0 0 4096 0 0 0 0 0 0 0 4096
0 0 0 0 0 0 0 4096 0 0 0 0 0 0 0 4096 0 0 0 0 0 0 0 4096
0 0 0 0 0 0 0 4096 0 0 0 0 0 0 0 4096 0 0 0 0 0 0 0 4096
0 0 0 0 0 0 0 4096 0 0 0 0 0 0 0 4096 0 0 0 0 0 0 0 4096
0 0 0 0 0 0 0 4096 0 0 0 0 0 0 0 4096 0 0 0 0 0 0 0 4096
0 0 0 0 0 0 0 4096 0 0 0 0 0 0 0 4096 0 0 0 0 0 0 0 4096
0 0 0 0 0 0 0 4096 0 0 0 0 0 0 0 4096 0 0 0 0 0 0 0 4096
0 0 0 0 0 0 0 4096 0 0 0 0 0 0 0 4096 0 0 0 0 0 0 0 4096
0 2 534 1083 318 122 118 1919 0 129 1077 609 191 89 154 1847 0 171 986 281 525 106 139 1888
0 0 0 94 1364 621 124 1893 0 0 3 697 1446 29 31 1890 0 0 7 121 1689 351 31 1897
0 0 0 0 862 1618 613 1003 0 0 0 10 2824 240 30 992 0 0 0 0 1290 1774 37 995
0 0 0 6 890 1217 892 1091 0 0 0 45 2411 532 36 1072 0 0 0 0 655 2325 39 1077
0 0 0 0 31 717 1490 1858 0 0 0 1 917 1344 47 1787 0 0 0 0 124 2041 120 1811
0 0 0 0 36 1776 630 1654 0 0 0 0 350 2084 47 1615 0 0 0 0 24 2065 386 1621
0 0 0 0 11 705 1074 2306 0 0 0 0 54 1754 53 2235 0 0 0 0 11 1283 556 2246
0 0 0 0 84 1065 351 2596 0 0 0 0 98 1320 89 2589 0 0 0 0 0 743 756 2597
0 0 0 0 27 606 769 2694 0 0 0 0 4 1239 177 2676 0 0 0 0 0 222 1183 2691
0 0 0 0 0 155 584 3357 0 0 0 0 0 493 268 3335 0 0 0 0 0 0 748 3348
0 0 0 0 0 0 7 4089 0 0 0 0 0 0 25 4071 0 0 0 0 0 0 23 4073
0 0 0 0 0 0 0 4096 0 0 0 0 0 0 0 4096 0 0 0 0 0 0 0 4096
0 0 0 0 0 0 0 4096 0 0 0 0 0 0 0 4096 0 0 0 0 0 0 0 4096
0 0 0 0 0 0 0 4096 0 0 0 0 0 0 0 4096 0 0 0 0 0 0 0 4096
0 0 0 0 0 0 0 4096 0 0 0 0 0 0 0 4096 0 0 0 0 0 0 0 4096
0 0 0 0 0 0 0 4096 0 0 0 0 0 0 0 4096 0 0 0 0 0 0 0 4096
0 135 568 731 1438 1024 185 15 0 436 2163 1351 130 16 0 0 0 771 2703 537 78 7 0 0
0 1 341 957 1808 774 206 9 0 49 1691 2001 338 17 0 0 0 198 2730 902 248 18 0 0
0 0 117 483 2490 868 138 0 0 0 884 2311 897 4 0 0 0 10 1626 1263 1162 35 0 0
0 20 796 930 1750 556 41 3 0 12 1158 1562 1295 63 6 0 0 1 1087 1076 1777 128 27 0
0 10 472 667 1696 1105 111 35 0 1 611 1579 1757 138 10 0 0 0 523 1379 1790 385 18 1
0 0 596 392 1054 1483 443 128 0 0 717 1115 1877 316 62 9 0 0 760 1109 1318 816 82 11
0 0 10 378 1476 1518 576 138 0 0 193 1303 2314 238 43 5 0 0 340 1172 1988 522 56 18
0 0 10 333 1666 1584 422 81 0 0 11 798 2312 770 143 62 0 1 5 213 2130 1420 152 175
0 0 35 438 1004 1822 624 173 0 0 9 666 1787 1430 189 15 0 0 0 225 1627 1614 509 121
0 0 0 6 486 2006 1224 374 0 0 0 43 989 2128 820 116 0 0 0 0 691 1156 1497 752
0 0 0 80 681 1877 1093 365 0 0 0 24 912 2031 802 327 0 0 0 0 299 1298 1568 931
0 0 40 133 336 1244 1220 1123 0 0 8 145 170 1866 735 1172 0 0 0 30 131 593 1596 1746
0 0 190 425 413 1228 569 1271 0 0 112 463 400 1022 800 1299 0 0 0 219 377 655 880 1965
0 0 0 71 1007 1211 454 1353 0 0 0 50 294 1774 628 1350 0 0 0 0 54 328 1812 1902
0 0 12 65 1363 1048 393 1215 0 0 0 44 89 2444 313 1206 0 0 0 2 45 105 2556 1388
0 0 0 45 1871 638 334 1208 0 0 0 35 129 2560 191 1181 0 0 0 0 38 120 2690 1248
0 0 18 100 495 2670 813 0 0 66 555 3252 223 0 0 0 10 494 3452 140 0 0 0 0
0 0 15 513 1189 989 1272 118 0 3 377 2138 1548 30 0 0 0 50 1403 2430 213 0 0 0
0 21 230 737 1076 1551 481 0 0 87 703 2200 1106 0 0 0 0 66 1309 2505 216 0 0 0
0 667 2860 512 39 16 2 0 0 482 3209 392 12 1 0 0 0 43 3380 666 7 0 0 0
0 1677 1945 221 157 92 4 0 0 1064 2741 259 32 0 0 0 0 12 3520 554 10 0 0 0
0 826 1505 993 655 116 1 0 0 689 2625 772 10 0 0 0 0 29 3282 785 0 0 0 0
0 957 1380 1105 551 88 15 0 0 818 2536 693 16 11 19 3 0 72 3307 656 25 5 16 15
0 790 981 868 674 683 87 13 0 711 1621 499 147 644 447 27 0 20 2060 609 173 133 554 547
0 103 1099 665 1064 812 252 101 0 9 1076 667 302 1130 714 198 0 0 245 1240 293 226 1026 1066
0 16 571 636 1659 1094 119 1 0 0 485 449 432 1850 832 48 0 0 39 597 292 367 1609 1192
0 4 80 461 2569 814 158 10 0 0 64 164 392 2760 620 96 0 0 0 118 124 259 2425 1170
0 4 405 418 2495 721 46 7 0 1 336 103 494 2620 531 11 0 0 5 340 95 355 2400 901
0 0 331 388 2345 768 207 57 0 0 308 175 412 2488 633 80 0 0 7 385 112 261 2316 1015
0 0 1 358 3225 509 3 0 0 0 0 0 542 3335 219 0 0 0 0 0 0 364 3282 450
0 0 225 866 2704 278 23 0 0 0 209 69 1155 2532 131 0 0 0 0 221 62 905 2732 176
0 0 0 676 3328 92 0 0 0 0 0 0 1412 2668 16 0 0 0 0 0 0 1233 2845 18
0 0 13 76 610 2243 1151 3 4 36 537 2953 566 0 0 0 16 355 3330 395 0 0 0 0
0 0 34 1325 912 1457 359 9 0 17 669 2944 458 8 0 0 0 159 1600 2170 164 3 0 0
0 0 56 2141 764 391 706 38 0 0 151 2379 341 278 731 216 0 0 16 1911 661 227 242 1039
0 32 70 1640 1598 628 128 0 0 33 162 1632 270 1579 392 28 0 0 100 895 840 136 1411 714
0 0 293 1038 1808 826 131 0 0 0 177 823 401 1935 696 64 0 0 0 369 599 238 1752 1138
2 443 432 1491 1215 319 191 3 0 310 442 204 1422 1280 361 77 0 5 529 203 150 921 1728 560
2 1622 556 1541 372 3 0 0 0 1421 291 388 1570 423 3 0 0 204 1347 171 263 1338 768 5
0 1396 1081 1366 244 9 0 0 0 1144 832 633 1237 241 9 0 0 177 1596 318 456 1192 341 16
0 170 959 1105 1456 384 21 1 0 171 1115 370 672 1437 327 4 0 30 857 667 103 535 1469 435
0 148 229 627 1732 840 305 215 0 58 347 179 539 1832 764 377 0 14 272 228 80 406 1706 1390
0 35 173 1007 1938 809 110 24 0 11 206 200 923 2008 667 81 0 3 196 172 91 694 1956 984
0 12 51 970 2349 625 79 10 0 0 28 30 945 2478 566 49 0 0 3 27 19 679 2460 908
0 7 69 1191 2053 669 107 0 0 0 10 61 1145 2217 620 43 0 0 0 10 37 899 2287 863
0 42 157 1041 2315 473 68 0 0 8 117 85 1154 2342 356 34 0 0 19 111 63 1008 2435 460
0 0 14 797 2654 630 1 0 0 0 0 23 1115 2746 212 0 0 0 0 0 18 1015 2775 288
0 0 40 1407 2335 314 0 0 0 0 0 66 1940 2040 50 0 0 0 0 0 50 1825 2182 39
0 0 0 16 388 2850 821 21 0 12 379 3019 684 2 0 0 1 176 2944 973 2 0 0 0
0 0 8 296 1331 2155 304 2 0 66 970 2556 488 8 8 0 8 448 2589 815 136 80 9 11
2 9 111 630 1592 1374 378 0 0 7 147 539 755 1314 1270 64 0 5 78 436 168 553 1136 1720
8 783 590 925 1589 196 5 0 4 1033 537 83 840 1509 90 0 0 931 552 106 63 556 1699 189
4 22 62 484 2568 935 21 0 0 43 79 46 633 2769 516 10 0 26 46 56 33 380 2674 881
11 1134 729 967 1172 72 11 0 0 1030 688 309 969 1043 53 4 0 539 933 293 236 714 1285 96
6 295 823 1452 1434 82 4 0 1 475 695 397 1358 1126 44 0 0 257 702 306 239 1117 1423 52
0 145 274 1681 1738 252 6 0 0 93 101 249 1744 1721 187 1 0 6 120 72 142 1316 2096 344
4 249 463 1191 1674 511 4 0 0 213 294 329 1252 1724 284 0 0 27 334 175 246 1112 1790 412
0 1650 778 1136 450 79 3 0 0 1374 448 536 1169 510 58 1 0 681 927 239 424 1141 610 74
0 1587 1193 1122 186 6 2 0 0 1450 676 659 1081 226 3 1 0 918 1021 279 484 1067 323 4
0 1218 1557 1143 132 37 7 2 0 1215 862 678 1189 129 21 2 0 622 1190 319 503 1263 181 18
0 952 1334 1320 415 68 7 0 0 958 1020 507 1165 420 26 0 0 343 1311 412 372 1156 483 19
0 241 525 1547 1418 324 40 1 0 160 332 389 1669 1333 205 8 0 14 311 224 294 1536 1458 259
0 5 151 1263 1978 669 30 0 0 0 2 176 1650 1995 273 0 0 0 0 2 172 1698 1985 239
0 0 111 1254 2151 580 0 0 0 0 0 188 1890 1932 86 0 0 0 0 0 198 2116 1757 25
0 6 223 680 1171 1396 520 100 2 269 1042 2065 512 187 19 0 215 1868 1499 478 36 0 0 0
0 0 14 249 1351 2088 384 10 0 32 774 2649 623 18 0 0 42 791 2577 681 5 0 0 0
4 119 802 1464 1191 397 119 0 1 711 1608 859 705 201 9 2 25 965 1608 587 206 472 225 8
32 860 1112 1415 590 84 3 0 9 792 863 962 1133 303 34 0 1 538 678 690 635 1119 378 57
3 105 683 1900 1353 52 0 0 0 81 122 806 2059 1023 5 0 0 30 76 106 669 2051 1151 13
7 256 845 1685 888 248 161 6 0 220 393 1008 1793 647 35 0 0 107 371 363 927 1627 672 29
0 14 545 1947 1380 146 61 3 0 10 63 820 2181 990 31 1 0 2 38 127 723 2066 1094 46
0 22 810 2047 1194 23 0 0 0 0 34 886 2232 939 5 0 0 0 0 29 792 2207 1059 9
0 26 785 1892 1264 129 0 0 0 0 32 882 2018 1129 35 0 0 0 0 26 788 2034 1201 47
0 64 1010 1958 1029 35 0 0 0 0 56 1022 2033 967 18 0 0 0 0 33 892 2051 1103 17
14 480 1084 1683 795 37 3 0 1 485 231 792 1768 797 21 1 0 332 313 67 670 1738 950 26
0 4 387 1784 1473 336 68 44 0 10 22 337 1982 1520 179 46 0 1 20 15 333 1970 1547 210
0 0 557 1827 1560 148 4 0 0 0 0 586 2053 1414 43 0 0 0 0 0 560 2125 1385 26
0 2 656 1517 1456 459 6 0 0 0 0 723 1756 1512 104 1 0 0 0 0 650 1847 1514 85
0 60 852 1566 1358 259 1 0 0 0 41 1012 1838 1150 55 0 0 0 0 58 913 1968 1124 33
0 43 623 1741 1384 305 0 0 0 0 39 856 2050 1104 47 0 0 0 0 29 789 2188 1067 23
0 0 8 655 1555 1740 135 3 1 11 116 1164 2255 549 0 0 10 96 1480 2458 52 0 0 0
0 4 57 280 1141 1855 741 18 0 60 185 920 2298 633 0 0 36 356 1159 2425 120 0 0 0
0 152 632 605 886 1043 650 128 6 517 771 1018 1228 554 2 0 52 1153 1256 1411 224 0 0 0
51 712 840 1379 849 223 29 13 14 699 502 1284 1280 309 8 0 14 438 701 591 939 1057 343 13
324 1584 718 966 490 14 0 0 239 1700 427 720 740 266 4 0 126 1606 508 247 565 742 294 8
24 2023 937 528 317 195 71 1 10 2088 969 586 383 60 0 0 1 1509 1435 623 341 159 28 0
0 236 733 918 1006 858 311 34 0 432 974 1467 1057 161 5 0 7 422 1238 1347 659 368 54 1
1 206 634 1452 1399 362 42 0 13 195 285 1175 1683 732 13 0 11 183 393 340 740 1601 803 25
142 1482 507 1007 851 107 0 0 59 1470 237 575 1096 634 25 0 1 1331 292 172 521 1058 674 47
460 1668 591 836 485 56 0 0 405 1835 590 218 656 368 24 0 48 2057 687 75 147 591 455 36
48 2120 997 584 222 106 19 0 46 1969 579 744 484 164 102 8 2 1741 491 371 619 525 200 147
0 326 277 326 709 665 844 949 0 361 208 146 679 682 884 1136 0 185 303 82 228 709 690 1899
0 20 735 1147 1020 681 338 155 0 0 12 786 1396 1110 562 230 0 0 0 7 694 1452 1160 783
0 43 765 992 829 951 411 105 0 0 31 927 1071 774 1076 217 0 0 0 47 769 1062 743 1475
0 65 1081 1137 851 727 235 0 0 0 78 1264 1112 814 729 99 0 0 0 88 1134 1097 671 1106
0 208 1343 1639 677 180 49 0 0 0 255 1538 1616 547 139 1 0 0 0 222 1305 1710 645 214
0 22 146 538 2139 956 273 22 0 45 174 665 2275 935 2 0 35 160 1056 2478 367 0 0 0
0 2 63 459 1149 1622 614 187 0 32 235 695 1729 1170 235 0 12 158 1299 2259 352 16 0 0
0 0 0 35 271 1271 1479 1040 0 0 72 343 841 1556 1278 6 9 147 1166 2154 612 8 0 0
0 74 118 270 847 1081 971 735 10 156 326 958 1006 1192 406 42 72 711 1077 1762 466 8 0 0
177 2501 397 138 146 245 327 165 190 2685 344 139 233 324 181 0 145 2638 587 597 128 1 0 0
244 3691 113 38 5 5 0 0 310 3663 110 8 5 0 0 0 169 3752 162 9 4 0 0 0
91 3070 524 167 162 77 5 0 96 3173 514 256 54 3 0 0 31 3109 664 255 36 1 0 0
89 1314 969 677 622 354 71 0 56 1528 1229 944 310 25 4 0 26 1319 1437 912 303 73 23 3
25 594 1509 1528 391 49 0 0 4 334 626 1697 1210 210 15 0 0 147 307 582 1517 1282 230 31
689 2803 476 107 21 0 0 0 439 2883 464 286 22 2 0 0 73 3007 499 271 224 22 0 0
468 2858 428 206 133 3 0 0 420 3069 423 183 1 0 0 0 111 3266 536 150 33 0 0 0
143 3450 333 66 36 39 28 1 122 3525 261 67 44 28 36 13 51 3232 535 116 54 29 29 50
0 662 716 475 603 701 600 339 0 570 740 473 500 677 793 343 0 313 496 550 455 528 677 1077
0 149 931 1544 1037 397 27 11 0 19 279 1183 1553 842 204 16 0 0 40 236 1016 1568 927 309
0 122 617 1577 1389 327 63 1 0 0 91 1011 1891 962 139 2 0 0 0 89 991 1972 883 161
0 286 1444 1646 634 82 4 0 0 0 341 1753 1632 355 15 0 0 0 0 366 1809 1578 334 9
0 12 207 1739 1266 541 248 83 0 7 213 906 2163 707 100 0 17 280 2220 1536 43 0 0 0
0 31 232 817 1376 1135 462 43 3 115 456 1187 1357 816 162 0 43 382 1936 1686 49 0 0 0
0 0 0 35 490 1302 1491 778 0 0 25 128 1193 1411 1142 197 0 73 1005 2186 816 16 0 0
0 0 0 35 581 1500 1171 809 0 0 27 206 1362 1747 745 9 7 98 1255 2051 673 12 0 0
0 47 100 173 470 569 1114 1623 5 122 120 416 700 1444 1202 87 98 308 754 1911 914 109 2 0
34 1045 183 99 473 820 920 522 44 1191 112 336 814 1090 502 7 170 1211 647 1459 579 30 0 0
59 1895 214 114 299 503 572 440 204 1990 96 133 423 873 366 11 321 1964 252 793 752 14 0 0
0 615 1078 1028 697 235 193 250 36 1560 1427 506 99 273 195 0 144 2005 1315 480 152 0 0 0
0 49 966 1450 1157 426 21 27 4 161 710 1615 987 532 86 1 6 261 817 487 935 953 515 122
45 806 1921 964 309 51 0 0 11 347 798 1828 827 258 27 0 2 231 160 673 1777 926 283 44
1186 1961 643 236 69 1 0 0 1003 1693 806 368 184 42 0 0 381 1967 527 646 323 184 68 0
123 1439 1178 767 394 162 27 6 118 1288 825 812 587 329 130 7 55 1175 640 500 632 595 344 155
0 273 1416 1274 728 354 47 4 0 2 251 1577 1270 717 262 17 0 0 3 317 1416 1255 740 365
33 386 983 1513 863 278 40 0 7 255 189 1068 1597 768 195 17 0 122 147 179 991 1560 843 254
0 511 1578 1496 477 34 0 0 0 51 452 1652 1522 401 18 0 0 21 28 404 1569 1585 462 27
425 792 1480 1043 337 19 0 0 328 239 749 1580 981 208 11 0 182 265 117 754 1657 872 242 7
4 116 179 627 2226 779 155 10 6 131 275 555 953 1983 193 0 80 505 2278 1214 19 0 0 0
0 94 566 1461 886 882 207 0 0 88 435 1294 1888 380 11 0 24 499 1816 1604 153 0 0 0
0 0 31 696 2084 1016 228 41 0 0 27 463 2421 1087 98 0 0 42 1455 2244 351 4 0 0
0 2 36 270 1237 1700 641 210 0 0 44 201 981 2112 753 5 15 123 1506 2181 271 0 0 0
0 0 0 12 375 1689 1308 712 0 0 20 79 663 2135 1137 62 0 19 1243 2215 607 12 0 0
0 0 4 58 316 1032 1631 1055 0 0 23 317 924 1931 899 2 3 113 650 2277 1016 36 1 0
0 0 65 572 1042 916 1009 492 0 21 123 342 1225 1547 801 37 87 237 1083 2249 429 11 0 0
0 4 65 525 1125 773 829 775 3 72 305 372 809 1194 1252 89 75 301 1121 1797 802 0 0 0
0 4 124 162 640 1338 1157 671 0 23 197 291 832 1791 914 48 3 116 704 2253 897 94 23 6
0 276 808 429 313 669 840 761 0 0 477 1151 907 1163 398 0 0 6 225 1817 1851 183 9 5
10 538 953 605 334 659 567 430 3 84 727 1216 885 737 442 2 1 76 367 1926 1267 374 78 7
380 1420 906 388 227 252 317 206 285 786 1283 763 557 351 71 0 172 629 803 1498 683 249 62 0
699 2088 876 305 100 19 7 2 546 1597 1115 522 241 65 10 0 262 1229 890 891 494 220 92 18
2369 1367 263 92 5 0 0 0 2081 1382 395 174 61 3 0 0 1412 1503 641 309 138 86 5 2
1933 1536 408 164 50 5 0 0 1783 1433 340 372 131 36 1 0 1399 1667 198 276 387 128 38 3
464 2285 1057 246 44 0 0 0 221 1289 1642 736 175 33 0 0 120 300 1239 1419 736 229 52 1
0 79 202 446 2331 950 81 7 0 160 326 998 1815 767 30 0 4 398 1834 1787 72 1 0 0
0 29 287 2173 1373 214 18 2 0 16 404 2134 1376 166 0 0 0 224 2054 1679 139 0 0 0
0 1 67 913 1468 724 518 405 0 6 122 1140 1316 926 586 0 4 38 1182 2164 671 37 0 0
0 9 88 280 1138 1404 899 278 0 28 82 208 1174 2260 344 0 47 192 1788 1983 86 0 0 0
0 0 0 36 501 1538 1369 652 0 0 24 125 619 2352 974 2 21 83 1486 2349 157 0 0 0
0 1 19 103 365 1266 1496 846 0 8 33 141 806 1658 1364 86 20 134 761 2570 611 0 0 0
0 111 219 340 544 1364 954 564 11 174 218 442 560 1483 1166 42 156 274 978 2099 579 10 0 0
0 17 108 377 680 1313 835 766 0 53 135 291 774 1670 1157 16 115 199 976 2237 511 58 0 0
0 0 2 53 291 1220 1394 1136 0 0 8 89 800 2056 1100 43 0 22 898 2637 523 16 0 0
0 2 26 308 1103 1616 798 243 0 19 66 338 1869 1570 234 0 19 137 1453 2118 358 11 0 0
0 0 18 89 462 1054 1078 1395 0 17 68 249 744 2088 930 0 3 92 848 2534 589 30 0 0
0 7 17 45 903 1641 983 500 0 11 39 241 1540 1961 304 0 5 150 1266 2426 246 3 0 0
6 190 366 283 598 1280 1046 327 6 193 436 475 1321 1604 61 0 16 130 1968 1708 194 74 6 0
94 1506 1313 544 291 200 104 44 16 769 1555 926 593 232 5 0 14 202 1004 1558 864 356 88 10
1492 1959 573 71 1 0 0 0 883 1962 833 389 29 0 0 0 607 1172 1265 612 357 83 0 0
3267 680 126 20 3 0 0 0 3130 664 238 47 17 0 0 0 2860 732 286 165 37 15 1 0
