64 0 437 1102 1403 308 163 619 64 0 85 960 1284 797 267 639 64 0 35 799 557 1639 350 652
64 0 17 77 1710 373 172 1683 64 0 6 33 397 1652 231 1713 64 0 0 25 24 1805 457 1721
64 0 0 0 275 609 244 2904 64 0 0 0 4 734 285 3009 64 0 0 0 0 280 732 3020
64 0 0 0 0 62 2452 1518 64 0 0 0 0 60 2051 1921 64 0 0 0 0 64 906 3062
0 271 1972 1479 298 71 5 0 0 42 1478 2229 302 45 0 0 0 2 1156 2479 412 47 0 0
0 31 1295 1446 1130 144 50 0 0 0 611 1849 1205 394 37 0 0 0 275 1857 1042 885 37 0
0 0 138 658 2360 756 176 8 0 0 72 271 1381 1967 404 1 0 0 0 261 422 2584 825 4
0 0 0 49 1615 1756 670 6 0 0 0 0 147 2616 1237 96 0 0 0 0 0 1080 2735 281
0 28 1032 985 708 565 609 169 0 7 1064 1116 713 578 557 61 0 30 1261 1056 681 600 461 7
0 17 1055 836 549 532 774 333 0 10 345 1472 699 564 795 211 0 5 283 1033 1250 657 795 73
0 5 253 1659 420 729 805 225 0 0 141 591 1638 664 910 152 0 0 84 519 838 1712 882 61
0 0 37 1919 1133 909 68 30 0 0 4 210 1881 1601 364 36 0 0 2 85 98 2453 1415 43
67 232 3688 102 7 0 0 0 64 12 292 3231 491 6 0 0 94 75 90 818 3010 9 0 0
66 31 3645 340 14 0 0 0 64 8 50 1941 2033 0 0 0 98 52 97 131 2198 1520 0 0
119 278 1078 2451 165 5 0 0 132 272 426 481 2761 24 0 0 612 408 217 158 402 2299 0 0
48 254 904 2303 555 32 0 0 126 471 1017 1113 1349 20 0 0 1298 1037 364 135 302 960 0 0
