0 238 3854 4 0 0 0 0 0 0 0 1233 2863 0 0 0 0 0 0 0 18 4078 0 0
0 392 3704 0 0 0 0 0 0 0 0 1606 2490 0 0 0 0 0 0 0 513 3583 0 0
0 762 3334 0 0 0 0 0 0 0 0 2255 1841 0 0 0 0 0 0 0 3009 1087 0 0
0 1207 2889 0 0 0 0 0 0 0 0 3194 902 0 0 0 0 0 0 0 4076 20 0 0
249 1918 1118 717 91 1 2 0 6 172 1554 1266 967 127 2 2 0 109 510 1944 805 719 7 2
5 1163 1979 898 47 4 0 0 0 4 789 1697 1456 144 6 0 0 1 126 1553 1549 859 7 1
122 1932 1647 378 17 0 0 0 16 113 1632 1249 1040 46 0 0 0 68 530 2010 1317 170 1 0
383 1313 1746 604 49 1 0 0 221 222 1067 1207 1249 129 1 0 146 211 367 1649 1420 299 4 0
93 630 1418 1560 375 17 2 1 1 84 566 1242 1608 559 33 3 0 22 346 1226 1599 820 80 3
0 44 690 2694 663 5 0 0 0 0 32 518 1720 1810 16 0 0 0 7 318 991 2640 139 1
86 169 418 2356 1045 22 0 0 23 98 144 295 1509 1963 63 1 9 83 137 227 774 2590 269 7
1808 478 468 948 361 30 3 0 1557 504 324 370 800 489 48 4 1447 544 358 330 572 694 138 13
194 141 304 1945 1495 16 1 0 151 106 96 207 1252 2227 56 1 138 111 96 152 709 2266 620 4
1048 173 1051 1389 435 0 0 0 984 123 164 898 1211 716 0 0 955 135 136 706 1132 895 137 0
2306 573 472 709 36 0 0 0 2089 664 167 416 661 99 0 0 1994 770 146 340 515 331 0 0
3490 540 65 1 0 0 0 0 3311 592 187 6 0 0 0 0 3296 627 163 9 1 0 0 0
