41 1172 2233 604 45 1 0 0 0 864 2306 895 30 1 0 0 34 2207 1758 94 3 0 0 0
16 705 2252 955 149 19 0 0 0 321 2180 1463 126 6 0 0 99 1929 1887 171 10 0 0 0
1 408 2833 854 0 0 0 0 0 132 2231 1724 9 0 0 0 70 1699 2280 47 0 0 0 0
10 591 1549 1421 458 64 3 0 0 549 1808 1442 279 18 0 0 10 1272 2449 347 18 0 0 0
0 26 851 1887 1147 170 15 0 0 47 837 2435 711 66 0 0 7 564 2660 782 83 0 0 0
0 31 982 2095 827 160 1 0 0 86 1575 1764 621 50 0 0 21 930 2299 798 48 0 0 0
6 247 1639 1892 304 8 0 0 0 234 1456 2011 393 2 0 0 17 927 2418 719 15 0 0 0
0 14 627 1746 909 524 272 4 0 13 734 2008 850 428 63 0 7 398 2375 962 327 27 0 0
0 115 464 1087 1465 734 221 10 0 99 467 1296 1728 441 65 0 10 366 1794 1546 340 40 0 0
0 7 207 1464 1717 607 94 0 0 31 528 1787 1398 335 17 0 5 353 2081 1364 284 9 0 0
0 39 608 2414 895 99 41 0 0 34 614 2563 796 80 9 0 13 441 2695 868 74 5 0 0
0 34 159 673 1112 929 1076 113 0 27 275 1032 1212 1128 422 0 10 299 1279 1108 1037 362 1 0
0 62 627 1692 931 418 333 33 0 115 991 1810 637 430 113 0 26 534 2103 905 429 99 0 0
107 884 1159 1031 426 327 162 0 31 1056 1283 974 433 293 26 0 74 1677 1540 598 199 8 0 0
0 28 175 576 1407 1407 499 4 0 105 267 1121 1590 951 61 1 64 349 1226 1678 729 47 3 0
0 85 921 2210 501 292 87 0 0 40 650 2426 758 215 7 0 38 791 2492 684 90 1 0 0
0 150 1200 2001 743 2 0 0 0 117 1097 2058 823 1 0 0 17 639 2242 1146 52 0 0 0
0 30 563 2428 1017 56 2 0 0 36 474 2240 1304 41 1 0 50 920 2428 677 21 0 0 0
2 66 555 2573 887 13 0 0 3 62 388 2225 1405 13 0 0 27 577 2480 967 45 0 0 0
423 635 1115 1532 349 39 3 0 285 718 1040 1598 416 36 3 0 66 1423 1773 713 108 13 0 0
645 911 556 581 560 409 426 8 468 1109 667 751 508 534 59 0 36 1793 1188 603 435 41 0 0
0 135 440 1150 1258 777 334 2 0 135 546 1576 1250 559 30 0 27 555 1845 1214 437 18 0 0
473 1488 767 595 286 274 213 0 135 1794 988 545 277 333 24 0 120 2197 1154 362 249 14 0 0
8 216 569 1006 1077 777 443 0 4 230 770 1251 1039 745 57 0 50 894 1578 1120 434 20 0 0
516 1219 1249 1005 84 23 0 0 172 1465 1160 1155 129 15 0 0 237 2163 1444 234 17 1 0 0
11 62 292 1885 1464 333 49 0 10 75 647 2111 1056 189 8 0 15 399 2183 1314 179 6 0 0
842 1310 1223 606 99 16 0 0 185 1882 1423 528 74 4 0 0 136 2663 1134 152 11 0 0 0
169 481 675 669 1158 756 188 0 60 483 766 1060 1231 473 23 0 256 1170 1268 1078 305 19 0 0
0 3 151 445 1465 1334 679 19 0 5 202 919 1730 1036 204 0 27 292 1342 1636 694 105 0 0
0 7 182 854 1014 1315 723 1 0 6 233 1000 1425 1306 126 0 19 254 1295 1715 803 10 0 0
3 189 877 1434 1027 478 88 0 3 276 1167 1504 808 333 5 0 92 1127 1908 772 195 2 0 0
2 167 1017 1320 898 579 112 1 1 282 1278 1358 851 315 11 0 95 1187 1756 838 215 5 0 0
0 303 1627 1877 280 9 0 0 0 285 2056 1559 191 5 0 0 55 1434 2297 307 3 0 0 0
0 22 1298 2113 631 32 0 0 0 51 1497 2122 414 12 0 0 5 761 2873 449 8 0 0 0
0 176 2770 1109 41 0 0 0 0 100 2543 1442 11 0 0 0 4 940 3039 113 0 0 0 0
0 177 1808 987 826 244 54 0 0 154 1704 1548 571 117 2 0 25 1406 1972 593 100 0 0 0
400 1136 1231 1010 290 29 0 0 14 1448 1498 931 193 12 0 0 67 2068 1559 381 21 0 0 0
0 193 1282 1752 747 108 14 0 1 277 1629 1590 549 50 0 0 42 1048 2188 768 50 0 0 0
0 129 1162 2316 432 49 8 0 0 73 986 2457 542 38 0 0 1 474 2684 899 38 0 0 0
0 28 416 1589 1389 542 132 0 0 14 380 1862 1483 344 13 0 8 333 2084 1399 264 8 0 0
2 112 345 1690 1450 422 75 0 2 144 627 2072 1013 221 17 0 25 484 2267 1109 207 4 0 0
1 110 294 2042 1276 274 98 1 3 121 435 2092 1189 230 26 0 22 296 2061 1421 280 16 0 0
5 335 703 1941 808 254 48 2 6 382 842 2148 562 146 10 0 44 848 2249 810 140 5 0 0
0 74 949 2003 706 323 40 1 0 67 864 2209 749 197 10 0 24 685 2316 701 340 30 0 0
2 458 1909 1537 186 4 0 0 0 336 1977 1626 156 1 0 0 14 855 2408 788 31 0 0 0
108 721 1325 1321 466 143 12 0 12 652 1298 1458 598 76 2 0 74 1634 2091 272 25 0 0 0
0 2 165 662 1005 1626 636 0 0 9 160 892 1603 1384 48 0 33 420 1590 1558 483 12 0 0
0 4 90 654 1022 1726 600 0 0 6 154 935 1695 1288 18 0 27 368 1568 1739 394 0 0 0
0 2 441 2143 1101 394 15 0 0 2 313 2078 1492 211 0 0 24 796 2603 668 5 0 0 0
0 41 762 2266 700 272 55 0 0 23 483 2263 1199 122 6 0 31 1100 2523 397 45 0 0 0
0 21 465 2453 716 318 122 1 0 7 206 2262 1325 282 14 0 30 893 2621 448 102 2 0 0
21 276 1055 2065 510 150 19 0 15 309 943 1931 800 97 1 0 97 1271 2207 438 82 1 0 0
1201 846 881 869 278 20 1 0 739 1254 1014 877 195 17 0 0 184 2313 1205 377 17 0 0 0
3 111 568 1517 1108 593 194 2 6 151 815 1676 973 452 23 0 75 702 1926 1060 315 17 1 0
627 1352 700 880 496 34 7 0 165 1835 790 1060 230 14 2 0 89 2211 1348 409 37 2 0 0
202 424 624 1203 1179 416 48 0 72 560 868 1570 832 192 2 0 34 1128 1796 991 145 2 0 0
1141 800 835 424 338 346 210 2 359 1415 863 658 417 358 26 0 279 2260 888 463 199 7 0 0
79 692 805 860 845 587 228 0 7 798 890 1021 862 497 21 0 71 1348 1511 942 219 5 0 0
143 880 1307 970 439 320 37 0 32 1032 1461 888 434 248 1 0 109 1896 1475 556 60 0 0 0
0 6 101 662 1542 1220 565 0 0 15 169 910 1626 1321 55 0 18 272 1586 1786 421 13 0 0
0 1 90 675 1755 1040 529 6 0 6 156 1131 1747 875 181 0 11 220 1443 1780 615 27 0 0
4 340 680 1467 1208 324 73 0 7 372 960 1701 875 166 15 0 29 727 1927 1212 197 4 0 0
91 1164 1167 1086 455 126 7 0 37 1288 1328 1055 344 44 0 0 166 1921 1529 443 35 2 0 0
3 104 160 1127 1839 723 140 0 3 116 300 1803 1459 405 10 0 23 370 1674 1658 363 8 0 0
21 1039 2603 425 8 0 0 0 0 782 2752 558 4 0 0 0 46 2429 1611 10 0 0 0 0
1 365 2506 1152 68 4 0 0 0 297 2524 1249 26 0 0 0 6 1386 2639 64 1 0 0 0
0 90 1422 2174 367 41 2 0 0 203 2504 1243 133 13 0 0 14 1177 2708 185 12 0 0 0
8 396 1738 1451 483 20 0 0 1 381 2085 1409 212 8 0 0 45 1131 2559 355 6 0 0 0
191 782 1410 1431 277 5 0 0 3 995 1597 1287 210 4 0 0 49 1757 1867 408 14 1 0 0
8 123 670 2809 436 47 3 0 0 124 670 2586 683 33 0 0 48 844 2757 421 26 0 0 0
0 67 1034 2734 261 0 0 0 0 38 665 2829 564 0 0 0 1 456 2766 867 6 0 0 0
50 526 997 1495 749 238 41 0 9 439 1339 1685 491 121 12 0 65 1094 2143 658 127 9 0 0
1 113 566 1765 998 393 246 14 5 153 839 1854 813 323 109 0 41 662 2069 937 325 62 0 0
225 459 883 1774 532 184 39 0 70 660 1133 1753 383 89 8 0 84 1149 2208 581 66 8 0 0
31 181 1174 2074 436 167 33 0 6 217 948 2361 469 90 5 0 25 898 2573 554 44 2 0 0
0 48 1070 2237 581 144 16 0 0 34 894 2482 619 65 2 0 20 914 2759 381 22 0 0 0
353 1203 1637 839 57 7 0 0 59 1339 1574 1062 56 6 0 0 41 1852 1977 198 26 2 0 0
3 96 1178 2094 618 101 6 0 0 63 938 2342 700 53 0 0 31 1008 2645 394 18 0 0 0
0 0 90 833 1174 1803 196 0 0 3 134 1066 1864 1024 5 0 19 466 1812 1621 178 0 0 0
0 2 104 576 1393 1509 512 0 0 20 207 895 1726 1215 33 0 25 417 1526 1771 355 2 0 0
0 121 672 1699 968 512 124 0 0 86 446 1770 1377 416 1 0 77 1046 2199 734 40 0 0 0
0 39 499 1751 851 533 403 20 0 37 382 2014 991 581 91 0 49 1005 1745 805 441 51 0 0
0 72 205 630 1162 1244 761 22 5 144 350 1025 1355 1054 163 0 101 403 1147 1408 952 85 0 0
0 64 486 1442 1251 690 163 0 0 115 509 1755 1307 395 15 0 47 633 2043 1129 238 6 0 0
319 505 1232 1282 429 183 139 7 157 595 1209 1458 438 184 55 0 121 1419 1536 780 205 35 0 0
12 533 1402 1828 317 4 0 0 0 383 1163 2057 487 6 0 0 47 1182 2068 739 60 0 0 0
996 1286 1218 492 97 7 0 0 441 1682 1292 586 88 7 0 0 136 2729 1067 133 30 1 0 0
97 660 1016 1775 483 65 0 0 15 727 1358 1577 386 33 0 0 83 1371 2086 506 49 1 0 0
676 737 1029 942 367 316 29 0 235 1016 1099 1110 456 180 0 0 184 2029 1335 474 74 0 0 0
44 594 1113 1054 729 484 78 0 2 484 1125 1392 791 302 0 0 291 1444 1528 697 136 0 0 0
203 641 844 958 996 397 57 0 14 599 832 1145 1234 272 0 0 486 1203 1250 1056 101 0 0 0
0 2 94 1071 2007 787 135 0 0 2 102 1261 2145 560 26 0 3 187 1380 2179 343 4 0 0
0 132 696 1270 1025 724 249 0 0 118 859 1510 909 658 42 0 74 1015 1842 961 204 0 0 0
123 1189 1422 1034 252 74 2 0 14 1217 1672 950 220 23 0 0 181 2062 1493 315 42 3 0 0
60 1099 1319 805 691 120 2 0 41 1119 1364 866 645 61 0 0 249 1774 1259 642 170 2 0 0
0 52 356 1167 1342 901 278 0 0 48 356 1503 1421 728 40 0 26 373 1720 1395 551 31 0 0
63 1584 1957 491 1 0 0 0 2 1311 2005 768 10 0 0 0 26 2092 1903 74 1 0 0 0
4 652 1856 1244 291 49 0 0 0 531 1900 1406 246 13 0 0 49 1629 2007 405 6 0 0 0
0 244 992 1487 957 394 22 0 0 291 1286 1574 788 157 0 0 94 1307 1856 744 95 0 0 0
0 277 1246 2084 442 47 0 0 0 315 1415 1786 558 22 0 0 93 1527 2127 333 16 0 0 0
0 53 938 2788 298 19 0 0 0 73 946 2604 464 9 0 0 24 1130 2712 217 12 1 0 0
0 14 1343 2352 356 25 6 0 0 4 939 2839 303 11 0 0 5 1106 2830 143 12 0 0 0
1 386 2330 1332 46 1 0 0 1 316 2059 1691 29 0 0 0 33 1215 2634 213 1 0 0 0
0 117 860 2823 275 20 1 0 0 76 628 3034 344 13 1 0 11 672 3157 245 11 0 0 0
0 133 1415 2486 56 6 0 0 0 91 1020 2884 95 6 0 0 6 699 3104 264 21 2 0 0
0 164 1189 2261 471 11 0 0 0 105 902 2527 553 9 0 0 31 878 2345 784 58 0 0 0
0 55 802 1916 676 411 233 3 0 49 717 2211 705 386 28 0 52 963 2158 672 246 5 0 0
68 548 850 1136 656 468 364 6 12 631 1046 1240 631 499 37 0 64 1112 1658 864 370 28 0 0
313 1411 1213 892 246 20 1 0 35 1505 1285 983 279 9 0 0 157 2154 1356 390 37 2 0 0
0 270 799 1270 1170 511 76 0 5 290 851 1541 1178 230 1 0 75 931 1778 1101 204 7 0 0
0 69 202 783 1543 1213 286 0 2 108 368 1123 1774 709 12 0 35 496 1602 1635 324 4 0 0
0 12 186 881 979 1334 703 1 0 24 228 1063 1418 1309 54 0 24 481 1606 1573 405 6 1 0
0 100 811 1809 891 387 98 0 0 49 582 2099 1133 224 9 0 142 1388 1840 594 129 3 0 0
0 143 771 1198 828 605 516 35 0 50 586 1442 1158 691 167 2 80 1139 1452 692 537 183 13 0
0 175 1059 1586 581 429 265 1 0 115 768 1909 884 397 23 0 135 1491 1591 519 342 18 0 0
0 124 663 1170 1195 675 265 4 1 159 670 1746 974 511 35 0 105 885 1546 1111 424 25 0 0
31 258 507 917 1357 812 214 0 17 265 684 1346 1336 424 24 0 160 839 1371 1366 354 6 0 0
636 1356 1296 718 80 8 2 0 146 1501 1336 916 188 9 0 0 583 2498 951 59 5 0 0 0
1340 1064 1040 583 69 0 0 0 504 1615 1032 808 137 0 0 0 477 2836 770 13 0 0 0 0
647 852 1494 1013 84 6 0 0 162 1208 1353 1242 130 1 0 0 197 2657 1220 22 0 0 0 0
0 504 1593 1387 506 106 0 0 0 366 1443 1751 491 45 0 0 84 1762 2009 236 5 0 0 0
432 865 1066 1408 324 1 0 0 22 1108 974 1448 542 2 0 0 262 2105 1495 231 3 0 0 0
1 43 640 2103 1272 37 0 0 0 24 463 2003 1566 40 0 0 59 705 2110 1127 95 0 0 0
101 394 984 1263 781 499 74 0 11 291 891 1612 945 342 4 0 501 1376 1575 558 86 0 0 0
305 953 1734 963 127 14 0 0 56 922 1715 1265 136 2 0 0 638 2170 1179 108 1 0 0 0
241 965 1510 1343 37 0 0 0 30 877 1275 1699 215 0 0 0 477 2496 1117 6 0 0 0 0
6 295 1197 1750 751 95 2 0 2 241 1212 1803 770 68 0 0 181 1509 1882 469 54 1 0 0
0 55 902 2119 871 147 2 0 0 55 724 2198 1042 77 0 0 75 1144 1978 801 96 2 0 0
816 1347 1181 639 109 4 0 0 101 1917 1251 682 142 3 0 0 26 2373 1271 391 35 0 0 0
118 912 1402 1370 277 17 0 0 8 791 1404 1526 362 5 0 0 93 1742 1750 456 55 0 0 0
41 755 1396 1522 306 73 3 0 5 640 1305 1704 406 36 0 0 79 1571 2020 402 24 0 0 0
1 136 696 2444 718 98 3 0 1 120 592 2489 824 70 0 0 34 735 2569 725 28 5 0 0
22 621 637 2009 690 112 5 0 6 712 836 1997 497 48 0 0 85 1085 2337 523 65 1 0 0
5 223 1794 1950 115 6 3 0 2 211 1754 1985 136 6 2 0 58 1527 2380 119 8 4 0 0
27 585 1418 1665 370 29 2 0 1 489 1273 1903 403 26 1 0 83 1588 2083 315 27 0 0 0
0 170 833 1988 859 227 19 0 2 252 1044 1968 719 107 4 0 86 773 2112 939 180 6 0 0
0 237 1378 1861 542 76 2 0 0 263 1432 1895 455 51 0 0 221 1091 2175 552 55 2 0 0
31 387 1600 1846 169 56 7 0 36 401 1362 1987 275 34 1 0 114 1317 2226 374 61 4 0 0
3 325 2135 1609 24 0 0 0 1 182 1854 1959 100 0 0 0 75 1254 2498 268 1 0 0 0
29 540 2024 1366 127 10 0 0 6 376 1731 1752 212 19 0 0 149 1730 2023 179 14 1 0 0
158 1093 1543 1118 180 4 0 0 91 859 1378 1529 234 5 0 0 307 2148 1344 281 15 1 0 0
45 771 1584 1490 203 3 0 0 17 638 1470 1619 347 5 0 0 131 1618 1887 445 15 0 0 0
1 437 1533 1637 450 37 1 0 0 269 1326 1793 672 36 0 0 276 1851 1737 213 18 1 0 0
39 573 1453 1884 147 0 0 0 4 386 1129 2120 457 0 0 0 226 1990 1816 64 0 0 0 0
0 204 1329 2272 290 1 0 0 0 155 861 2350 729 1 0 0 136 1716 2138 106 0 0 0 0
1 246 1580 1871 328 68 2 0 0 142 1294 2066 529 63 2 0 348 1701 1909 137 1 0 0 0
0 192 1397 2244 263 0 0 0 0 52 888 2482 674 0 0 0 342 2083 1653 18 0 0 0 0
1 164 1312 1921 521 149 28 0 0 55 864 2168 930 79 0 0 324 1892 1642 182 56 0 0 0
1 327 841 1788 957 181 1 0 10 330 838 1857 1002 59 0 0 125 1232 2080 626 33 0 0 0
6 447 1196 1596 627 213 11 0 7 331 982 1762 909 104 1 0 493 1736 1353 406 105 3 0 0
562 1509 1092 779 154 0 0 0 98 1534 1169 953 340 2 0 0 878 2504 707 7 0 0 0 0
704 885 1063 1213 224 7 0 0 31 1332 960 1333 438 2 0 0 451 2600 990 55 0 0 0 0
16 438 1088 1539 857 156 2 0 1 359 1137 1752 816 31 0 0 142 1738 1869 346 1 0 0 0
15 226 967 1894 947 47 0 0 0 195 884 1814 1160 43 0 0 85 976 2082 862 91 0 0 0
2 260 1476 1977 380 1 0 0 2 219 1458 1883 530 4 0 0 248 1225 2021 598 4 0 0 0
925 1475 1213 461 22 0 0 0 306 1869 1287 579 55 0 0 0 617 2518 888 72 1 0 0 0
509 725 1205 1437 220 0 0 0 208 797 991 1601 498 1 0 0 640 2063 1337 56 0 0 0 0
13 318 1388 1576 783 18 0 0 3 122 1011 1734 1131 95 0 0 512 2068 1368 139 9 0 0 0
82 766 1235 1227 765 21 0 0 26 734 1091 1227 945 73 0 0 253 2056 1621 166 0 0 0 0
81 741 1006 1408 807 48 4 1 11 618 896 1492 992 82 4 1 293 2122 1402 274 4 1 0 0
1282 822 1194 341 46 148 263 0 217 1691 1376 327 88 382 15 0 74 2081 1424 119 356 42 0 0
272 558 954 1116 245 142 809 0 117 616 881 1177 375 881 49 0 200 1392 1424 155 727 198 0 0
17 289 1229 1050 424 452 635 0 7 311 1147 1129 535 904 63 0 78 758 1708 637 761 154 0 0
27 493 1080 1165 381 374 576 0 2 490 864 1440 482 681 137 0 160 1087 1561 490 603 195 0 0
74 663 948 1018 395 130 853 15 11 630 828 1184 486 507 450 0 253 1336 1309 256 470 465 7 0
1 202 1017 1369 370 399 727 11 0 153 940 1468 461 765 309 0 78 936 1721 321 704 328 8 0
52 787 854 670 526 639 566 2 9 821 797 752 737 739 240 1 100 1540 1016 502 576 359 3 0
3 376 510 591 797 700 1111 8 10 465 590 587 1035 824 580 5 239 653 871 990 620 715 3 5
60 913 632 520 563 767 641 0 29 992 704 549 766 824 232 0 109 1449 839 752 647 300 0 0
6 320 598 735 902 915 608 12 10 462 679 854 943 899 249 0 193 891 1054 984 646 315 13 0
30 471 944 1264 877 232 264 14 9 430 813 1153 1193 365 133 0 262 1327 1618 558 203 114 14 0
26 1108 1354 1192 409 7 0 0 1 672 1362 1299 719 43 0 0 432 1870 1463 329 2 0 0 0
316 1967 830 686 270 19 1 7 26 1943 950 842 317 10 1 7 323 2432 1192 128 13 1 3 4
150 1045 1483 950 295 163 10 0 53 849 1280 1395 383 133 3 0 368 2253 1126 301 44 4 0 0
182 689 919 917 535 821 17 16 16 788 998 1033 817 423 17 4 462 1311 940 502 817 61 0 3
604 1718 1140 461 133 40 0 0 187 1824 1227 649 197 12 0 0 665 2547 672 115 96 1 0 0
126 775 1128 1633 427 7 0 0 42 774 1084 1678 517 1 0 0 172 2005 1718 195 6 0 0 0
19 632 1625 1455 309 48 6 2 0 435 1494 1677 436 47 5 2 469 2113 1334 127 43 7 3 0
105 543 1456 1731 261 0 0 0 4 507 1210 1823 552 0 0 0 427 2424 1236 9 0 0 0 0
3 1116 1370 1192 401 14 0 0 0 819 1292 1428 536 21 0 0 314 2370 1319 92 1 0 0 0
3 554 1329 1552 615 43 0 0 1 494 1262 1492 793 54 0 0 414 2038 1515 127 2 0 0 0
50 705 1172 1388 720 59 2 0 29 725 1219 1370 708 44 1 0 208 1395 1770 609 104 9 1 0
0 481 1233 1416 764 184 16 2 0 303 1220 1488 935 141 9 0 591 1992 1284 205 22 2 0 0
35 766 1481 1533 281 0 0 0 9 661 1366 1661 397 2 0 0 520 2568 992 16 0 0 0 0
255 1744 1235 696 137 29 0 0 33 1747 1360 784 147 25 0 0 548 2586 829 108 22 3 0 0
145 1197 1460 1208 86 0 0 0 17 1154 1420 1378 127 0 0 0 426 2297 1184 184 5 0 0 0
271 1077 1516 1105 127 0 0 0 99 1190 1596 1051 160 0 0 0 278 2149 1461 204 4 0 0 0
602 789 1142 1122 387 52 2 0 328 887 1051 1201 573 54 2 0 860 2294 822 104 15 1 0 0
4 923 1607 1353 209 0 0 0 0 647 1419 1592 437 1 0 0 495 2594 995 12 0 0 0 0
4 441 1260 1791 527 70 3 0 0 305 1161 1769 785 73 3 0 356 1730 1742 265 3 0 0 0
212 606 1213 1268 613 143 41 0 141 591 1182 1247 718 170 47 0 814 1797 1197 239 47 2 0 0
46 927 1307 1112 599 105 0 0 4 780 1347 1156 665 144 0 0 932 1831 1083 223 27 0 0 0
0 7 3992 97 0 0 0 0 0 0 3024 1064 8 0 0 0 0 0 3034 1056 6 0 0 0
0 1 3927 168 0 0 0 0 0 0 2785 1302 9 0 0 0 0 0 3197 898 1 0 0 0
0 1 3897 198 0 0 0 0 0 0 1688 2406 2 0 0 0 0 0 2364 1732 0 0 0 0
0 4 3770 322 0 0 0 0 0 0 1250 2732 114 0 0 0 0 0 1973 2024 99 0 0 0
0 8 4010 78 0 0 0 0 0 0 1686 2393 17 0 0 0 0 0 2254 1831 11 0 0 0
0 1 3727 276 64 21 7 0 0 0 1061 2938 71 26 0 0 0 0 2372 1695 27 2 0 0
0 0 3452 289 136 113 106 0 0 0 1221 2527 147 201 0 0 0 0 2391 1498 197 10 0 0
0 0 3052 510 150 348 36 0 0 0 674 2896 276 250 0 0 0 0 2195 1623 270 8 0 0
0 0 2816 565 207 401 107 0 0 0 906 2476 348 341 25 0 0 2 2230 1503 316 45 0 0
0 0 1693 1438 291 295 378 1 0 0 478 2640 480 328 170 0 0 0 2058 1577 288 173 0 0
0 5 1304 1637 228 124 793 5 0 6 442 2478 289 398 483 0 26 143 1922 1160 462 383 0 0
13 273 1832 1105 276 244 351 2 3 275 946 2057 322 322 171 0 103 609 2124 794 325 141 0 0
3 139 1677 486 245 206 1272 68 0 139 1020 1245 239 466 984 3 77 185 2037 386 460 923 28 0
0 2 490 638 304 372 2113 177 0 12 184 981 360 876 1683 0 36 50 1103 570 723 1557 57 0
0 44 184 621 340 691 2069 147 0 55 175 652 532 814 1867 1 89 233 629 766 575 1697 94 13
18 262 376 203 311 577 1924 425 1 260 391 223 466 812 1943 0 212 521 267 634 607 1743 112 0
0 86 162 193 382 1105 1835 333 0 73 205 242 587 1303 1684 2 20 315 436 955 718 1610 42 0
3 155 304 346 463 1021 1612 192 0 133 364 366 613 1135 1485 0 50 506 572 1009 521 1398 40 0
0 18 190 427 467 1445 1352 197 0 20 181 390 716 1766 1023 0 19 318 748 1406 774 813 18 0
1 275 498 576 364 1500 812 70 0 192 495 621 668 1774 346 0 164 849 815 1290 746 232 0 0
28 365 746 615 677 1388 277 0 8 345 786 608 1068 1273 8 0 134 998 1252 1274 430 7 1 0
90 296 512 1181 1220 716 81 0 34 307 494 1245 1408 586 22 0 503 1380 1339 713 147 14 0 0
36 919 1010 958 648 389 128 8 34 923 1092 968 655 346 71 7 570 1465 1235 562 175 73 13 3
289 1332 885 283 988 311 5 3 203 1438 895 288 1027 238 7 0 417 1832 1138 669 32 4 4 0
594 1066 549 780 711 344 34 18 130 1498 564 813 749 290 33 19 447 2099 721 669 91 32 22 15
191 637 643 592 461 1361 211 0 42 758 655 602 499 1538 2 0 241 1313 868 1439 235 0 0 0
29 444 467 365 290 967 1534 0 11 404 511 409 319 2373 68 1 133 753 628 1232 1342 7 1 0
0 294 723 952 792 1016 319 0 0 277 810 990 992 996 31 0 757 1021 886 997 431 4 0 0
519 1746 700 544 422 160 5 0 227 2061 741 555 426 83 3 0 403 2548 732 369 37 6 1 0
47 606 968 1235 979 252 9 0 14 630 1019 1247 947 229 10 0 986 1465 1262 334 43 6 0 0
10 537 1212 1114 912 238 56 17 3 589 1279 1115 878 190 38 4 980 1684 1018 313 76 25 0 0
275 1760 937 591 343 134 41 15 100 1903 1036 608 297 117 26 9 1116 1883 683 276 103 32 3 0
0 171 2392 1057 226 143 83 24 0 1 1426 1827 533 176 90 43 0 0 525 2249 941 200 121 60
0 127 2854 667 234 146 68 0 0 1 1609 1839 384 168 87 8 0 0 416 2828 512 211 111 18
0 59 2774 797 310 80 72 4 0 0 1061 2322 479 131 82 21 0 0 216 2890 619 240 99 32
0 374 3267 307 103 43 2 0 0 0 1871 1934 220 63 8 0 0 0 502 3108 376 83 27 0
0 375 3386 181 59 62 31 2 0 2 1905 1990 79 67 50 3 0 0 678 3186 92 67 65 8
0 296 3585 215 0 0 0 0 0 13 1625 2458 0 0 0 0 0 0 821 3275 0 0 0 0
0 169 3771 156 0 0 0 0 0 0 1434 2659 3 0 0 0 0 0 827 3257 12 0 0 0
0 32 3439 625 0 0 0 0 0 0 925 3150 21 0 0 0 0 0 750 3324 22 0 0 0
0 2 3044 1035 15 0 0 0 0 0 806 3200 90 0 0 0 0 0 1052 2996 48 0 0 0
0 9 3041 1044 2 0 0 0 0 0 819 3265 12 0 0 0 0 0 1383 2708 5 0 0 0
0 6 3029 1053 8 0 0 0 0 0 917 3097 82 0 0 0 0 0 1996 2074 26 0 0 0
0 1 2563 1527 5 0 0 0 0 0 649 3417 30 0 0 0 0 0 2230 1861 5 0 0 0
0 12 3367 716 1 0 0 0 0 0 1246 2836 14 0 0 0 0 0 2808 1284 4 0 0 0
0 10 2864 1222 0 0 0 0 0 0 830 3255 11 0 0 0 0 0 2866 1229 1 0 0 0
0 0 1840 2255 1 0 0 0 0 0 238 3835 23 0 0 0 0 0 2505 1591 0 0 0 0
0 0 822 2814 298 111 51 0 0 0 49 3454 523 38 32 0 0 0 2195 1828 36 37 0 0
0 0 742 2236 228 220 670 0 0 0 5 2952 333 435 371 0 0 0 2122 1208 435 331 0 0
0 0 143 1797 462 1044 650 0 0 0 0 1807 1043 1036 210 0 0 0 1035 2180 635 246 0 0
0 0 16 788 591 480 1928 293 0 0 0 745 979 490 1882 0 0 0 400 1407 452 1802 35 0
0 0 5 261 382 287 1401 1760 0 0 0 230 648 113 3087 18 0 0 105 773 135 2688 395 0
0 0 0 7 121 325 1469 2174 0 0 0 5 345 331 3389 26 0 0 0 408 373 2738 577 0
0 0 20 12 33 173 1506 2352 0 10 18 12 78 348 3599 31 16 13 45 154 342 3191 335 0
0 8 277 242 182 252 294 2841 0 22 340 234 194 249 2970 87 18 173 388 252 202 2559 499 5
0 10 242 141 103 143 248 3209 0 5 266 148 122 157 3386 12 1 64 289 168 156 3066 352 0
0 14 25 82 162 427 656 2730 2 15 33 114 207 733 2978 14 13 63 164 365 607 2508 376 0
0 0 8 85 166 584 996 2257 0 0 17 147 159 1190 2554 29 4 51 161 565 884 2180 251 0
1 31 145 163 242 954 971 1589 0 30 148 156 339 1428 1981 14 22 182 206 1034 896 1606 149 1
0 217 260 246 438 825 887 1223 0 199 271 266 468 1187 1696 9 194 353 314 1017 766 1346 106 0
0 22 25 63 749 1591 1125 521 0 24 32 75 695 2156 1112 2 24 60 377 2020 702 896 17 0
1 66 187 386 1017 1120 1172 147 0 66 198 398 986 1684 699 65 180 387 871 1371 730 482 37 38
36 630 702 748 907 494 201 378 11 618 729 731 1015 473 197 322 649 1077 798 683 313 219 99 258
49 601 994 1133 1099 211 8 1 4 605 1028 1135 1097 225 2 0 1099 1326 1134 437 76 16 8 0
16 2834 958 127 64 39 47 11 0 19 3287 557 104 60 46 23 0 0 510 3208 210 81 58 29
1 2146 1810 116 22 1 0 0 0 16 3491 544 39 6 0 0 0 0 930 3072 79 15 0 0
2 1043 2674 320 43 7 7 0 0 21 2860 1110 84 13 7 1 0 5 784 3083 183 32 7 2
4 967 2808 271 30 16 0 0 0 36 2753 1243 44 17 3 0 0 1 761 3199 103 21 11 0
22 1912 1897 237 24 4 0 0 0 26 2685 1328 46 11 0 0 0 0 695 3172 211 16 2 0
77 2288 1642 89 0 0 0 0 0 13 2135 1883 65 0 0 0 0 0 689 2424 983 0 0 0
19 2678 1289 108 0 1 1 0 0 15 1129 2280 669 1 2 0 0 0 420 1483 2190 1 2 0
10 1566 2392 128 0 0 0 0 0 5 1201 2339 551 0 0 0 0 0 457 2268 1371 0 0 0
0 529 3177 390 0 0 0 0 0 14 1840 2221 21 0 0 0 0 0 858 3137 101 0 0 0
0 243 2846 1007 0 0 0 0 0 3 1440 2652 1 0 0 0 0 0 854 3236 6 0 0 0
0 97 3089 910 0 0 0 0 0 1 1557 2537 1 0 0 0 0 1 1097 2995 3 0 0 0
0 170 3184 742 0 0 0 0 0 3 1296 2709 88 0 0 0 0 1 1067 2953 75 0 0 0
0 141 3398 557 0 0 0 0 0 0 1296 2687 113 0 0 0 0 0 1082 2957 57 0 0 0
0 88 3305 703 0 0 0 0 0 0 945 2965 186 0 0 0 0 0 1166 2915 15 0 0 0
0 35 2514 1546 1 0 0 0 0 0 537 3239 320 0 0 0 0 0 996 3074 26 0 0 0
0 8 2459 1627 2 0 0 0 0 0 395 3492 209 0 0 0 0 1 1228 2856 11 0 0 0
0 11 2768 1317 0 0 0 0 0 0 208 3681 207 0 0 0 0 2 1277 2805 12 0 0 0
0 3 2099 1993 1 0 0 0 0 0 71 3645 380 0 0 0 0 0 1082 2986 28 0 0 0
0 0 1135 2961 0 0 0 0 0 0 18 3737 341 0 0 0 0 0 1056 3029 11 0 0 0
0 0 1103 2993 0 0 0 0 0 0 33 3672 391 0 0 0 0 0 1231 2861 4 0 0 0
0 0 499 3414 144 39 0 0 0 0 7 3181 907 1 0 0 0 0 1026 3016 54 0 0 0
0 0 106 2985 400 399 202 4 0 0 4 1939 1868 122 163 0 0 0 370 3425 137 164 0 0
0 0 22 1911 897 337 751 178 0 5 8 830 2275 103 871 4 3 9 123 2975 142 799 45 0
0 0 1 641 1532 306 1162 454 0 0 2 106 2192 960 801 35 0 1 142 2087 1143 581 140 2
0 0 0 114 1162 393 1978 449 0 0 0 15 1422 1437 1222 0 0 0 62 1321 1729 984 0 0
0 0 0 0 305 394 2101 1296 0 0 0 0 620 945 2531 0 0 0 0 611 1412 2073 0 0
0 0 0 1 5 22 1596 2472 0 0 0 4 15 100 3755 222 0 6 4 25 358 3455 119 129
0 0 0 0 7 85 495 3509 0 0 0 1 29 176 3885 5 0 0 4 34 176 3795 87 0
0 0 0 0 1 18 185 3892 0 0 0 0 39 101 3807 149 0 0 9 50 116 3261 660 0
0 0 20 303 278 220 491 2784 0 0 12 150 464 409 3028 33 131 350 172 188 320 2800 127 8
48 188 434 1221 653 77 137 1338 1 147 255 795 1200 238 1438 22 788 1163 572 73 76 1391 32 1
77 708 549 447 254 143 215 1703 15 696 577 468 319 197 1824 0 892 720 351 171 218 1744 0 0
29 1829 1821 281 81 40 15 0 0 6 2872 995 149 49 22 3 0 0 313 3378 291 74 36 4
35 1357 2297 349 48 10 0 0 0 28 2422 1515 113 15 3 0 0 0 402 3314 338 35 7 0
43 1031 2012 426 228 188 128 40 0 44 1473 1848 310 209 162 50 0 27 227 2874 470 231 197 70
20 725 2063 801 156 144 146 41 3 167 1157 2176 227 139 173 54 0 146 374 2658 497 159 174 88
30 1042 2475 453 80 15 1 0 13 229 1660 2079 99 15 1 0 26 207 758 2923 171 10 1 0
114 1284 2465 194 34 5 0 0 20 186 1316 2517 52 5 0 0 16 161 648 2938 328 5 0 0
34 756 2926 272 62 30 5 11 4 161 832 2918 131 29 11 10 14 199 497 2965 375 27 9 10
15 543 3018 405 77 22 8 8 15 199 613 3095 137 20 7 10 43 269 484 2955 315 14 7 9
13 428 3103 453 85 14 0 0 15 264 691 3029 84 13 0 0 51 318 531 3119 71 6 0 0
15 181 3155 606 108 28 3 0 6 115 596 3200 149 28 2 0 18 147 483 3246 191 9 2 0
0 38 3403 654 1 0 0 0 0 0 283 3744 69 0 0 0 0 0 101 3792 203 0 0 0
0 26 3485 585 0 0 0 0 0 0 96 3830 170 0 0 0 0 0 34 3593 469 0 0 0
0 16 3584 496 0 0 0 0 0 0 22 3693 381 0 0 0 0 0 4 3490 602 0 0 0
0 11 3637 448 0 0 0 0 0 0 73 3451 572 0 0 0 0 0 34 3373 689 0 0 0
0 15 3410 671 0 0 0 0 0 0 35 3523 538 0 0 0 0 0 30 3571 495 0 0 0
0 23 3160 913 0 0 0 0 0 0 13 3408 675 0 0 0 0 0 29 3580 487 0 0 0
0 6 3456 634 0 0 0 0 0 0 19 3539 538 0 0 0 0 0 43 3910 143 0 0 0
0 0 2682 1414 0 0 0 0 0 0 3 2917 1176 0 0 0 0 0 15 3686 395 0 0 0
0 0 2241 1855 0 0 0 0 0 0 7 2602 1487 0 0 0 0 0 28 3649 419 0 0 0
0 0 2510 1586 0 0 0 0 0 0 9 2737 1350 0 0 0 0 0 23 3785 288 0 0 0
0 0 2600 1496 0 0 0 0 0 0 1 3414 681 0 0 0 0 0 11 4056 29 0 0 0
0 0 2433 1661 2 0 0 0 0 0 0 3477 619 0 0 0 0 0 9 4056 31 0 0 0
0 0 1938 2158 0 0 0 0 0 0 0 3299 797 0 0 0 0 0 7 3965 124 0 0 0
0 0 1135 2925 36 0 0 0 0 0 0 2329 1765 2 0 0 0 0 39 3520 537 0 0 0
0 0 183 3513 400 0 0 0 0 0 0 802 3294 0 0 0 0 0 5 3425 666 0 0 0
0 0 0 3050 986 60 0 0 0 0 0 44 4051 1 0 0 0 0 0 3876 220 0 0 0
0 0 0 1577 1497 605 417 0 0 0 0 210 3122 398 366 0 0 0 0 3196 530 370 0 0
0 0 0 103 1326 926 1034 707 0 0 0 2 2062 368 1664 0 0 0 0 1946 486 1656 8 0
0 0 0 0 189 557 1976 1374 0 0 0 0 512 356 3063 165 0 0 0 482 421 2748 445 0
0 0 0 0 0 64 2138 1894 0 0 0 0 19 126 3916 35 0 0 0 30 291 3486 289 0
0 0 0 0 0 0 259 3837 0 0 0 0 0 0 4095 1 0 0 0 0 0 3973 123 0
0 0 0 0 0 0 52 4044 0 0 0 0 0 0 4096 0 0 0 0 0 0 4067 29 0
813 2554 722 7 0 0 0 0 0 1 3540 554 1 0 0 0 0 0 260 3793 43 0 0 0
430 3200 466 0 0 0 0 0 0 3 3090 1003 0 0 0 0 0 0 206 3770 120 0 0 0
338 2838 722 129 43 22 4 0 1 9 2771 1206 74 26 9 0 0 9 146 3647 238 44 11 1
33 1321 1463 662 400 172 45 0 4 68 2047 1173 486 242 73 3 1 39 368 2517 684 351 122 14
32 303 1069 1207 873 517 90 5 5 134 674 1361 1032 725 158 7 1 103 293 1170 1278 908 324 19
27 444 2344 770 294 179 38 0 27 208 1575 1587 411 224 61 3 22 212 674 2186 597 272 126 7
11 447 2874 515 169 61 19 0 3 147 2239 1327 240 100 39 1 3 132 1036 2414 301 155 50 5
79 858 2593 500 60 6 0 0 71 710 2440 807 62 6 0 0 114 740 1868 1326 47 1 0 0
174 1107 1867 759 154 30 5 0 167 1065 1862 822 149 26 5 0 302 1185 1621 879 93 14 2 0
149 786 1543 1264 294 55 5 0 142 775 1463 1357 294 60 5 0 227 933 1359 1273 246 53 5 0
33 363 1243 2213 192 47 5 0 25 354 919 2507 234 52 4 1 63 402 996 2375 201 54 5 0
33 221 624 3164 48 6 0 0 30 225 376 3381 78 6 0 0 74 280 482 3217 42 1 0 0
4 78 1166 2805 39 3 1 0 4 74 391 3551 72 3 1 0 15 95 437 3485 62 2 0 0
0 6 1431 2658 1 0 0 0 0 1 183 3855 57 0 0 0 0 1 158 3910 27 0 0 0
0 2 1697 2397 0 0 0 0 0 0 190 3851 55 0 0 0 0 0 192 3894 10 0 0 0
0 20 2288 1788 0 0 0 0 0 0 110 3980 6 0 0 0 0 0 113 3974 9 0 0 0
0 1 3124 971 0 0 0 0 0 0 39 4053 4 0 0 0 0 0 57 4019 20 0 0 0
0 3 3591 502 0 0 0 0 0 0 29 4037 30 0 0 0 0 0 64 3984 48 0 0 0
4 53 3449 590 0 0 0 0 0 0 30 3775 291 0 0 0 0 0 35 3865 196 0 0 0
0 2 3526 568 0 0 0 0 0 0 2 3590 504 0 0 0 0 0 4 3761 331 0 0 0
0 0 3459 637 0 0 0 0 0 0 0 3424 672 0 0 0 0 0 0 3726 370 0 0 0
0 5 2969 1052 29 27 9 5 0 4 20 2990 1051 25 6 0 0 6 24 3643 407 14 2 0
0 0 2541 1555 0 0 0 0 0 0 0 2103 1993 0 0 0 0 0 0 2872 1224 0 0 0
0 0 2096 2000 0 0 0 0 0 0 0 1167 2929 0 0 0 0 0 0 2386 1710 0 0 0
0 0 767 3329 0 0 0 0 0 0 0 176 3920 0 0 0 0 0 0 2018 2078 0 0 0
0 0 67 4020 9 0 0 0 0 0 0 44 4052 0 0 0 0 0 0 3056 1040 0 0 0
0 0 14 3946 136 0 0 0 0 0 0 36 4060 0 0 0 0 0 0 3853 243 0 0 0
0 0 0 3272 824 0 0 0 0 0 0 25 4071 0 0 0 0 0 0 3970 126 0 0 0
0 0 0 1595 2430 71 0 0 0 0 0 2 4071 23 0 0 0 0 0 3882 214 0 0 0
0 0 0 119 3300 521 156 0 0 0 0 0 3773 187 136 0 0 0 0 3681 282 133 0 0
0 0 0 8 2472 410 1066 140 0 0 0 0 2782 182 1132 0 0 0 0 2756 209 1121 10 0
0 0 0 0 508 687 1975 926 0 0 0 0 1048 418 2630 0 0 0 2 1026 518 2332 218 0
2914 1182 0 0 0 0 0 0 0 1 4030 65 0 0 0 0 0 0 99 3987 10 0 0 0
2167 1927 2 0 0 0 0 0 0 7 3650 439 0 0 0 0 0 0 199 3754 143 0 0 0
1307 2782 7 0 0 0 0 0 0 8 3529 559 0 0 0 0 0 0 91 3935 70 0 0 0
800 3172 124 0 0 0 0 0 0 22 3466 608 0 0 0 0 0 0 160 3881 55 0 0 0
317 3183 568 19 9 0 0 0 0 24 3645 407 20 0 0 0 0 0 348 3700 42 6 0 0
148 2704 1032 127 60 22 3 0 0 80 3384 516 82 28 6 0 0 0 852 3045 141 45 13 0
84 2067 1586 232 99 23 5 0 0 55 3036 778 158 59 10 0 0 3 674 3078 230 93 16 2
22 1223 2199 280 101 128 124 19 0 22 2431 1182 142 130 142 47 0 1 595 2898 248 131 157 66
2 941 2697 259 119 67 11 0 0 42 2708 1056 175 89 26 0 0 1 982 2737 217 112 47 0
2 341 3312 435 6 0 0 0 1 29 2465 1568 33 0 0 0 0 9 864 3140 81 2 0 0
28 261 2723 938 130 16 0 0 11 103 1881 1934 150 16 1 0 9 92 926 2850 192 25 2 0
29 209 2409 1229 171 43 6 0 14 137 1838 1820 211 63 13 0 28 128 1188 2403 261 75 13 0
3 133 2478 1374 99 8 1 0 1 66 1180 2655 177 16 1 0 5 60 623 3072 298 35 3 0
0 74 2944 1022 35 17 4 0 0 0 929 3026 115 18 8 0 0 0 535 3352 178 21 10 0
0 2 3031 1063 0 0 0 0 0 0 591 3486 19 0 0 0 0 0 504 3570 22 0 0 0
0 0 3164 929 3 0 0 0 0 0 299 3772 25 0 0 0 0 0 312 3750 34 0 0 0
0 15 3040 1041 0 0 0 0 0 0 220 3856 20 0 0 0 0 0 403 3678 15 0 0 0
0 8 3455 633 0 0 0 0 0 0 384 3705 7 0 0 0 0 0 548 3536 12 0 0 0
0 38 3507 548 3 0 0 0 0 0 470 3570 56 0 0 0 0 1 570 3465 60 0 0 0
0 72 3367 657 0 0 0 0 0 0 779 3290 27 0 0 0 0 0 967 3097 32 0 0 0
0 46 3328 722 0 0 0 0 0 2 695 3347 52 0 0 0 0 3 920 3117 56 0 0 0
0 48 3516 532 0 0 0 0 0 0 839 3118 139 0 0 0 0 1 1091 2914 90 0 0 0
0 94 3418 581 3 0 0 0 0 1 786 2897 412 0 0 0 0 1 904 2968 223 0 0 0
0 47 2995 1054 0 0 0 0 0 0 574 2059 1463 0 0 0 0 0 672 2604 820 0 0 0
0 57 2643 1389 7 0 0 0 0 1 484 2130 1481 0 0 0 0 1 628 2638 829 0 0 0
0 62 2097 1936 1 0 0 0 0 2 366 2216 1512 0 0 0 0 3 512 2924 657 0 0 0
0 15 1591 2441 27 9 6 7 0 1 159 2490 1423 12 6 5 0 4 413 3486 177 6 8 2
0 26 1864 2205 1 0 0 0 0 0 196 2841 1059 0 0 0 0 0 474 3568 54 0 0 0
0 3 1908 2101 84 0 0 0 0 0 104 2651 1341 0 0 0 0 0 309 3736 51 0 0 0
0 6 1103 2142 845 0 0 0 0 0 114 1777 2200 5 0 0 0 0 496 3440 160 0 0 0
0 2 689 1929 1474 2 0 0 0 0 54 1226 2784 32 0 0 0 0 324 3584 188 0 0 0
0 0 324 1857 1808 107 0 0 0 0 2 915 3117 62 0 0 0 0 48 3831 217 0 0 0
2702 1394 0 0 0 0 0 0 0 55 4003 38 0 0 0 0 0 0 498 3596 2 0 0 0
1952 2144 0 0 0 0 0 0 0 70 4025 1 0 0 0 0 0 0 627 3469 0 0 0 0
1633 2461 2 0 0 0 0 0 0 37 4041 18 0 0 0 0 0 0 533 3562 1 0 0 0
937 3152 7 0 0 0 0 0 0 17 3888 191 0 0 0 0 0 0 166 3925 5 0 0 0
807 3257 32 0 0 0 0 0 0 9 3663 424 0 0 0 0 0 0 230 3843 23 0 0 0
627 3426 43 0 0 0 0 0 0 16 3522 558 0 0 0 0 0 0 191 3876 29 0 0 0
740 3223 133 0 0 0 0 0 0 13 3691 392 0 0 0 0 0 0 303 3778 15 0 0 0
320 3008 757 11 0 0 0 0 0 73 3607 415 1 0 0 0 0 0 730 3343 23 0 0 0
95 2717 1219 48 16 1 0 0 0 44 3220 793 33 6 0 0 0 0 809 3194 78 14 1 0
50 2028 1889 103 21 5 0 0 0 25 3237 794 29 11 0 0 0 1 1015 3006 60 14 0 0
5 595 2929 504 54 9 0 0 0 52 2546 1416 70 11 1 0 0 12 1275 2701 92 14 2 0
1 355 2462 1163 106 9 0 0 0 55 1984 1867 173 17 0 0 0 5 973 2800 286 31 1 0
0 209 2107 1509 239 28 4 0 0 24 1526 2052 418 72 4 0 0 1 872 2440 644 133 6 0
0 77 2084 1386 412 125 12 0 0 2 1201 2141 526 203 23 0 0 0 608 2468 686 275 59 0
0 50 2033 1532 366 98 16 1 0 0 1171 2316 443 140 24 2 0 0 769 2572 538 181 31 5
0 9 1363 1872 335 361 153 3 0 0 608 2534 342 403 196 13 0 0 574 2491 344 402 263 22
0 34 1302 2738 3 7 12 0 0 2 554 3513 8 4 15 0 0 0 739 3328 9 4 11 5
0 26 1735 2335 0 0 0 0 0 0 772 3318 6 0 0 0 0 0 940 3154 2 0 0 0
0 28 1922 2144 2 0 0 0 0 1 840 3247 8 0 0 0 0 1 1353 2734 8 0 0 0
0 13 1902 2181 0 0 0 0 0 0 935 3157 4 0 0 0 0 2 1542 2552 0 0 0 0
0 66 2596 1428 6 0 0 0 0 2 1438 2644 12 0 0 0 0 3 1852 2234 7 0 0 0
0 47 2590 1457 2 0 0 0 0 0 1423 2580 93 0 0 0 0 1 1918 2110 67 0 0 0
0 79 2594 1409 14 0 0 0 0 4 1424 2569 99 0 0 0 0 2 1807 2226 61 0 0 0
0 105 2697 1253 41 0 0 0 0 1 1250 2618 226 1 0 0 0 2 1713 2256 125 0 0 0
0 127 2797 1142 30 0 0 0 0 3 1361 2601 131 0 0 0 0 6 1722 2277 91 0 0 0
0 125 3139 831 1 0 0 0 0 1 1182 2834 79 0 0 0 0 1 1383 2671 41 0 0 0
0 169 3395 524 4 1 3 0 0 3 742 3298 49 3 1 0 0 3 923 3157 9 3 1 0
0 62 3130 902 2 0 0 0 0 0 302 3522 272 0 0 0 0 0 584 3410 102 0 0 0
0 7 2453 1636 0 0 0 0 0 0 250 2843 1003 0 0 0 0 0 445 3213 438 0 0 0
0 12 1983 2100 1 0 0 0 0 0 268 2765 1063 0 0 0 0 0 680 3085 331 0 0 0
0 8 2241 1841 6 0 0 0 0 0 69 3776 250 1 0 0 0 0 378 3687 31 0 0 0
0 0 1942 2154 0 0 0 0 0 0 0 3945 151 0 0 0 0 0 29 4063 4 0 0 0
1914 2182 0 0 0 0 0 0 0 2 3868 226 0 0 0 0 0 0 57 3993 46 0 0 0
1966 2130 0 0 0 0 0 0 0 6 3894 196 0 0 0 0 0 0 144 3927 25 0 0 0
1461 2633 2 0 0 0 0 0 0 7 3559 530 0 0 0 0 0 0 97 3933 66 0 0 0
1303 2784 9 0 0 0 0 0 0 22 3473 601 0 0 0 0 0 0 148 3881 67 0 0 0
1200 2827 69 0 0 0 0 0 0 18 3575 503 0 0 0 0 0 0 178 3860 58 0 0 0
998 2847 251 0 0 0 0 0 0 22 3260 814 0 0 0 0 0 0 269 3724 103 0 0 0
634 3340 122 0 0 0 0 0 0 12 3261 823 0 0 0 0 0 0 166 3859 71 0 0 0
374 3528 194 0 0 0 0 0 0 0 3056 1040 0 0 0 0 0 0 138 3919 39 0 0 0
203 3531 362 0 0 0 0 0 0 3 3370 723 0 0 0 0 0 0 161 3908 27 0 0 0
160 3365 571 0 0 0 0 0 0 9 2996 1091 0 0 0 0 0 0 222 3862 12 0 0 0
40 3127 929 0 0 0 0 0 0 19 3350 727 0 0 0 0 0 0 593 3503 0 0 0 0
15 2260 1753 65 1 2 0 0 0 81 3380 631 2 2 0 0 0 38 1326 2721 9 2 0 0
6 1133 2497 327 98 31 4 0 0 40 2576 1301 120 52 7 0 0 0 858 2983 161 74 19 1
0 510 2997 524 50 15 0 0 0 20 2445 1530 76 24 1 0 0 1 1366 2607 93 26 3 0
0 182 2627 1087 134 59 7 0 0 14 1838 1973 189 71 10 1 0 3 1297 2450 230 84 31 1
0 34 1300 1446 770 448 95 3 0 4 537 1885 900 592 170 8 0 0 267 1892 972 664 279 22
0 19 1119 1434 579 567 362 16 0 0 445 1788 715 579 514 55 0 0 310 1762 715 593 607 109
0 4 1759 2329 4 0 0 0 0 0 559 3522 15 0 0 0 0 0 584 3490 22 0 0 0
0 47 2592 1442 15 0 0 0 0 0 920 3097 79 0 0 0 0 0 903 3124 69 0 0 0
0 2 2406 1681 7 0 0 0 0 0 819 3251 26 0 0 0 0 0 1035 3040 21 0 0 0
0 16 2059 2019 2 0 0 0 0 0 797 3279 20 0 0 0 0 0 1200 2885 11 0 0 0
0 4 1373 2699 20 0 0 0 0 0 548 3487 61 0 0 0 0 0 977 3098 21 0 0 0
0 4 1064 2990 37 1 0 0 0 0 431 3561 101 3 0 0 0 0 892 3162 40 2 0 0
0 3 1041 3002 50 0 0 0 0 0 293 3645 158 0 0 0 0 0 824 3201 71 0 0 0
0 12 1429 2623 32 0 0 0 0 0 521 3405 167 3 0 0 0 1 1033 3014 48 0 0 0
0 33 2149 1912 2 0 0 0 0 4 859 3217 16 0 0 0 0 8 1589 2493 6 0 0 0
0 65 2099 1894 38 0 0 0 0 4 931 3017 144 0 0 0 0 11 1504 2519 62 0 0 0
0 93 2097 1896 10 0 0 0 0 0 903 2957 236 0 0 0 0 0 1473 2542 81 0 0 0
0 72 2181 1789 54 0 0 0 0 3 830 3004 258 1 0 0 0 9 1539 2454 94 0 0 0
0 39 1943 2075 39 0 0 0 0 2 695 3057 342 0 0 0 0 9 1411 2604 72 0 0 0
0 25 2010 1997 64 0 0 0 0 0 618 3027 450 1 0 0 0 2 1435 2538 121 0 0 0
0 3 1804 2236 53 0 0 0 0 0 318 3082 696 0 0 0 0 0 999 2976 121 0 0 0
1870 2225 1 0 0 0 0 0 0 24 3945 127 0 0 0 0 0 0 187 3895 14 0 0 0
1845 2242 9 0 0 0 0 0 0 43 3606 447 0 0 0 0 0 0 271 3666 159 0 0 0
1636 2448 12 0 0 0 0 0 0 3 3696 397 0 0 0 0 0 0 113 3924 59 0 0 0
1327 2749 20 0 0 0 0 0 0 46 3719 331 0 0 0 0 0 0 281 3762 53 0 0 0
1058 3000 38 0 0 0 0 0 0 16 3639 441 0 0 0 0 0 0 230 3825 41 0 0 0
780 3209 107 0 0 0 0 0 0 42 3350 704 0 0 0 0 0 0 188 3837 71 0 0 0
701 3342 53 0 0 0 0 0 0 5 3181 910 0 0 0 0 0 0 86 3919 91 0 0 0
496 3558 42 0 0 0 0 0 0 0 3456 640 0 0 0 0 0 0 115 3973 8 0 0 0
321 3526 249 0 0 0 0 0 0 8 3508 580 0 0 0 0 0 0 303 3789 4 0 0 0
238 3583 275 0 0 0 0 0 0 11 3557 528 0 0 0 0 0 0 310 3784 2 0 0 0
96 3366 634 0 0 0 0 0 0 1 3117 978 0 0 0 0 0 0 195 3901 0 0 0 0
18 2899 1179 0 0 0 0 0 0 8 3226 862 0 0 0 0 0 0 374 3719 3 0 0 0
17 2160 1899 20 0 0 0 0 0 6 3074 1014 2 0 0 0 0 0 508 3577 11 0 0 0
0 788 2979 297 16 15 1 0 0 2 2250 1799 25 19 1 0 0 0 886 3104 84 21 1 0
2 409 2677 974 34 0 0 0 0 16 2069 1956 51 4 0 0 0 2 1374 2617 93 10 0 0
0 116 2310 1398 190 66 16 0 0 18 1486 2204 278 86 24 0 0 7 1048 2521 375 109 35 1
0 80 1529 1549 506 275 149 8 0 0 762 2099 665 355 193 22 0 0 417 2225 765 414 234 41
0 104 1741 2157 92 2 0 0 0 7 931 2913 238 7 0 0 0 2 696 3048 330 20 0 0
0 56 2385 1642 13 0 0 0 0 1 950 3105 40 0 0 0 0 0 837 3214 45 0 0 0
0 6 1943 2126 21 0 0 0 0 0 805 3235 55 1 0 0 0 0 1061 2993 40 2 0 0
0 29 1985 2044 31 7 0 0 0 1 822 3164 100 8 1 0 0 0 911 3120 54 10 1 0
0 46 1634 2406 10 0 0 0 0 2 649 3390 55 0 0 0 0 0 972 3098 26 0 0 0
0 30 1708 2346 12 0 0 0 0 1 634 3417 44 0 0 0 0 1 1010 3073 12 0 0 0
0 35 1597 2451 13 0 0 0 0 4 750 3295 47 0 0 0 0 8 1280 2793 15 0 0 0
0 43 1607 2425 21 0 0 0 0 7 796 3219 73 1 0 0 0 12 1362 2690 32 0 0 0
0 99 2010 1973 14 0 0 0 0 5 1065 2971 55 0 0 0 0 12 1781 2279 24 0 0 0
0 117 1979 1996 4 0 0 0 0 12 1219 2794 71 0 0 0 0 25 1861 2178 32 0 0 0
0 125 2362 1601 8 0 0 0 0 5 1377 2647 67 0 0 0 0 18 2002 2033 43 0 0 0
0 41 1544 2477 34 0 0 0 0 4 796 3167 129 0 0 0 0 11 1608 2434 43 0 0 0
0 83 1960 2042 11 0 0 0 0 2 944 3042 107 1 0 0 0 6 2039 2009 42 0 0 0
0 108 1989 1981 18 0 0 0 0 10 822 3033 231 0 0 0 0 18 1823 2164 91 0 0 0
0 49 1918 2105 24 0 0 0 0 5 886 2944 261 0 0 0 0 9 1738 2283 66 0 0 0
1585 2490 21 0 0 0 0 0 0 118 3752 226 0 0 0 0 0 0 438 3626 32 0 0 0
1475 2607 14 0 0 0 0 0 0 61 3460 575 0 0 0 0 0 0 331 3696 69 0 0 0
1242 2835 19 0 0 0 0 0 0 6 3486 604 0 0 0 0 0 0 174 3820 102 0 0 0
1041 2970 85 0 0 0 0 0 0 53 3435 608 0 0 0 0 0 0 330 3653 113 0 0 0
601 3315 180 0 0 0 0 0 0 23 3278 795 0 0 0 0 0 0 247 3731 118 0 0 0
605 3308 183 0 0 0 0 0 0 13 3066 1017 0 0 0 0 0 0 156 3781 159 0 0 0
599 3444 53 0 0 0 0 0 0 25 3647 424 0 0 0 0 0 0 420 3665 11 0 0 0
573 3472 51 0 0 0 0 0 0 11 3732 353 0 0 0 0 0 0 332 3761 3 0 0 0
355 3582 159 0 0 0 0 0 0 6 3372 718 0 0 0 0 0 0 196 3883 17 0 0 0
166 3375 555 0 0 0 0 0 0 2 3080 1014 0 0 0 0 0 0 153 3931 12 0 0 0
61 2455 1580 0 0 0 0 0 0 3 2913 1180 0 0 0 0 0 0 161 3908 27 0 0 0
11 1548 2479 57 1 0 0 0 0 6 2765 1323 2 0 0 0 0 0 697 3372 27 0 0 0
16 1279 2587 203 11 0 0 0 0 28 2835 1226 7 0 0 0 0 2 988 3074 32 0 0 0
0 564 2356 1119 45 12 0 0 0 42 1861 2108 59 24 2 0 0 10 1123 2831 89 37 6 0
0 458 1963 1267 316 79 13 0 0 76 1809 1706 376 109 20 0 0 8 1439 2069 404 149 25 2
0 130 1088 1015 830 760 256 17 0 11 754 1234 791 863 411 32 0 0 520 1289 761 856 605 65
0 412 1607 1105 421 343 178 30 0 93 1644 1272 440 373 232 42 0 13 1452 1449 454 382 285 61
0 162 2328 1566 40 0 0 0 0 52 2105 1907 32 0 0 0 0 21 1938 2099 38 0 0 0
0 518 2617 952 9 0 0 0 0 121 2481 1480 14 0 0 0 0 20 2382 1670 22 2 0 0
1 144 2604 1347 0 0 0 0 0 31 2042 2023 0 0 0 0 0 11 2559 1524 2 0 0 0
0 108 2687 1301 0 0 0 0 0 34 1803 2259 0 0 0 0 0 22 2392 1682 0 0 0 0
0 300 2539 1257 0 0 0 0 0 81 1673 2342 0 0 0 0 0 14 2173 1909 0 0 0 0
12 1584 1923 569 7 1 0 0 0 102 2324 1661 7 2 0 0 0 8 2080 1998 9 1 0 0
5 1724 1667 689 9 2 0 0 0 31 1510 2529 23 1 2 0 0 16 1379 2627 70 3 1 0
21 1557 1618 894 6 0 0 0 0 81 1827 2155 33 0 0 0 0 52 1713 1983 348 0 0 0
28 1488 2020 557 3 0 0 0 0 47 1321 2045 683 0 0 0 0 11 1389 1566 1130 0 0 0
0 581 2981 530 4 0 0 0 0 5 1112 1690 1289 0 0 0 0 8 1229 1522 1337 0 0 0
0 411 3197 483 5 0 0 0 0 8 897 1584 1606 1 0 0 0 8 974 1611 1502 1 0 0
0 145 3052 892 7 0 0 0 0 24 679 2113 1280 0 0 0 0 29 952 2104 1011 0 0 0
0 134 3164 796 2 0 0 0 0 1 584 1719 1792 0 0 0 0 8 865 2310 913 0 0 0
0 101 2171 1819 5 0 0 0 0 1 357 1008 2728 2 0 0 0 8 459 2321 1308 0 0 0
0 15 808 3268 5 0 0 0 0 0 119 752 3225 0 0 0 0 0 268 2153 1675 0 0 0
1249 2843 4 0 0 0 0 0 0 24 3957 115 0 0 0 0 0 0 266 3825 5 0 0 0
1103 2985 8 0 0 0 0 0 0 39 3704 353 0 0 0 0 0 0 337 3716 43 0 0 0
959 3085 52 0 0 0 0 0 0 16 3584 496 0 0 0 0 0 0 243 3811 42 0 0 0
885 3054 157 0 0 0 0 0 0 15 3546 535 0 0 0 0 0 0 372 3693 31 0 0 0
946 3025 125 0 0 0 0 0 0 53 3268 775 0 0 0 0 0 0 642 3419 35 0 0 0
940 2982 174 0 0 0 0 0 0 70 3376 650 0 0 0 0 0 0 563 3455 78 0 0 0
456 3186 454 0 0 0 0 0 0 64 3159 873 0 0 0 0 0 0 488 3512 96 0 0 0
195 3131 761 9 0 0 0 0 0 21 3279 796 0 0 0 0 0 0 325 3726 45 0 0 0
60 2840 1194 2 0 0 0 0 0 31 2928 1137 0 0 0 0 0 0 389 3664 43 0 0 0
70 2849 1160 17 0 0 0 0 0 45 3380 669 2 0 0 0 0 0 1266 2823 7 0 0 0
228 2061 1620 163 22 2 0 0 0 71 2981 982 56 6 0 0 0 0 999 2958 126 13 0 0
296 1506 1566 572 113 42 1 0 0 121 2464 1260 186 61 4 0 0 14 1268 2394 316 90 14 0
79 1224 1773 680 277 59 4 0 0 86 2390 1169 329 104 17 1 0 5 1445 2032 405 174 32 3
0 740 1213 786 685 500 168 4 0 123 1381 965 702 616 296 13 0 29 1191 1051 639 676 466 44
0 94 1656 1614 527 178 27 0 0 20 1131 2060 575 256 52 2 0 14 912 2115 653 298 97 7
0 557 1642 942 313 243 328 71 0 49 1718 1259 369 225 357 119 0 17 1204 1695 434 219 341 186
0 419 2043 713 229 258 301 133 0 107 2203 822 206 230 349 179 0 20 2122 951 177 219 360 247
0 239 3023 833 1 0 0 0 0 118 3105 872 1 0 0 0 0 57 3150 889 0 0 0 0
0 430 2896 770 0 0 0 0 0 148 2927 1021 0 0 0 0 0 45 3275 776 0 0 0 0
10 580 3032 474 0 0 0 0 0 226 2985 885 0 0 0 0 0 89 3477 530 0 0 0 0
46 537 2180 1333 0 0 0 0 0 362 1866 1868 0 0 0 0 0 160 2996 940 0 0 0 0
179 972 1878 1067 0 0 0 0 0 445 2007 1644 0 0 0 0 0 90 2920 1086 0 0 0 0
300 2435 1141 220 0 0 0 0 0 416 2069 1611 0 0 0 0 0 44 1997 1950 105 0 0 0
126 3667 302 1 0 0 0 0 0 29 1446 2617 4 0 0 0 0 0 935 2067 1094 0 0 0
21 4074 1 0 0 0 0 0 0 0 21 4074 1 0 0 0 0 0 0 1141 2955 0 0 0
0 4069 27 0 0 0 0 0 0 0 0 3699 397 0 0 0 0 0 0 323 3773 0 0 0
0 3075 1021 0 0 0 0 0 0 0 0 2047 2049 0 0 0 0 0 0 102 3994 0 0 0
0 801 3295 0 0 0 0 0 0 0 0 834 3262 0 0 0 0 0 0 41 4055 0 0 0
0 118 3958 20 0 0 0 0 0 0 0 151 3945 0 0 0 0 0 0 19 4077 0 0 0
0 13 4072 11 0 0 0 0 0 0 0 46 4050 0 0 0 0 0 0 36 4060 0 0 0
0 0 3882 214 0 0 0 0 0 0 0 12 4084 0 0 0 0 0 0 21 4075 0 0 0
0 0 2281 1815 0 0 0 0 0 0 0 3 4087 6 0 0 0 0 0 27 4066 3 0 0
1401 2638 57 0 0 0 0 0 0 142 3758 196 0 0 0 0 0 0 795 3290 11 0 0 0
1462 2628 6 0 0 0 0 0 0 48 3990 58 0 0 0 0 0 0 601 3495 0 0 0 0
1249 2839 8 0 0 0 0 0 0 107 3930 59 0 0 0 0 0 0 804 3291 1 0 0 0
1551 2514 31 0 0 0 0 0 0 261 3769 66 0 0 0 0 0 0 1244 2849 3 0 0 0
987 3037 72 0 0 0 0 0 0 110 3801 185 0 0 0 0 0 0 865 3228 3 0 0 0
399 3484 213 0 0 0 0 0 0 15 3718 363 0 0 0 0 0 0 374 3710 12 0 0 0
197 2959 830 84 21 5 0 0 0 38 3210 831 16 1 0 0 0 6 602 3433 55 0 0 0
64 1754 1878 318 62 18 2 0 0 41 2674 1257 85 34 5 0 0 2 754 3133 157 42 8 0
79 2463 1380 77 45 36 16 0 0 40 2943 1000 34 51 28 0 0 0 1303 2653 51 48 38 3
392 2667 920 106 10 1 0 0 0 153 3456 447 34 6 0 0 0 1 1710 2289 79 16 1 0
1227 2581 287 1 0 0 0 0 0 86 2585 1422 3 0 0 0 0 0 874 2671 551 0 0 0
1420 2558 115 3 0 0 0 0 0 0 463 3614 19 0 0 0 0 0 46 2287 1763 0 0 0
110 2107 1534 219 72 30 24 0 0 202 2436 1284 103 44 27 0 0 22 1729 2027 238 49 31 0
33 1106 2040 702 85 48 67 15 0 336 2570 967 71 53 68 31 0 61 2379 1427 66 53 68 42
1 499 1822 1274 335 126 36 3 0 117 1998 1395 382 144 55 5 0 39 1881 1520 386 192 70 8
0 955 1901 738 285 174 43 0 0 151 2404 977 317 183 62 2 0 22 2131 1311 349 195 81 7
0 567 2545 973 11 0 0 0 0 84 2958 1052 2 0 0 0 0 10 3016 1070 0 0 0 0
0 547 2707 837 5 0 0 0 0 268 2695 1132 1 0 0 0 0 57 2734 1305 0 0 0 0
2 537 2150 1407 0 0 0 0 0 288 2151 1657 0 0 0 0 0 39 2709 1348 0 0 0 0
3 600 2571 922 0 0 0 0 0 304 2451 1341 0 0 0 0 0 85 2754 1257 0 0 0 0
37 1260 2097 702 0 0 0 0 0 561 2282 1253 0 0 0 0 0 107 2707 1282 0 0 0 0
6 782 2100 1208 0 0 0 0 0 336 1843 1917 0 0 0 0 0 104 2435 1557 0 0 0 0
4 580 2374 1138 0 0 0 0 0 234 1936 1925 1 0 0 0 0 110 2403 1582 1 0 0 0
26 979 1916 1175 0 0 0 0 0 185 1935 1968 8 0 0 0 0 116 2305 1675 0 0 0 0
118 2660 1094 224 0 0 0 0 0 409 1656 2029 2 0 0 0 0 81 1731 1992 292 0 0 0
24 3926 137 9 0 0 0 0 0 49 399 3625 23 0 0 0 0 11 244 2319 1522 0 0 0
0 3811 285 0 0 0 0 0 0 5 35 3848 208 0 0 0 0 0 31 1142 2923 0 0 0
0 1761 2335 0 0 0 0 0 0 0 0 2658 1438 0 0 0 0 0 0 707 3389 0 0 0
0 233 3863 0 0 0 0 0 0 0 0 407 3689 0 0 0 0 0 0 142 3954 0 0 0
1 292 3803 0 0 0 0 0 0 0 121 886 3089 0 0 0 0 0 80 960 3056 0 0 0
0 0 4010 86 0 0 0 0 0 0 0 5 4091 0 0 0 0 0 0 90 4006 0 0 0
0 0 2340 1756 0 0 0 0 0 0 0 2 4093 1 0 0 0 0 0 124 3972 0 0 0
1798 2296 2 0 0 0 0 0 0 286 3789 21 0 0 0 0 0 0 1025 3070 1 0 0 0
1582 2495 19 0 0 0 0 0 0 139 3826 131 0 0 0 0 0 0 1013 3081 2 0 0 0
1532 2472 90 2 0 0 0 0 0 273 3669 154 0 0 0 0 0 0 1504 2574 18 0 0 0
1120 2680 289 7 0 0 0 0 0 214 3527 353 2 0 0 0 0 0 1163 2908 25 0 0 0
395 2746 951 4 0 0 0 0 0 58 3183 854 1 0 0 0 0 0 593 3433 70 0 0 0
137 2670 1270 19 0 0 0 0 0 39 3126 931 0 0 0 0 0 0 570 3470 56 0 0 0
82 2387 1597 30 0 0 0 0 0 40 3051 1000 5 0 0 0 0 0 623 3419 54 0 0 0
213 2845 1024 14 0 0 0 0 0 164 3452 479 1 0 0 0 0 0 1603 2481 12 0 0 0
280 3079 719 18 0 0 0 0 0 162 3606 328 0 0 0 0 0 0 1915 2181 0 0 0 0
633 3000 463 0 0 0 0 0 0 256 3690 150 0 0 0 0 0 0 2148 1948 0 0 0 0
467 2077 1221 236 69 25 1 0 0 231 3125 652 59 28 1 0 0 40 1983 1977 61 30 5 0
80 1420 1935 456 130 59 15 1 0 303 2690 859 144 77 20 3 0 27 2317 1454 173 90 30 5
60 981 1797 954 233 66 5 0 0 322 2356 1025 275 107 11 0 0 124 2257 1259 288 145 22 1
79 849 1879 712 308 206 61 2 0 328 1963 1141 332 232 96 4 0 59 1830 1479 337 260 128 3
3 1071 1924 711 261 87 39 0 0 218 2564 919 236 108 51 0 0 75 2578 1009 227 129 69 9
0 901 1401 1495 286 11 2 0 0 423 2223 1367 80 3 0 0 6 171 3106 800 13 0 0 0
1 791 2434 806 64 0 0 0 0 229 2822 1017 28 0 0 0 1 45 2863 1178 8 1 0 0
2 592 2169 1331 2 0 0 0 0 284 2237 1575 0 0 0 0 0 53 2505 1538 0 0 0 0
24 1205 2139 728 0 0 0 0 0 498 2319 1279 0 0 0 0 0 48 2621 1427 0 0 0 0
0 245 2277 1573 1 0 0 0 0 143 2041 1910 2 0 0 0 0 103 2559 1434 0 0 0 0
4 326 2253 1513 0 0 0 0 0 102 1939 2053 2 0 0 0 0 49 2692 1352 3 0 0 0
6 581 2561 947 1 0 0 0 0 244 2086 1765 1 0 0 0 0 66 2757 1272 1 0 0 0
12 1042 2265 777 0 0 0 0 0 326 1997 1772 1 0 0 0 0 38 2536 1522 0 0 0 0
10 798 2193 1095 0 0 0 0 0 286 1660 2138 12 0 0 0 0 86 2323 1682 5 0 0 0
7 1278 2119 692 0 0 0 0 0 429 2224 1440 3 0 0 0 0 73 2701 1320 2 0 0 0
66 1472 1967 589 2 0 0 0 0 513 2184 1397 2 0 0 0 0 75 2690 1330 1 0 0 0
94 1672 1830 500 0 0 0 0 0 339 2006 1740 11 0 0 0 0 80 2495 1510 11 0 0 0
55 1826 2132 83 0 0 0 0 0 183 2187 1593 133 0 0 0 0 3 2130 1729 234 0 0 0
9 521 3348 218 0 0 0 0 0 4 215 2980 897 0 0 0 0 0 244 3086 766 0 0 0
0 200 3633 263 0 0 0 0 0 16 519 1289 2272 0 0 0 0 10 607 1994 1485 0 0 0
0 610 3305 181 0 0 0 0 0 109 1128 1004 1855 0 0 0 0 12 1211 1542 1331 0 0 0
0 320 3150 623 3 0 0 0 0 8 1008 1746 1334 0 0 0 0 9 1062 1830 1195 0 0 0
1385 2659 52 0 0 0 0 0 0 343 3696 57 0 0 0 0 0 1 1486 2608 1 0 0 0
1637 2301 158 0 0 0 0 0 0 469 3485 142 0 0 0 0 0 0 2025 2062 9 0 0 0
839 2453 801 3 0 0 0 0 0 489 2971 635 1 0 0 0 0 4 1339 2632 121 0 0 0
383 2854 844 13 2 0 0 0 0 156 3315 617 8 0 0 0 0 1 795 3205 95 0 0 0
368 2551 1158 18 1 0 0 0 0 195 3202 694 5 0 0 0 0 4 1362 2677 53 0 0 0
258 2397 1408 33 0 0 0 0 0 218 3328 549 1 0 0 0 0 1 1208 2852 35 0 0 0
85 2308 1594 107 2 0 0 0 0 198 3250 645 3 0 0 0 0 9 1871 2196 18 2 0 0
14 1789 1619 330 168 102 68 6 0 145 2866 698 176 121 75 15 0 31 2286 1348 193 135 77 26
86 1440 2069 380 79 36 6 0 0 448 2839 660 79 56 14 0 0 93 2916 916 90 56 24 1
21 1150 1844 627 269 146 38 1 0 238 2093 1153 343 185 83 1 0 20 1522 1704 444 266 130 10
6 457 1646 988 471 408 115 5 0 112 1301 1430 541 493 206 13 0 42 935 1618 590 522 355 34
16 716 1570 938 465 264 101 26 0 98 1584 1283 582 366 138 45 0 6 1090 1532 739 441 227 61
28 1244 1372 794 350 212 90 6 0 360 1786 1110 421 267 139 13 0 75 1640 1358 514 297 183 29
38 1134 1679 987 233 25 0 0 1 500 2337 1092 151 15 0 0 1 148 2772 1024 121 28 2 0
1 848 1885 1064 219 67 11 1 0 374 2226 1152 240 89 14 1 0 59 2376 1263 252 119 23 4
5 818 1898 1170 161 44 0 0 0 417 2215 1257 157 50 0 0 0 99 2431 1361 141 62 2 0
11 1072 2154 828 23 8 0 0 0 611 2456 999 19 10 1 0 0 59 2834 1174 15 13 1 0
10 936 2173 977 0 0 0 0 0 549 2185 1362 0 0 0 0 0 86 2595 1414 1 0 0 0
4 665 2106 1321 0 0 0 0 0 370 2025 1698 3 0 0 0 0 88 2474 1533 1 0 0 0
8 723 2249 1116 0 0 0 0 0 366 1965 1764 1 0 0 0 0 83 2340 1673 0 0 0 0
5 616 2368 1106 1 0 0 0 0 301 1962 1831 2 0 0 0 0 37 2398 1659 2 0 0 0
14 922 2181 963 16 0 0 0 0 304 2079 1675 38 0 0 0 0 22 2540 1503 31 0 0 0
25 1526 1968 577 0 0 0 0 0 353 2414 1318 11 0 0 0 0 35 2455 1595 11 0 0 0
21 1179 2329 565 2 0 0 0 0 172 1976 1909 39 0 0 0 0 32 2009 1995 60 0 0 0
11 763 2752 568 2 0 0 0 0 156 1557 2344 39 0 0 0 0 44 1815 2162 75 0 0 0
4 1294 2252 546 0 0 0 0 0 398 1893 1349 456 0 0 0 0 124 2185 1395 392 0 0 0
7 598 3164 327 0 0 0 0 0 57 1116 2283 640 0 0 0 0 6 1100 2543 447 0 0 0
2 433 3103 558 0 0 0 0 0 36 848 2069 1143 0 0 0 0 8 846 2311 931 0 0 0
0 393 2719 982 2 0 0 0 0 20 1261 2150 665 0 0 0 0 6 1325 2276 489 0 0 0
0 513 2608 973 2 0 0 0 0 55 1615 1937 488 1 0 0 0 15 1762 1988 331 0 0 0
0 405 2520 1167 4 0 0 0 0 72 1703 2105 216 0 0 0 0 34 2139 1780 143 0 0 0
0 515 2827 738 16 0 0 0 0 27 1403 2505 161 0 0 0 0 10 1684 2374 28 0 0 0
778 2778 536 4 0 0 0 0 0 248 3433 415 0 0 0 0 0 0 1236 2841 19 0 0 0
385 2607 1100 4 0 0 0 0 0 101 3047 945 3 0 0 0 0 0 824 3170 102 0 0 0
281 2349 1431 35 0 0 0 0 0 162 2965 965 4 0 0 0 0 1 964 3016 115 0 0 0
235 2444 1364 52 1 0 0 0 0 126 3085 876 9 0 0 0 0 0 1131 2887 78 0 0 0
121 2635 1291 49 0 0 0 0 0 92 3364 635 5 0 0 0 0 6 1468 2605 17 0 0 0
51 2404 1628 13 0 0 0 0 0 323 3522 251 0 0 0 0 0 47 3168 881 0 0 0 0
102 2716 1242 36 0 0 0 0 0 351 3588 157 0 0 0 0 0 19 3479 598 0 0 0 0
14 2354 1647 48 20 13 0 0 0 97 3605 348 28 17 1 0 0 15 3030 1000 28 20 3 0
21 2063 1970 42 0 0 0 0 0 387 3295 412 2 0 0 0 0 75 2820 1201 0 0 0 0
23 1677 2176 179 32 7 2 0 0 162 3286 587 49 9 3 0 0 16 2458 1560 47 12 3 0
15 1705 1666 330 141 99 112 28 0 359 2684 598 170 116 119 50 0 39 2364 1173 194 131 124 71
0 853 2133 592 201 153 130 34 1 269 2344 879 229 166 144 64 3 202 2191 1036 241 176 156 91
43 692 1861 1124 299 56 21 0 7 461 2143 1175 205 71 33 1 27 331 2227 1145 205 112 45 4
2 269 1538 1308 669 251 57 2 3 123 1623 1465 516 279 86 1 0 122 1762 1295 463 323 127 4
0 261 1509 1284 597 352 79 14 0 79 1487 1408 612 374 119 17 0 35 1292 1505 627 419 192 26
0 283 2264 1040 270 172 66 1 0 115 2258 1237 243 167 73 3 0 46 2075 1486 229 163 92 5
0 402 2607 1079 8 0 0 0 0 204 2591 1291 10 0 0 0 0 62 2381 1638 15 0 0 0
11 534 2386 1163 2 0 0 0 0 279 2226 1589 2 0 0 0 0 12 2657 1425 2 0 0 0
0 104 2787 1205 0 0 0 0 0 17 2499 1580 0 0 0 0 0 16 2931 1149 0 0 0 0
2 108 2591 1380 15 0 0 0 0 44 1892 2136 24 0 0 0 0 21 2489 1569 17 0 0 0
4 332 2824 936 0 0 0 0 0 105 1985 2003 3 0 0 0 0 20 2204 1872 0 0 0 0
2 352 2594 1148 0 0 0 0 0 87 1585 2380 44 0 0 0 0 10 1683 2321 82 0 0 0
1 387 2587 1117 4 0 0 0 0 73 1962 2051 10 0 0 0 0 12 2053 2021 10 0 0 0
5 1162 2374 555 0 0 0 0 0 74 1884 2130 8 0 0 0 0 6 1551 2491 48 0 0 0
4 680 2745 667 0 0 0 0 0 114 1790 2104 88 0 0 0 0 1 1768 2177 150 0 0 0
2 457 2662 974 1 0 0 0 0 22 1912 2099 63 0 0 0 0 2 2004 2031 59 0 0 0
6 612 2562 911 5 0 0 0 0 117 1927 1921 129 2 0 0 0 11 2002 1929 154 0 0 0
3 656 2504 926 7 0 0 0 0 123 1814 1999 159 1 0 0 0 24 1842 2072 157 1 0 0
0 218 2252 1620 6 0 0 0 0 45 1351 2621 79 0 0 0 0 16 1763 2251 65 1 0 0
0 161 2232 1698 5 0 0 0 0 35 1427 2560 74 0 0 0 0 18 1998 2021 59 0 0 0
0 150 1775 2130 41 0 0 0 0 34 1211 2635 214 2 0 0 0 20 2025 1889 161 1 0 0
0 295 2404 1393 4 0 0 0 0 97 1867 2125 7 0 0 0 0 42 2782 1271 1 0 0 0
