893 27 32 47 76 168 302 2551 870 52 42 92 159 353 2484 44 829 79 31 115 199 953 1882 8
0 0 0 3 73 137 872 3011 0 0 1 71 129 967 2928 0 0 0 2 79 135 2010 1870 0
0 0 0 13 116 148 2409 1410 0 0 3 93 160 2511 1329 0 0 0 4 97 154 3769 72 0
0 0 0 3 108 171 3572 242 0 0 0 78 180 3629 209 0 0 0 0 88 178 3808 22 0
0 0 0 1 49 61 3854 131 0 0 0 38 66 3934 58 0 0 0 0 42 66 3981 7 0
0 0 0 0 0 0 3246 850 0 0 0 0 0 3844 252 0 0 0 0 0 0 4096 0 0
7 9 6 5 3 3 1079 2984 13 4 8 3 3 1354 2707 4 6 8 9 5 3 3888 173 4
0 0 0 0 0 0 0 4096 0 0 0 0 0 14 4082 0 0 0 0 0 0 3968 128 0
0 0 0 0 0 0 0 4096 0 0 0 0 0 0 4096 0 0 0 0 0 0 3946 150 0
0 0 0 0 0 0 0 4096 0 0 0 0 0 546 3550 0 0 0 0 0 0 4091 5 0
0 0 0 0 0 0 0 4096 0 0 0 0 0 271 3825 0 0 0 0 0 0 4091 5 0
0 0 0 0 0 0 1712 2384 0 0 0 0 0 3247 849 0 0 0 0 0 0 4095 1 0
0 0 0 0 0 14 4050 32 0 0 0 0 0 4096 0 0 0 0 0 0 0 4096 0 0
0 0 0 0 0 1840 2256 0 0 0 0 0 624 3472 0 0 0 0 0 0 0 4096 0 0
0 0 0 0 0 3897 199 0 0 0 0 0 1397 2699 0 0 0 0 0 0 0 4096 0 0
0 0 0 0 580 3412 104 0 0 0 0 0 3443 653 0 0 0 0 0 0 0 4096 0 0
0 0 0 812 3063 221 0 0 0 0 0 438 3658 0 0 0 0 0 0 0 0 4096 0 0
0 506 1121 1127 1332 10 0 0 0 0 28 2416 1652 0 0 0 0 0 0 0 292 3804 0 0
0 2366 1285 440 5 0 0 0 0 0 194 3842 60 0 0 0 0 0 0 0 1080 3016 0 0
0 234 1260 2095 507 0 0 0 0 0 22 3184 890 0 0 0 0 0 0 0 462 3634 0 0
0 0 602 1693 1205 596 0 0 0 0 0 2077 2019 0 0 0 0 0 0 0 408 3688 0 0
0 682 1746 1098 489 81 0 0 0 0 438 2963 695 0 0 0 0 0 0 0 2086 2010 0 0
1521 1377 1129 69 0 0 0 0 0 0 2441 1655 0 0 0 0 0 0 0 0 3731 365 0 0
3412 660 24 0 0 0 0 0 0 0 3949 147 0 0 0 0 0 0 0 0 4095 1 0 0
3915 181 0 0 0 0 0 0 0 2 4094 0 0 0 0 0 0 0 0 3 4093 0 0 0
3940 36 6 12 14 7 5 76 3881 94 11 17 8 9 60 16 3768 198 14 17 11 11 72 5
1455 29 20 33 20 27 27 2485 1457 31 43 24 27 24 2430 60 1427 48 29 37 30 79 2416 30
0 0 0 0 0 0 0 4096 0 0 0 0 0 0 4096 0 0 0 0 0 0 2092 2004 0
0 0 0 0 0 0 178 3918 0 0 0 0 0 329 3767 0 0 0 0 0 0 4024 72 0
0 0 0 0 0 0 1988 2108 0 0 0 0 0 2302 1794 0 0 0 0 0 0 4095 1 0
0 0 0 0 0 0 3756 340 0 0 0 0 0 3830 266 0 0 0 0 0 0 4094 2 0
0 0 0 0 0 0 3902 194 0 0 0 0 0 4079 17 0 0 0 0 0 0 4096 0 0
0 0 0 0 0 0 1894 2202 0 0 0 0 0 2974 1122 0 0 0 0 0 0 4088 8 0
8 7 8 2 6 9 144 3912 9 11 2 4 12 558 3494 6 7 7 8 4 7 3937 119 7
0 0 0 0 0 0 0 4096 0 0 0 0 0 0 4096 0 0 0 0 0 0 3140 956 0
0 0 0 0 0 0 0 4096 0 0 0 0 0 33 4063 0 0 0 0 0 0 4018 78 0
0 0 0 0 0 0 7 4089 0 0 0 0 0 489 3607 0 0 0 0 0 0 4095 1 0
0 0 0 0 0 0 443 3653 0 0 0 0 0 1702 2394 0 0 0 0 0 0 4095 1 0
0 0 0 0 0 40 2017 2039 0 0 0 0 0 2995 1101 0 0 0 0 0 0 4095 1 0
0 0 0 0 0 586 3469 41 0 0 0 0 15 4081 0 0 0 0 0 0 0 4096 0 0
0 0 0 0 0 1700 2396 0 0 0 0 0 527 3569 0 0 0 0 0 0 0 4096 0 0
0 0 0 0 255 3332 509 0 0 0 0 0 2555 1541 0 0 0 0 0 0 0 4096 0 0
0 0 200 807 1335 1742 12 0 0 0 0 763 2903 430 0 0 0 0 0 0 1 4095 0 0
0 0 148 1429 2293 226 0 0 0 0 0 1003 3093 0 0 0 0 0 0 0 7 4089 0 0
0 0 0 1551 2405 140 0 0 0 0 0 852 3244 0 0 0 0 0 0 0 10 4086 0 0
0 0 168 3079 849 0 0 0 0 0 0 2324 1772 0 0 0 0 0 0 0 93 4003 0 0
0 32 1102 2104 857 1 0 0 0 0 3 2916 1177 0 0 0 0 0 0 0 701 3395 0 0
39 437 1144 1662 814 0 0 0 0 0 266 2772 1058 0 0 0 0 0 0 0 1500 2596 0 0
0 998 2637 383 78 0 0 0 0 0 536 3449 111 0 0 0 0 0 0 0 3389 707 0 0
218 1533 1037 701 607 0 0 0 0 0 1580 1847 669 0 0 0 0 0 0 0 3154 942 0 0
4057 39 0 0 0 0 0 0 4000 96 0 0 0 0 0 0 4003 93 0 0 0 0 0 0
4055 12 1 6 1 3 5 13 4047 19 4 4 3 5 12 2 4007 57 4 6 1 6 15 0
1615 33 35 52 49 36 43 2233 1612 42 55 64 41 44 2167 71 1583 61 36 62 63 60 2211 20
0 0 0 0 0 0 0 4096 0 0 0 0 0 0 4096 0 0 0 0 0 0 1923 2173 0
0 0 0 0 0 0 0 4096 0 0 0 0 0 0 4096 0 0 0 0 0 0 1983 2113 0
0 0 0 0 0 0 178 3918 0 0 0 0 0 210 3886 0 0 0 0 0 0 1486 2610 0
0 0 0 0 0 0 1549 2547 0 0 0 0 0 1915 2181 0 0 0 0 0 0 3192 904 0
0 0 0 0 0 0 2478 1618 0 0 0 0 0 2871 1225 0 0 0 0 0 0 3837 259 0
0 0 0 0 0 0 1138 2958 0 0 0 0 0 2380 1716 0 0 0 0 0 0 3922 174 0
0 0 0 0 0 0 113 3983 0 0 0 0 0 360 3736 0 0 0 0 0 0 1992 2104 0
0 0 0 0 0 0 0 4096 0 0 0 0 0 0 4096 0 0 0 0 0 0 929 3167 0
0 0 0 0 0 0 0 4096 0 0 0 0 0 12 4084 0 0 0 0 0 0 3996 100 0
0 0 0 0 0 0 0 4096 0 0 0 0 0 0 4096 0 0 0 0 0 0 4018 78 0
0 0 0 0 0 0 0 4096 0 0 0 0 0 142 3954 0 0 0 0 0 0 2961 1135 0
0 0 0 0 0 0 1097 2999 0 0 0 0 0 1867 2229 0 0 0 0 0 0 3844 252 0
0 0 0 0 0 0 3415 681 0 0 0 0 0 3901 195 0 0 0 0 0 0 4096 0 0
0 0 0 0 0 340 3756 0 0 0 0 0 8 4088 0 0 0 0 0 0 0 4096 0 0
0 0 0 0 0 1229 2867 0 0 0 0 0 259 3837 0 0 0 0 0 0 0 4096 0 0
0 0 0 16 1298 2512 270 0 0 0 0 0 2957 1139 0 0 0 0 0 0 0 4096 0 0
0 0 0 18 2442 1561 75 0 0 0 0 2 3489 605 0 0 0 0 0 0 2 4094 0 0
0 0 0 1149 2581 321 45 0 0 0 0 366 3632 98 0 0 0 0 0 0 6 4090 0 0
0 0 0 557 2330 1186 23 0 0 0 0 292 3706 98 0 0 0 0 0 0 10 4086 0 0
0 0 144 1929 1253 591 179 0 0 0 0 1614 2218 264 0 0 0 0 0 0 278 3818 0 0
0 0 99 1131 1864 1002 0 0 0 0 0 1049 3040 7 0 0 0 0 0 0 223 3873 0 0
0 669 2314 662 448 3 0 0 0 0 238 3381 477 0 0 0 0 0 0 0 3034 1062 0 0
4072 19 3 0 0 2 0 0 4026 62 6 0 0 2 0 0 3945 136 13 0 0 2 0 0
4095 1 0 0 0 0 0 0 4094 2 0 0 0 0 0 0 4086 10 0 0 0 0 0 0
4068 12 3 3 2 2 1 5 3989 92 2 4 2 2 2 3 3921 153 9 4 2 2 2 3
1378 44 23 14 20 28 17 2572 1377 73 15 21 27 24 1770 789 1300 139 20 16 29 77 2443 72
0 0 0 0 0 0 2 4094 0 0 0 0 0 2 4058 36 0 0 0 0 0 754 3342 0
0 0 0 0 0 0 0 4096 0 0 0 0 0 0 4094 2 0 0 0 0 0 86 4010 0
0 0 0 0 0 0 0 4096 0 0 0 0 0 0 4096 0 0 0 0 0 0 0 4096 0
0 0 0 0 0 0 0 4096 0 0 0 0 0 1 4095 0 0 0 0 0 0 234 3862 0
0 0 0 0 0 0 0 4096 0 0 0 0 0 4 4092 0 0 0 0 0 0 453 3643 0
0 0 0 0 0 0 0 4096 0 0 0 0 0 0 4096 0 0 0 0 0 0 392 3704 0
0 0 0 0 0 0 0 4096 0 0 0 0 0 0 4096 0 0 0 0 0 0 0 4096 0
0 0 0 0 0 0 0 4096 0 0 0 0 0 0 4096 0 0 0 0 0 0 415 3681 0
0 0 0 0 0 0 0 4096 0 0 0 0 0 0 4096 0 0 0 0 0 0 1922 2174 0
0 0 0 0 0 0 0 4096 0 0 0 0 0 0 4096 0 0 0 0 0 0 865 3231 0
0 0 0 0 0 0 0 4096 0 0 0 0 0 0 4096 0 0 0 0 0 0 782 3314 0
0 0 0 0 0 0 105 3991 0 0 0 0 0 533 3563 0 0 0 0 0 0 3764 332 0
0 0 0 0 0 0 3043 1053 0 0 0 0 0 3822 274 0 0 0 0 0 0 4096 0 0
0 0 0 0 0 0 4089 7 0 0 0 0 0 4096 0 0 0 0 0 0 0 4096 0 0
0 0 0 0 0 187 3904 5 0 0 0 0 1 4095 0 0 0 0 0 0 0 4096 0 0
0 0 0 0 1007 2440 649 0 0 0 0 0 2744 1352 0 0 0 0 0 0 0 4096 0 0
0 0 0 448 1197 1419 1032 0 0 0 0 131 2515 1450 0 0 0 0 0 0 0 4096 0 0
0 0 0 17 408 1023 2648 0 0 0 0 5 1129 2962 0 0 0 0 0 0 0 4096 0 0
0 0 0 0 1081 2146 869 0 0 0 0 0 2820 1276 0 0 0 0 0 0 1 4095 0 0
0 0 56 593 2039 1407 1 0 0 0 0 546 3435 115 0 0 0 0 0 0 108 3988 0 0
0 0 859 2440 771 26 0 0 0 0 0 2892 1204 0 0 0 0 0 0 0 1017 3079 0 0
4096 0 0 0 0 0 0 0 4091 5 0 0 0 0 0 0 4081 15 0 0 0 0 0 0
4096 0 0 0 0 0 0 0 4096 0 0 0 0 0 0 0 4094 2 0 0 0 0 0 0
4069 23 4 0 0 0 0 0 4008 77 11 0 0 0 0 0 3878 200 18 0 0 0 0 0
2943 69 23 15 16 13 20 997 2965 88 14 15 16 18 323 657 2819 219 16 15 15 26 907 79
0 0 0 0 0 0 0 4096 0 0 0 0 0 0 3923 173 0 0 0 0 0 0 4096 0
0 0 0 0 0 0 0 4096 0 0 0 0 0 0 4087 9 0 0 0 0 0 0 4096 0
0 0 0 0 0 0 0 4096 0 0 0 0 0 0 4096 0 0 0 0 0 0 4 4092 0
0 0 0 0 0 0 0 4096 0 0 0 0 0 0 4057 39 0 0 0 0 0 0 4096 0
0 0 0 0 0 0 0 4096 0 0 0 0 0 0 4088 8 0 0 0 0 0 0 4096 0
0 0 0 0 0 0 0 4096 0 0 0 0 0 0 4093 3 0 0 0 0 0 0 4096 0
0 0 0 0 0 0 0 4096 0 0 0 0 0 0 4096 0 0 0 0 0 0 0 4096 0
0 0 0 0 0 0 0 4096 0 0 0 0 0 0 4096 0 0 0 0 0 0 0 4096 0
0 0 0 0 0 0 0 4096 0 0 0 0 0 0 4096 0 0 0 0 0 0 0 4096 0
0 0 0 0 0 0 0 4096 0 0 0 0 0 0 4096 0 0 0 0 0 0 0 4096 0
0 0 0 0 0 0 0 4096 0 0 0 0 0 0 4096 0 0 0 0 0 0 57 4039 0
0 0 0 0 0 0 0 4096 0 0 0 0 0 0 4096 0 0 0 0 0 0 2487 1609 0
0 0 0 0 0 0 193 3903 0 0 0 0 0 1476 2620 0 0 0 0 0 0 4096 0 0
0 0 0 0 0 0 3663 433 0 0 0 0 0 4096 0 0 0 0 0 0 0 4096 0 0
0 0 0 0 0 58 3348 690 0 0 0 0 0 4096 0 0 0 0 0 0 0 4096 0 0
0 0 0 0 271 1235 2589 1 0 0 0 0 605 3491 0 0 0 0 0 0 0 4096 0 0
0 0 0 0 112 446 2913 625 0 0 0 0 333 3763 0 0 0 0 0 0 0 4096 0 0
0 0 0 0 134 1045 2733 184 0 0 0 0 754 3342 0 0 0 0 0 0 0 4096 0 0
0 0 0 0 1 2829 1266 0 0 0 0 0 1763 2333 0 0 0 0 0 0 0 4096 0 0
0 0 0 0 1002 3094 0 0 0 0 0 0 4042 54 0 0 0 0 0 0 2 4094 0 0
0 66 438 875 1705 1012 0 0 0 0 0 1122 2974 0 0 0 0 0 0 0 333 3763 0 0
4030 61 5 0 0 0 0 0 3972 115 7 2 0 0 0 0 3953 129 12 2 0 0 0 0
4094 2 0 0 0 0 0 0 4094 2 0 0 0 0 0 0 4094 2 0 0 0 0 0 0
4094 2 0 0 0 0 0 0 4086 10 0 0 0 0 0 0 4082 14 0 0 0 0 0 0
3657 57 24 15 9 15 12 307 3716 39 16 9 9 14 25 268 3625 123 10 13 14 10 243 58
8 10 6 6 3 6 4 4053 27 3 5 6 1 4 2519 1531 13 16 2 8 3 59 3937 58
0 0 0 0 0 0 0 4096 0 0 0 0 0 0 4061 35 0 0 0 0 0 204 3892 0
0 0 0 0 0 0 0 4096 0 0 0 0 0 0 4062 34 0 0 0 0 0 0 4096 0
0 0 0 0 0 0 0 4096 0 0 0 0 0 0 3533 563 0 0 0 0 0 0 4096 0
0 0 0 0 0 0 0 4096 0 0 0 0 0 0 3801 295 0 0 0 0 0 0 4096 0
0 0 0 0 0 0 0 4096 0 0 0 0 0 0 3069 1027 0 0 0 0 0 0 4096 0
0 0 0 0 0 0 0 4096 0 0 0 0 0 0 3627 469 0 0 0 0 0 0 4096 0
0 0 0 0 0 0 0 4096 0 0 0 0 0 0 4095 1 0 0 0 0 0 0 4096 0
0 0 0 0 0 0 0 4096 0 0 0 0 0 0 4096 0 0 0 0 0 0 0 4096 0
0 0 0 0 0 0 0 4096 0 0 0 0 0 0 4096 0 0 0 0 0 0 10 4086 0
0 0 0 0 0 0 0 4096 0 0 0 0 0 0 4096 0 0 0 0 0 0 840 3256 0
0 0 0 0 0 0 0 4096 0 0 0 0 0 2 4094 0 0 0 0 0 0 2383 1713 0
0 0 0 0 0 0 0 4096 0 0 0 0 0 714 3382 0 0 0 0 0 0 4023 73 0
0 0 0 0 0 0 1046 3050 0 0 0 0 0 2295 1801 0 0 0 0 0 0 4096 0 0
0 0 0 0 0 0 2156 1940 0 0 0 0 0 3746 350 0 0 0 0 0 0 4096 0 0
0 0 0 2 3 2 2265 1824 0 0 1 3 3 3960 129 0 0 0 1 3 3 4084 5 0
0 0 0 0 0 0 985 3111 0 0 0 0 0 3920 176 0 0 0 0 0 0 4096 0 0
0 0 0 0 0 0 3632 464 0 0 0 0 0 4096 0 0 0 0 0 0 0 4096 0 0
0 0 0 0 60 1934 2102 0 0 0 0 0 920 3176 0 0 0 0 0 0 0 4096 0 0
0 0 0 467 1937 1692 0 0 0 0 0 153 3819 124 0 0 0 0 0 0 17 4079 0 0
0 363 1230 1416 1080 7 0 0 0 0 3 2404 1689 0 0 0 0 0 0 0 591 3505 0 0
4095 1 0 0 0 0 0 0 4080 16 0 0 0 0 0 0 4058 38 0 0 0 0 0 0
4096 0 0 0 0 0 0 0 4095 1 0 0 0 0 0 0 4090 6 0 0 0 0 0 0
4090 5 0 0 1 0 0 0 4088 6 1 0 1 0 0 0 4081 11 3 0 0 1 0 0
4077 16 1 1 1 0 0 0 4051 39 3 2 1 0 0 0 4011 78 4 1 2 0 0 0
786 78 16 18 19 12 18 3149 849 52 15 16 18 16 2200 930 773 121 12 21 15 23 3051 80
0 0 0 0 0 0 0 4096 0 0 0 0 0 0 3723 373 0 0 0 0 0 538 3558 0
0 0 0 0 0 0 0 4096 0 0 0 0 0 0 4053 43 0 0 0 0 0 6 4090 0
0 0 0 0 0 0 0 4096 0 0 0 0 0 0 3394 702 0 0 0 0 0 106 3990 0
0 0 0 0 0 0 0 4096 0 0 0 0 0 0 1706 2390 0 0 0 0 0 0 4096 0
0 0 0 0 0 0 0 4096 0 0 0 0 0 0 1761 2335 0 0 0 0 0 0 4096 0
0 0 0 0 0 0 0 4096 0 0 0 0 0 0 2912 1184 0 0 0 0 0 0 4096 0
0 0 0 0 0 0 0 4096 0 0 0 0 0 0 4023 73 0 0 0 0 0 0 4096 0
0 0 0 0 0 0 0 4096 0 0 0 0 0 0 3985 111 0 0 0 0 0 0 4096 0
0 0 0 0 0 0 0 4096 0 0 0 0 0 0 4096 0 0 0 0 0 0 33 4063 0
0 0 0 0 0 0 1178 2918 0 0 0 0 0 999 3097 0 0 0 0 0 0 1448 2648 0
0 0 0 0 0 0 1781 2315 0 0 0 0 0 1625 2471 0 0 0 0 0 0 3217 879 0
0 0 0 0 0 0 134 3962 0 0 0 0 0 113 3983 0 0 0 0 0 0 3293 803 0
0 0 0 0 0 0 0 4096 0 0 0 0 0 378 3718 0 0 0 0 0 0 4011 85 0
0 0 0 0 0 0 86 4010 0 0 0 0 0 1363 2733 0 0 0 0 0 0 4096 0 0
0 0 0 0 0 0 615 3481 0 0 0 0 0 2025 2071 0 0 0 0 0 0 4096 0 0
0 0 0 0 0 0 717 3379 0 0 0 0 0 3493 603 0 0 0 0 0 0 4096 0 0
0 0 0 0 0 0 2370 1726 0 0 0 0 0 4042 54 0 0 0 0 0 0 4096 0 0
0 0 0 0 0 716 3344 36 0 0 0 0 333 3763 0 0 0 0 0 0 0 4096 0 0
0 0 0 0 501 3229 366 0 0 0 0 0 2920 1176 0 0 0 0 0 0 4 4092 0 0
0 0 0 199 2163 1734 0 0 0 0 0 55 3925 116 0 0 0 0 0 0 42 4054 0 0
4095 1 0 0 0 0 0 0 4095 1 0 0 0 0 0 0 4090 6 0 0 0 0 0 0
4062 24 4 2 3 1 0 0 4009 76 5 2 2 2 0 0 3988 92 7 3 3 2 1 0
4036 54 3 2 1 0 0 0 4008 77 8 1 2 0 0 0 3953 120 19 1 3 0 0 0
4095 1 0 0 0 0 0 0 4078 18 0 0 0 0 0 0 4079 17 0 0 0 0 0 0
1784 54 27 16 10 20 17 2168 1839 42 13 19 13 16 1944 210 1784 86 16 16 19 17 2105 53
0 0 0 0 0 0 0 4096 0 0 0 0 0 0 4095 1 0 0 0 0 0 207 3889 0
0 0 0 0 0 0 0 4096 0 0 0 0 0 0 4081 15 0 0 0 0 0 2 4094 0
0 0 0 0 0 0 0 4096 0 0 0 0 0 0 3898 198 0 0 0 0 0 0 4096 0
0 0 0 0 0 0 0 4096 0 0 0 0 0 0 4060 36 0 0 0 0 0 0 4096 0
0 0 0 0 0 0 0 4096 0 0 0 0 0 0 3980 116 0 0 0 0 0 5 4091 0
0 0 0 0 0 0 0 4096 0 0 0 0 0 0 3972 124 0 0 0 0 0 0 4096 0
0 0 0 0 0 0 0 4096 0 0 0 0 0 0 4080 16 0 0 0 0 0 0 4096 0
0 0 0 0 0 0 0 4096 0 0 0 0 0 0 4091 5 0 0 0 0 0 0 4096 0
0 0 0 0 0 0 0 4096 0 0 0 0 0 0 4096 0 0 0 0 0 0 25 4071 0
0 0 0 0 0 0 0 4096 0 0 0 0 0 0 4096 0 0 0 0 0 0 30 4066 0
0 0 0 0 0 0 0 4096 0 0 0 0 0 0 4096 0 0 0 0 0 0 523 3573 0
0 0 0 0 0 0 0 4096 0 0 0 0 0 0 4096 0 0 0 0 0 0 2033 2063 0
0 0 0 0 0 0 0 4096 0 0 0 0 0 0 4096 0 0 0 0 0 0 1591 2505 0
0 0 0 0 0 0 108 3988 0 0 0 0 0 606 3490 0 0 0 0 0 0 4078 18 0
0 0 0 0 0 0 529 3567 0 0 0 0 0 1786 2310 0 0 0 0 0 0 4096 0 0
0 0 0 0 0 0 964 3132 0 0 0 0 0 3179 917 0 0 0 0 0 0 4096 0 0
0 0 0 0 0 22 1999 2075 0 0 0 0 19 4035 42 0 0 0 0 0 3 4093 0 0
0 0 0 0 76 889 3047 84 0 0 0 0 574 3522 0 0 0 0 0 0 58 4038 0 0
0 0 0 26 956 2630 484 0 0 0 0 2 2701 1393 0 0 0 0 0 0 30 4066 0 0
0 0 198 619 2947 332 0 0 0 0 0 346 3750 0 0 0 0 0 0 0 222 3874 0 0
4086 7 3 0 0 0 0 0 4077 14 5 0 0 0 0 0 4070 21 5 0 0 0 0 0
4095 1 0 0 0 0 0 0 4082 14 0 0 0 0 0 0 4077 19 0 0 0 0 0 0
4086 10 0 0 0 0 0 0 4044 51 1 0 0 0 0 0 3985 106 5 0 0 0 0 0
4064 31 1 0 0 0 0 0 4032 63 1 0 0 0 0 0 3995 97 4 0 0 0 0 0
2632 58 29 15 12 15 15 1320 2680 49 21 10 14 17 955 350 2664 59 18 18 14 18 1282 23
0 0 0 0 0 0 0 4096 0 0 0 0 0 0 4011 85 0 0 0 0 0 257 3839 0
0 0 0 0 0 0 0 4096 0 0 0 0 0 0 4087 9 0 0 0 0 0 179 3917 0
0 0 0 0 0 0 0 4096 0 0 0 0 0 0 4096 0 0 0 0 0 0 12 4084 0
0 0 0 0 0 0 0 4096 0 0 0 0 0 0 4096 0 0 0 0 0 0 0 4096 0
0 0 0 0 0 0 0 4096 0 0 0 0 0 0 4096 0 0 0 0 0 0 10 4086 0
0 0 0 0 0 0 0 4096 0 0 0 0 0 0 4096 0 0 0 0 0 0 121 3975 0
0 0 0 0 0 0 0 4096 0 0 0 0 0 0 4093 3 0 0 0 0 0 79 4017 0
0 0 0 0 0 0 0 4096 0 0 0 0 0 0 4094 2 0 0 0 0 0 52 4044 0
0 0 0 0 0 0 0 4096 0 0 0 0 0 0 4096 0 0 0 0 0 0 1 4095 0
0 0 0 0 0 0 0 4096 0 0 0 0 0 0 4096 0 0 0 0 0 0 446 3650 0
0 0 0 0 0 0 0 4096 0 0 0 0 0 0 4096 0 0 0 0 0 0 1566 2530 0
0 0 0 0 0 0 0 4096 0 0 0 0 0 0 4096 0 0 0 0 0 0 1673 2423 0
0 0 0 0 0 0 17 4079 0 0 0 0 0 764 3332 0 0 0 0 0 0 3570 526 0
0 0 0 0 0 0 943 3153 0 0 0 0 0 1904 2192 0 0 0 0 0 0 4058 38 0
0 0 0 0 0 0 2808 1288 0 0 0 0 0 3509 587 0 0 0 0 0 0 4096 0 0
0 0 0 0 0 574 3433 89 0 0 0 0 459 3636 1 0 0 0 0 0 6 4090 0 0
0 0 0 0 270 2585 1232 9 0 0 0 0 2485 1611 0 0 0 0 0 0 204 3892 0 0
0 0 0 0 1454 2634 8 0 0 0 0 3 3995 98 0 0 0 0 0 0 926 3170 0 0
0 0 0 157 1676 2263 0 0 0 0 0 256 3835 5 0 0 0 0 0 0 1333 2763 0 0
0 0 33 412 2137 1514 0 0 0 0 0 166 3930 0 0 0 0 0 0 0 1184 2912 0 0
4094 2 0 0 0 0 0 0 4090 6 0 0 0 0 0 0 4085 11 0 0 0 0 0 0
4076 18 1 1 0 0 0 0 4031 63 1 1 0 0 0 0 4032 62 1 1 0 0 0 0
4058 32 5 0 1 0 0 0 4011 77 5 2 1 0 0 0 3982 104 7 2 1 0 0 0
4096 0 0 0 0 0 0 0 4094 2 0 0 0 0 0 0 4087 9 0 0 0 0 0 0
4043 9 3 1 3 6 1 30 4044 9 3 1 3 5 11 20 4034 18 3 2 3 5 20 11
3271 105 17 12 15 9 8 659 3231 148 17 15 14 5 436 230 3182 194 22 13 16 6 601 62
3085 68 10 11 14 16 13 879 3059 97 11 11 19 13 757 129 3021 135 11 12 20 15 824 58
2095 85 21 14 7 21 36 1817 2050 131 27 10 17 26 1586 249 1979 197 32 10 20 44 1736 78
859 143 20 17 18 14 18 3007 798 210 23 22 11 22 2499 511 620 379 29 19 16 22 2914 97
224 43 6 13 7 5 9 3789 217 49 10 13 4 6 3701 96 168 89 19 13 6 898 2864 39
0 0 0 0 0 0 0 4096 0 0 0 0 0 2 4094 0 0 0 0 0 0 2436 1660 0
0 0 0 0 0 0 0 4096 0 0 0 0 0 0 4096 0 0 0 0 0 0 2705 1391 0
0 0 0 0 0 0 0 4096 0 0 0 0 0 0 4096 0 0 0 0 0 0 2633 1463 0
0 0 0 0 0 0 0 4096 0 0 0 0 0 0 4096 0 0 0 0 0 0 2513 1583 0
0 0 0 0 0 0 176 3920 0 0 0 0 0 55 4041 0 0 0 0 0 0 3743 353 0
0 0 0 0 0 0 1079 3017 0 0 0 0 0 965 3131 0 0 0 0 0 0 4088 8 0
539 18 13 11 13 15 652 2835 1 360 200 17 18 629 2868 3 0 1 29 534 21 3435 68 8
1301 25 14 19 14 12 384 2327 0 808 522 27 15 666 2055 3 0 0 16 1320 29 2647 74 10
1301 24 14 9 16 20 1482 1230 0 917 412 14 21 1974 758 0 0 0 477 851 22 2670 73 3
1421 20 13 14 16 17 2458 137 68 1220 161 18 18 2555 56 0 0 197 942 317 16 2559 64 1
1395 22 22 18 21 355 2262 1 622 781 25 30 122 2489 27 0 1 1136 272 29 35 2566 56 1
1915 47 31 34 30 1808 231 0 1365 563 56 37 1278 793 4 0 0 1744 201 50 51 2024 24 2
1950 16 14 13 160 1935 8 0 1361 604 13 13 1845 260 0 0 39 1892 36 14 89 2010 16 0
1887 18 14 13 137 2027 0 0 1484 415 18 13 2126 40 0 0 146 1737 22 16 257 1916 2 0
1828 16 20 123 1944 165 0 0 1764 77 16 52 2186 1 0 0 702 1121 18 21 1690 544 0 0
4096 0 0 0 0 0 0 0 4096 0 0 0 0 0 0 0 4094 2 0 0 0 0 0 0
4096 0 0 0 0 0 0 0 4096 0 0 0 0 0 0 0 4092 4 0 0 0 0 0 0
4096 0 0 0 0 0 0 0 4093 3 0 0 0 0 0 0 4064 32 0 0 0 0 0 0
4047 49 0 0 0 0 0 0 3872 223 1 0 0 0 0 0 3602 443 51 0 0 0 0 0
3695 317 71 13 0 0 0 0 3273 666 128 28 1 0 0 0 2321 1315 335 97 28 0 0 0
3588 404 89 14 1 0 0 0 3177 735 153 30 1 0 0 0 2439 1182 367 90 18 0 0 0
3601 316 129 44 6 0 0 0 3300 545 188 56 7 0 0 0 2780 857 293 132 33 1 0 0
3457 491 123 23 2 0 0 0 3066 809 184 35 2 0 0 0 2531 1091 371 94 9 0 0 0
3400 374 170 97 42 7 6 0 2874 908 182 86 36 10 0 0 2064 1600 234 126 51 17 4 0
2859 516 157 84 28 14 5 433 2519 825 192 84 32 7 398 39 1914 1298 275 109 51 38 386 25
1221 189 30 39 131 471 338 1677 1149 254 42 54 356 533 1677 31 1018 343 69 48 357 2024 226 11
1324 206 69 60 163 318 291 1665 1299 237 70 71 263 448 1688 20 1180 335 73 68 261 1988 181 10
672 173 40 68 174 517 551 1901 676 178 41 98 392 779 1926 6 616 227 42 93 391 2543 181 3
221 194 103 125 329 704 565 1855 244 195 90 169 639 821 1927 11 271 181 75 131 619 2632 181 6
172 136 122 227 558 831 394 1656 178 159 127 238 905 777 1707 5 177 160 118 163 790 2536 146 6
334 298 265 334 481 718 533 1133 206 330 346 332 780 788 1291 23 190 177 246 405 763 2131 161 23
1288 697 399 218 365 508 585 36 292 1146 911 303 542 846 54 2 343 266 247 1537 710 937 54 2
1451 477 245 270 470 607 536 40 309 1293 553 336 678 870 57 0 185 254 887 1000 704 1008 57 1
996 714 484 359 547 617 213 166 187 1207 741 478 785 502 154 42 139 400 1409 478 766 744 154 6
1340 454 422 488 572 665 97 58 576 1011 510 607 1006 301 76 9 44 1112 723 451 968 720 73 5
1726 170 304 435 847 575 35 4 1235 685 291 549 1207 113 15 1 121 1773 230 299 1133 521 17 2
1668 353 390 496 656 269 169 95 1496 517 353 701 702 272 52 3 500 1516 276 430 990 332 52 0
1290 454 851 965 230 106 162 38 1164 497 726 1139 369 187 13 1 415 1226 451 752 1072 163 16 1
1297 915 1196 465 77 68 77 1 1098 572 1237 1017 119 53 0 0 644 846 622 1195 754 34 1 0
1598 1448 736 76 54 165 19 0 1143 822 1535 396 192 8 0 0 837 628 908 1335 384 4 0 0
4048 38 8 2 0 0 0 0 4029 51 13 3 0 0 0 0 3974 88 28 5 1 0 0 0
3977 112 7 0 0 0 0 0 3840 245 11 0 0 0 0 0 3534 486 74 2 0 0 0 0
3885 181 21 9 0 0 0 0 3806 231 46 10 3 0 0 0 3618 319 116 28 13 2 0 0
3659 313 104 19 1 0 0 0 3572 367 134 19 4 0 0 0 3403 435 197 53 8 0 0 0
2221 849 588 319 92 25 2 0 2086 854 668 359 106 23 0 0 1796 781 772 467 220 58 2 0
1544 803 815 607 238 77 11 1 1403 833 867 650 263 71 8 1 1161 680 866 793 457 118 20 1
1301 632 625 719 588 212 17 2 1223 709 695 772 570 120 6 1 1078 616 641 803 667 269 20 2
1951 638 392 382 430 233 60 10 1957 692 452 446 369 158 21 1 1965 711 438 384 389 182 26 1
3030 407 201 140 118 109 76 15 3066 420 210 164 124 91 18 3 3042 434 232 169 129 73 16 1
1821 248 185 213 366 660 572 31 1803 277 211 296 603 828 76 2 1765 281 209 256 615 904 65 1
2670 529 346 204 115 80 116 36 2743 563 336 183 95 135 41 0 2836 595 285 137 76 145 22 0
2317 689 468 254 152 108 82 26 2419 748 433 232 146 87 31 0 2516 789 371 200 113 92 15 0
2547 466 300 242 218 149 99 75 2636 495 313 289 169 113 65 16 2700 532 345 226 119 115 45 14
1727 569 316 242 206 141 396 499 1845 576 350 237 165 464 444 15 2023 536 312 192 153 785 86 9
1105 628 527 369 272 206 844 145 1229 693 529 368 234 855 184 4 1482 662 447 276 218 924 86 1
1224 383 285 211 210 295 1411 77 1290 404 290 219 276 1469 145 3 1332 405 250 211 271 1510 115 2
1226 740 544 352 308 258 588 80 1383 809 539 358 248 645 112 2 1668 731 435 289 230 680 62 1
1512 607 477 416 432 357 265 30 1655 646 471 452 414 388 67 3 1880 567 405 376 349 445 69 5
1000 804 743 588 439 330 177 15 1220 915 773 535 374 248 31 0 1618 893 652 387 260 251 35 0
1844 792 551 387 292 180 44 6 1997 788 585 344 301 73 8 0 2285 656 472 311 234 131 7 0
1276 703 662 531 546 273 87 18 1463 785 717 522 493 106 10 0 1724 808 657 406 337 160 4 0
1617 767 388 785 470 55 11 3 1677 819 353 748 480 13 6 0 1860 691 320 205 935 78 7 0
1137 822 613 1167 257 81 16 3 1261 869 615 1101 216 30 3 1 1545 771 480 308 959 29 3 1
1292 895 796 808 230 59 14 2 1375 983 717 829 171 18 3 0 1606 988 494 342 649 14 3 0
1218 956 993 821 92 11 5 0 1266 891 954 925 53 6 1 0 1363 863 593 673 599 4 1 0
4096 0 0 0 0 0 0 0 4096 0 0 0 0 0 0 0 4096 0 0 0 0 0 0 0
4096 0 0 0 0 0 0 0 4096 0 0 0 0 0 0 0 4096 0 0 0 0 0 0 0
4025 54 13 3 1 0 0 0 4022 57 13 3 1 0 0 0 4026 53 13 3 1 0 0 0
2872 640 364 171 31 14 4 0 2876 669 345 162 32 9 3 0 2837 672 361 168 44 11 3 0
1205 618 690 679 518 307 72 7 1251 645 728 712 525 200 35 0 1178 570 680 739 606 274 49 0
950 831 864 733 477 221 20 0 1140 906 854 634 424 135 3 0 1304 896 680 561 443 201 11 0
2031 644 533 376 309 153 49 1 2129 676 522 386 256 115 12 0 2098 704 498 342 297 131 25 1
1993 404 341 291 429 360 237 41 2052 428 349 383 457 344 82 1 1920 535 358 374 473 354 81 1
1723 711 482 349 286 245 239 61 1874 692 483 358 295 293 95 6 1902 716 451 357 307 287 73 3
2360 477 352 194 141 146 386 40 2471 493 342 181 143 394 70 2 2563 524 294 132 158 392 33 0
1923 562 359 257 243 357 352 43 2045 572 370 237 327 460 85 0 2206 512 316 214 298 495 55 0
1615 607 488 426 400 326 165 69 1781 634 525 464 399 217 69 7 1938 665 450 398 387 196 59 3
1729 733 504 386 292 276 129 47 1979 729 508 372 285 177 44 2 2182 697 482 341 227 147 20 0
2098 637 419 316 247 153 179 47 2297 657 406 300 194 179 59 4 2468 642 387 248 148 158 43 2
1057 429 292 230 315 1099 642 32 1141 439 319 274 538 1333 51 1 1231 408 303 218 535 1355 45 1
1034 530 501 471 438 695 394 33 1177 618 561 491 493 695 59 2 1308 689 519 412 397 715 55 1
1234 732 548 392 387 366 377 60 1468 773 556 395 417 411 73 3 1647 774 527 368 318 421 41 0
1524 539 479 389 318 445 347 55 1700 632 507 363 379 449 58 8 1909 665 456 349 278 396 40 3
1956 766 357 262 156 468 124 7 2190 696 350 201 361 278 20 0 2407 632 273 166 229 369 20 0
1622 775 528 395 365 298 98 15 1878 805 521 380 376 126 8 2 2335 657 447 291 234 127 4 1
1055 669 677 565 577 323 185 45 1299 815 709 539 522 180 30 2 1651 837 618 436 412 134 8 0
1372 823 710 703 292 143 47 6 1591 886 687 627 225 65 15 0 1691 876 665 413 386 54 11 0
1167 656 1469 677 103 16 7 1 1256 607 1146 1019 57 8 2 1 1301 609 347 1047 781 8 2 1
211 633 2482 684 74 11 1 0 236 243 2537 1025 49 6 0 0 303 224 212 2656 691 10 0 0
87 1317 2003 610 52 23 4 0 135 441 2151 1326 39 4 0 0 239 299 264 2541 751 1 1 0
3101 529 284 132 41 5 3 1 3195 522 258 101 13 6 0 1 3200 545 251 83 10 5 1 1
3065 454 297 163 81 31 5 0 3156 465 261 150 52 11 1 0 3139 493 264 149 40 10 1 0
2599 806 436 166 61 24 3 1 2730 793 391 124 46 10 1 1 2638 868 401 140 35 12 1 1
3163 469 275 112 53 12 11 1 3252 467 241 88 32 9 6 1 3257 512 214 71 27 11 4 0
2719 763 361 145 67 30 9 2 2936 695 287 108 47 20 3 0 3088 620 240 90 43 12 3 0
3374 348 201 101 39 21 9 3 3452 367 164 69 27 13 4 0 3525 349 135 51 27 6 3 0
3649 314 85 25 17 4 2 0 3698 292 74 23 7 2 0 0 3638 358 79 18 3 0 0 0
3885 202 8 1 0 0 0 0 3900 188 8 0 0 0 0 0 3821 263 10 2 0 0 0 0
2698 287 262 191 169 432 54 3 2790 307 252 173 307 255 12 0 2860 301 200 148 228 333 26 0
2122 598 338 204 188 525 109 12 2244 574 320 189 354 384 25 6 2355 554 279 147 245 485 30 1
2731 321 218 186 253 349 30 8 2834 309 216 160 388 175 13 1 2868 325 204 122 218 338 20 1
2813 576 271 184 125 64 41 22 2994 516 239 178 90 61 18 0 3010 541 242 169 87 45 2 0
3585 315 117 56 16 4 3 0 3656 295 89 44 6 5 1 0 3681 302 72 29 7 5 0 0
2055 758 565 340 190 101 67 20 2304 827 530 242 118 58 15 2 2717 770 337 156 82 26 8 0
1912 615 454 404 310 247 131 23 2186 617 472 400 300 105 16 0 2361 656 461 359 208 47 4 0
2275 574 391 346 314 158 32 6 2490 580 420 294 242 61 8 1 2633 610 377 235 162 75 3 1
1067 462 305 332 1280 543 81 26 1220 468 292 404 1468 220 23 1 1348 458 258 183 1348 489 12 0
2140 709 427 367 244 149 46 14 2364 688 389 381 187 71 14 2 2647 600 295 229 263 58 4 0
1579 351 797 750 509 84 16 10 1675 388 715 881 391 35 11 0 1780 427 258 626 928 75 2 0
983 788 647 798 707 116 42 15 1290 801 613 850 474 53 13 2 1733 709 434 317 838 56 9 0
2368 911 451 214 85 29 24 14 2710 806 356 137 41 30 9 7 3169 590 211 70 30 15 8 3
2488 721 409 211 125 88 44 10 2714 717 336 174 110 39 5 1 3106 552 233 126 61 17 1 0
3278 439 215 106 48 8 2 0 3382 404 199 76 31 4 0 0 3392 412 190 78 21 2 1 0
1272 1793 950 72 8 1 0 0 1089 1230 1624 148 4 1 0 0 1046 151 678 2176 44 1 0 0
1122 2715 259 0 0 0 0 0 223 2403 1467 3 0 0 0 0 110 195 1907 1882 2 0 0 0
3428 414 190 51 11 1 0 1 3525 394 142 28 5 1 0 1 3523 411 128 26 6 1 0 1
3430 461 169 30 5 1 0 0 3504 429 139 20 3 1 0 0 3412 500 153 27 3 1 0 0
3808 218 59 11 0 0 0 0 3851 188 50 7 0 0 0 0 3795 240 54 7 0 0 0 0
3906 174 14 1 1 0 0 0 3929 156 10 0 1 0 0 0 3828 249 18 0 1 0 0 0
3668 273 94 37 21 3 0 0 3709 280 75 26 5 1 0 0 3586 398 92 16 3 1 0 0
3500 181 167 125 68 34 17 4 3591 205 143 92 42 19 3 1 3620 233 127 74 29 11 1 1
3648 273 85 41 32 12 5 0 3727 228 72 44 18 4 3 0 3710 242 83 42 12 6 1 0
3221 315 213 123 85 85 37 17 3346 299 201 104 82 40 23 1 3328 356 201 102 74 27 8 0
1825 440 470 665 545 116 29 6 2019 430 386 734 457 63 7 0 2087 422 286 334 839 121 7 0
1427 172 766 1161 524 29 5 12 1453 157 433 1486 519 36 4 8 1384 208 117 559 1688 123 10 7
1368 221 513 1260 682 52 0 0 1394 199 365 1496 611 31 0 0 1380 189 55 544 1754 173 1 0
3490 422 65 46 30 17 19 7 3692 252 70 39 20 16 7 0 3814 169 54 27 21 9 2 0
2773 476 454 154 102 62 44 31 2974 341 412 192 88 54 24 11 3036 293 139 343 220 45 15 5
2040 471 1188 264 64 39 20 10 2148 306 1100 459 51 21 9 2 2219 260 148 976 471 18 3 1
3533 263 110 64 36 34 39 17 3603 181 159 52 35 47 17 2 3585 199 103 125 40 34 9 1
3370 382 135 91 55 40 17 6 3512 297 155 66 42 17 7 0 3619 279 109 64 17 8 0 0
2358 642 486 280 185 106 31 8 2652 653 401 224 120 36 10 0 2929 636 309 143 62 13 4 0
2997 438 231 151 113 86 63 17 3156 407 204 144 104 62 17 2 3227 414 194 140 74 38 9 0
1435 780 1198 578 88 15 1 1 1466 669 1264 644 48 4 1 0 1453 155 575 1640 267 5 1 0
948 1744 1271 112 19 2 0 0 994 1357 1627 108 9 1 0 0 977 229 1337 1512 38 3 0 0
2795 927 224 97 33 15 5 0 2913 872 223 63 19 6 0 0 2989 283 693 114 14 3 0 0
2391 509 408 324 220 148 75 21 2614 514 425 284 156 78 20 5 2777 567 397 196 107 44 6 2
3021 505 194 127 111 68 45 25 2995 623 200 126 78 52 21 1 2972 347 526 150 65 32 4 0
1431 2491 169 5 0 0 0 0 669 3048 371 8 0 0 0 0 484 261 3036 311 4 0 0 0
2141 1897 57 1 0 0 0 0 118 3815 162 1 0 0 0 0 14 203 3719 159 1 0 0 0
3612 394 66 15 7 2 0 0 3699 330 53 7 7 0 0 0 3705 329 47 9 6 0 0 0
3486 484 108 17 1 0 0 0 3612 403 73 7 1 0 0 0 3639 396 52 9 0 0 0 0
3915 133 33 13 1 1 0 0 3949 103 33 9 1 1 0 0 3931 123 31 9 1 1 0 0
4061 31 2 1 0 1 0 0 4069 25 0 1 1 0 0 0 4058 36 0 1 1 0 0 0
3880 173 30 11 2 0 0 0 3924 141 22 8 1 0 0 0 3874 181 30 9 2 0 0 0
3680 309 106 1 0 0 0 0 3657 287 149 3 0 0 0 0 3530 171 193 202 0 0 0 0
2276 1029 701 79 8 1 1 1 2272 736 993 87 6 0 2 0 2166 245 458 1178 44 3 2 0
2473 422 975 207 19 0 0 0 2468 295 1111 209 13 0 0 0 2410 138 238 1199 106 5 0 0
1772 972 931 306 99 16 0 0 1748 707 1261 300 70 10 0 0 1699 92 666 1403 213 22 1 0
19 1054 2751 223 46 3 0 0 15 694 3006 329 49 3 0 0 12 7 537 3221 300 18 1 0
4 1114 2675 297 6 0 0 0 1 796 2892 399 8 0 0 0 0 6 732 3050 302 6 0 0
836 1519 1237 339 91 41 23 10 928 1121 1614 331 61 25 15 1 975 313 896 1705 172 31 2 2
594 2486 962 43 10 1 0 0 615 2007 1411 60 3 0 0 0 609 78 1419 1940 50 0 0 0
2 2965 1101 25 3 0 0 0 0 2321 1723 48 4 0 0 0 0 0 1974 2066 53 2 1 0
227 3464 399 5 0 0 1 0 220 3023 842 10 0 0 1 0 166 90 2534 1289 16 0 0 1
440 2744 252 155 137 153 116 99 499 2351 724 146 157 116 75 28 494 268 1925 1137 149 83 38 2
1714 1665 252 108 103 122 69 63 1768 1566 373 123 120 69 59 18 1704 330 1450 391 112 67 35 7
2561 1387 125 14 9 0 0 0 2224 1733 113 16 10 0 0 0 1907 514 1601 58 13 3 0 0
1328 1736 936 95 1 0 0 0 975 2299 784 38 0 0 0 0 651 800 2402 240 3 0 0 0
1594 1979 413 101 9 0 0 0 1072 2553 402 65 4 0 0 0 0 1360 2490 226 20 0 0 0
616 3445 34 1 0 0 0 0 353 3691 51 1 0 0 0 0 33 484 3534 44 1 0 0 0
939 2968 121 33 21 11 2 1 722 3226 102 21 20 3 2 0 610 903 2524 42 14 3 0 0
1730 696 550 449 311 206 101 53 1973 783 560 365 229 126 50 10 2164 768 568 307 193 67 27 2
2725 543 326 201 144 98 47 12 2567 875 248 200 118 65 18 5 2079 1010 603 216 116 55 15 2
3968 128 0 0 0 0 0 0 3296 800 0 0 0 0 0 0 0 3495 601 0 0 0 0 0
3920 122 34 11 4 2 2 1 3949 105 26 10 2 2 1 1 3956 98 26 10 3 1 2 0
3512 234 174 116 51 8 1 0 3603 240 143 91 16 2 1 0 3621 229 141 88 16 0 1 0
2465 539 439 342 215 68 26 2 2683 532 444 260 126 42 8 1 2654 579 451 257 114 35 6 0
2384 631 480 316 167 89 25 4 2644 598 427 240 118 58 7 4 2565 661 437 253 126 47 5 2
3674 246 96 41 23 10 6 0 3721 239 69 43 11 10 3 0 3614 262 144 43 21 10 2 0
2159 1196 333 195 91 55 38 29 2265 1238 310 131 66 41 30 15 1940 900 930 186 67 35 27 11
1319 2509 237 22 8 0 0 1 1241 2365 470 14 5 0 0 1 922 450 1962 754 7 0 0 1
152 2823 1093 27 1 0 0 0 144 2603 1323 26 0 0 0 0 4 236 2619 1225 12 0 0 0
540 2857 605 88 6 0 0 0 357 2805 876 55 3 0 0 0 0 486 2614 980 16 0 0 0
263 2426 1350 55 2 0 0 0 168 2451 1415 60 2 0 0 0 0 478 2453 1130 35 0 0 0
484 2069 1400 141 2 0 0 0 363 2244 1419 70 0 0 0 0 0 574 2585 920 17 0 0 0
609 3099 379 8 0 1 0 0 438 3091 557 9 0 1 0 0 0 725 2828 538 4 1 0 0
158 3542 378 16 2 0 0 0 102 3567 416 10 1 0 0 0 0 694 3171 227 3 1 0 0
215 2710 562 264 119 87 79 60 326 2830 520 186 89 82 50 13 312 744 2624 237 98 53 27 1
663 2371 474 251 132 90 65 50 783 2444 440 196 100 69 40 24 658 744 2221 254 111 67 30 11
1110 1607 622 282 219 133 81 42 1531 1535 485 242 162 94 36 11 957 1826 843 259 131 60 19 1
2940 703 179 98 73 49 27 27 3057 654 167 89 61 31 27 10 1970 1573 334 101 61 27 26 4
2981 1058 56 1 0 0 0 0 2683 1372 40 1 0 0 0 0 16 3241 821 18 0 0 0 0
2597 1290 194 15 0 0 0 0 2302 1653 129 12 0 0 0 0 31 3132 884 44 5 0 0 0
3808 281 6 1 0 0 0 0 3536 551 8 1 0 0 0 0 17 3774 300 4 1 0 0 0
3163 930 2 1 0 0 0 0 2769 1324 2 1 0 0 0 0 74 3323 696 2 1 0 0 0
2106 1865 121 4 0 0 0 0 2042 1998 54 2 0 0 0 0 11 3296 770 17 2 0 0 0
3326 713 44 10 1 2 0 0 3392 664 31 6 2 1 0 0 1514 2361 207 11 3 0 0 0
4022 46 19 7 1 0 1 0 4025 49 16 4 1 0 1 0 1396 2676 17 5 1 0 1 0
4089 7 0 0 0 0 0 0 4083 12 1 0 0 0 0 0 36 4054 6 0 0 0 0 0
3036 621 308 98 17 5 3 8 3258 553 203 56 11 5 2 8 3245 563 202 63 10 3 4 6
2692 801 388 169 37 8 1 0 2950 724 304 98 16 4 0 0 2855 788 329 101 19 4 0 0
2596 775 443 201 62 16 2 1 2854 705 364 125 42 4 1 1 2726 780 404 137 40 7 1 1
3029 545 288 137 67 22 6 2 3208 486 230 110 44 12 5 1 3060 588 267 119 44 13 5 0
2860 765 245 121 70 24 6 5 2984 738 215 94 45 13 5 2 2632 691 568 133 48 16 6 2
2212 1691 116 42 20 13 0 2 1761 2173 100 35 17 8 1 1 660 1351 1985 66 20 12 0 2
2090 1941 61 1 2 0 0 1 1843 2197 52 1 2 0 0 1 15 2242 1784 51 1 2 0 1
1762 2034 295 3 0 2 0 0 1691 2151 249 3 0 2 0 0 9 2280 1645 158 2 0 2 0
604 2970 517 5 0 0 0 0 759 3030 303 4 0 0 0 0 0 2106 1925 65 0 0 0 0
2211 1560 268 48 7 2 0 0 2125 1658 265 41 5 1 1 0 5 2749 1150 161 25 4 2 0
1334 2447 297 15 2 0 1 0 1343 2556 182 11 3 0 1 0 17 2338 1652 81 6 1 0 1
592 2862 640 2 0 0 0 0 752 3130 212 2 0 0 0 0 33 2750 1285 28 0 0 0 0
35 2985 1064 11 1 0 0 0 200 3698 191 6 1 0 0 0 3 2884 1195 13 1 0 0 0
1474 1732 648 165 49 19 7 2 1880 1697 400 78 24 12 4 1 576 2771 618 102 17 10 2 0
3480 486 61 27 15 18 3 6 3546 444 50 24 18 7 5 2 972 2906 157 27 24 5 5 0
3201 865 27 3 0 0 0 0 3270 804 19 3 0 0 0 0 308 3633 146 9 0 0 0 0
3738 345 13 0 0 0 0 0 3818 270 8 0 0 0 0 0 735 3312 47 2 0 0 0 0
4025 69 1 1 0 0 0 0 4010 84 1 1 0 0 0 0 1229 2853 13 1 0 0 0 0
3630 442 24 0 0 0 0 0 3748 328 20 0 0 0 0 0 936 3092 61 7 0 0 0 0
3656 428 8 4 0 0 0 0 3770 314 8 4 0 0 0 0 1028 3035 26 5 2 0 0 0
3755 329 11 1 0 0 0 0 3818 267 10 1 0 0 0 0 1361 2688 41 6 0 0 0 0
3969 125 2 0 0 0 0 0 4000 94 2 0 0 0 0 0 745 3340 11 0 0 0 0 0
3771 322 3 0 0 0 0 0 3852 240 3 1 0 0 0 0 795 3265 35 1 0 0 0 0
3945 136 15 0 0 0 0 0 3950 140 6 0 0 0 0 0 1784 2281 31 0 0 0 0 0
4046 45 5 0 0 0 0 0 4044 47 5 0 0 0 0 0 1838 2242 14 2 0 0 0 0
