0 0 0 0 625 3471 0 0 0 0 0 0 0 0 4042 54 0 0 0 0 0 0 0 4096
0 0 0 0 190 3906 0 0 0 0 0 0 0 0 3903 193 0 0 0 0 0 0 0 4096
0 0 0 0 97 3999 0 0 0 0 0 0 0 0 3904 192 0 0 0 0 0 0 0 4096
0 0 0 0 128 3968 0 0 0 0 0 0 0 0 3996 100 0 0 0 0 0 0 0 4096
0 0 0 0 98 3998 0 0 0 0 0 0 0 0 3991 105 0 0 0 0 0 0 0 4096
0 0 0 0 142 3954 0 0 0 0 0 0 0 0 3937 159 0 0 0 0 0 0 0 4096
0 0 0 0 130 3966 0 0 0 0 0 0 0 0 3964 132 0 0 0 0 0 0 0 4096
0 0 0 0 160 3936 0 0 0 0 0 0 0 0 3971 125 0 0 0 0 0 0 0 4096
0 0 0 0 228 3868 0 0 0 0 0 0 0 0 4047 49 0 0 0 0 0 0 0 4096
0 0 0 0 419 3677 0 0 0 0 0 0 0 0 4073 23 0 0 0 0 0 0 0 4096
0 0 0 0 761 3335 0 0 0 0 0 0 0 0 4087 9 0 0 0 0 0 0 0 4096
0 0 0 0 1110 2986 0 0 0 0 0 0 0 0 4095 1 0 0 0 0 0 0 0 4096
0 0 0 0 1776 2320 0 0 0 0 0 0 0 0 4096 0 0 0 0 0 0 0 0 4096
0 0 0 0 2282 1814 0 0 0 0 0 0 0 0 4096 0 0 0 0 0 0 0 0 4096
0 0 0 0 2638 1458 0 0 0 0 0 0 0 1 4095 0 0 0 0 0 0 0 0 4096
0 0 0 0 3370 726 0 0 0 0 0 0 0 22 4074 0 0 0 0 0 0 0 0 4096
0 0 0 0 3919 177 0 0 0 0 0 0 0 77 4019 0 0 0 0 0 0 0 0 4096
0 0 0 0 0 4096 0 0 0 0 0 0 0 0 1361 2735 0 0 0 0 0 0 0 4096
0 0 0 0 0 4096 0 0 0 0 0 0 0 0 964 3132 0 0 0 0 0 0 0 4096
0 0 0 0 0 4096 0 0 0 0 0 0 0 0 904 3192 0 0 0 0 0 0 0 4096
0 0 0 0 0 4096 0 0 0 0 0 0 0 0 951 3145 0 0 0 0 0 0 0 4096
0 0 0 0 0 4096 0 0 0 0 0 0 0 0 941 3155 0 0 0 0 0 0 0 4096
0 0 0 0 0 4096 0 0 0 0 0 0 0 0 929 3167 0 0 0 0 0 0 0 4096
0 0 0 0 0 4096 0 0 0 0 0 0 0 0 971 3125 0 0 0 0 0 0 0 4096
0 0 0 0 0 4096 0 0 0 0 0 0 0 0 1028 3068 0 0 0 0 0 0 0 4096
0 0 0 0 2 4094 0 0 0 0 0 0 0 0 1328 2768 0 0 0 0 0 0 0 4096
0 0 0 0 6 4090 0 0 0 0 0 0 0 0 1746 2350 0 0 0 0 0 0 0 4096
0 0 0 0 5 4091 0 0 0 0 0 0 0 0 2338 1758 0 0 0 0 0 0 0 4096
0 0 0 0 8 4088 0 0 0 0 0 0 0 0 2957 1139 0 0 0 0 0 0 0 4096
0 0 0 0 65 4031 0 0 0 0 0 0 0 0 3482 614 0 0 0 0 0 0 0 4096
0 0 0 0 130 3966 0 0 0 0 0 0 0 0 3945 151 0 0 0 0 0 0 0 4096
0 0 0 0 178 3918 0 0 0 0 0 0 0 0 4066 30 0 0 0 0 0 0 0 4096
0 0 0 0 400 3696 0 0 0 0 0 0 0 0 4085 11 0 0 0 0 0 0 0 4096
0 0 0 0 1420 2676 0 0 0 0 0 0 0 0 4096 0 0 0 0 0 0 0 0 4096
9 183 490 310 210 2751 143 0 0 79 365 354 229 152 213 2704 21 253 274 197 158 138 152 2903
0 2 58 128 214 3023 671 0 0 3 30 78 131 183 222 3449 0 7 24 60 71 122 159 3653
0 0 0 0 0 2530 1566 0 0 0 0 0 0 0 8 4088 0 0 0 0 0 0 0 4096
0 0 0 0 0 2555 1541 0 0 0 0 0 0 0 0 4096 0 0 0 0 0 0 0 4096
0 0 0 0 0 2576 1520 0 0 0 0 0 0 0 3 4093 0 0 0 0 0 0 0 4096
0 93 417 427 380 2280 499 0 0 39 230 384 348 309 310 2476 2 168 272 222 187 195 264 2786
0 28 159 177 152 2646 934 0 0 7 90 151 158 106 123 3461 2 75 113 96 71 87 99 3553
0 2 69 126 84 2671 1144 0 0 2 30 112 73 67 105 3707 0 9 70 56 68 47 55 3791
0 0 0 0 0 2761 1335 0 0 0 0 0 0 0 8 4088 0 0 0 0 0 0 0 4096
0 0 0 0 0 3420 676 0 0 0 0 0 0 0 7 4089 0 0 0 0 0 0 0 4096
0 0 0 0 0 3772 324 0 0 0 0 0 0 0 29 4067 0 0 0 0 0 0 0 4096
0 0 0 0 0 4014 82 0 0 0 0 0 0 0 40 4056 0 0 0 0 0 0 0 4096
0 0 0 0 0 4074 22 0 0 0 0 0 0 0 216 3880 0 0 0 0 0 0 0 4096
0 0 0 0 0 4096 0 0 0 0 0 0 0 0 763 3333 0 0 0 0 0 0 0 4096
0 0 0 0 0 4096 0 0 0 0 0 0 0 0 1455 2641 0 0 0 0 0 0 0 4096
0 0 0 0 0 4096 0 0 0 0 0 0 0 0 2222 1874 0 0 0 0 0 0 0 4096
0 0 0 0 0 4096 0 0 0 0 0 0 0 0 3055 1041 0 0 0 0 0 0 0 4096
114 1415 1437 873 215 41 1 0 21 937 1453 1089 442 105 45 4 337 1578 1271 483 176 123 77 51
6 353 1101 1463 637 401 135 0 0 157 846 1383 788 432 319 171 32 655 1303 651 381 309 294 471
0 50 291 441 431 461 2422 0 0 23 206 343 336 336 354 2498 0 75 180 195 252 243 284 2867
0 19 378 497 273 199 2730 0 0 5 153 475 339 210 151 2763 3 89 317 320 201 154 149 2863
0 57 1106 1063 275 157 1438 0 0 4 381 1314 613 192 108 1484 6 553 1159 496 155 93 76 1558
2 185 1703 1705 363 110 28 0 0 47 863 2018 863 170 76 59 14 869 1965 734 191 125 86 112
0 438 1999 1057 256 152 194 0 0 38 1252 1698 604 159 106 239 32 1379 1554 460 170 85 83 333
0 252 1560 1215 395 328 345 1 0 52 903 1501 697 283 247 413 24 783 1373 633 276 207 204 596
0 180 1104 759 284 260 1509 0 0 25 651 973 449 226 201 1571 6 530 968 364 217 153 153 1705
1 84 262 224 150 187 3188 0 0 23 187 241 166 109 140 3230 6 172 196 98 109 93 107 3315
0 0 0 0 0 76 4020 0 0 0 0 0 0 0 0 4096 0 0 0 0 0 0 0 4096
0 0 0 0 0 323 3773 0 0 0 0 0 0 0 0 4096 0 0 0 0 0 0 0 4096
0 0 0 0 0 682 3414 0 0 0 0 0 0 0 0 4096 0 0 0 0 0 0 0 4096
0 0 4 42 118 1507 2415 10 0 0 3 42 98 138 194 3621 0 3 27 46 90 87 126 3717
0 4 127 488 570 2290 597 20 0 7 182 511 532 337 178 2349 21 235 546 467 217 123 85 2402
1 19 62 100 126 2732 1001 55 2 21 80 107 133 139 147 3467 18 84 130 127 130 68 60 3479
0 0 0 0 5 3272 819 0 0 0 0 0 0 5 63 4028 0 0 0 0 0 1 7 4088
1 31 483 1207 1201 1173 0 0 0 19 308 1268 1954 547 0 0 13 488 1172 748 1660 15 0 0
2 93 468 765 1269 1498 1 0 0 61 364 992 2005 674 0 0 20 374 781 956 1934 30 1 0
4 129 1111 459 986 1359 47 1 4 179 1005 537 1558 727 49 37 23 501 857 739 1690 148 59 79
7 1546 1689 338 269 241 6 0 41 1908 1140 398 417 182 7 3 630 2080 718 268 345 37 10 8
7 559 1679 1620 221 10 0 0 35 522 822 1829 813 71 4 0 188 1364 1854 627 53 9 1 0
0 182 1874 1729 301 10 0 0 0 75 1113 2038 768 100 2 0 37 1255 2157 583 63 1 0 0
2 591 2113 1248 140 2 0 0 0 156 1652 1773 491 24 0 0 88 1916 1730 353 9 0 0 0
16 2095 1623 280 28 30 9 15 3 1054 2243 646 115 19 4 12 496 2842 665 73 8 7 5 0
3 1377 1973 459 106 63 15 100 0 600 2264 923 174 31 21 83 166 2390 1241 174 29 26 26 44
5 1002 2147 661 166 70 45 0 0 394 1914 1240 324 104 68 52 123 2225 1110 270 133 92 55 88
1 393 1486 787 195 89 1142 3 0 99 1082 1206 377 112 82 1138 25 1144 1249 285 102 56 60 1175
0 43 380 516 572 467 2081 37 0 63 395 603 541 355 190 1949 54 387 654 509 304 140 71 1977
0 3 238 574 718 646 1831 86 0 22 367 640 652 504 295 1616 78 534 661 555 309 162 148 1649
0 88 471 912 1057 819 644 105 3 135 594 901 982 748 394 339 190 699 986 877 580 261 143 360
20 511 1017 986 774 447 242 99 15 581 1063 952 742 421 232 90 706 1255 982 650 323 142 34 4
22 551 962 998 762 458 249 94 13 741 1121 901 656 348 165 151 769 1393 894 492 228 101 58 161
6 270 540 652 614 560 1440 14 4 229 538 577 539 470 397 1342 134 444 500 461 390 350 299 1518
0 327 1885 756 439 354 320 15 14 1002 1809 218 529 212 291 21 569 955 1381 317 440 201 222 11
0 219 1845 1279 197 189 319 48 13 954 2148 282 207 139 300 53 365 1156 1695 239 197 161 244 39
0 155 2160 858 896 9 16 2 15 1098 1800 475 680 12 13 3 82 1726 1289 416 557 12 12 2
3 1061 2082 562 388 0 0 0 41 2378 843 483 351 0 0 0 200 2855 421 393 227 0 0 0
7 1620 1423 546 178 126 101 95 140 1896 1097 501 161 105 93 103 726 1989 791 191 112 79 94 114
0 95 821 861 458 306 254 1301 1 186 977 949 415 228 235 1105 158 978 962 364 239 245 357 793
0 151 419 611 554 450 369 1542 25 622 613 486 410 299 331 1310 400 856 494 400 276 268 556 846
34 134 447 319 463 436 419 1844 66 465 555 355 340 323 432 1560 280 710 474 254 310 370 461 1237
0 248 717 579 787 397 244 1124 6 836 732 660 431 223 233 975 267 1156 846 397 189 264 310 667
4 500 1556 376 356 268 305 731 5 1108 1110 468 285 270 274 576 195 1490 866 283 264 265 281 452
4 457 1619 713 560 357 164 222 64 1324 1001 720 447 224 149 167 228 1850 934 464 209 151 107 153
60 514 1298 477 601 588 368 190 138 1310 664 513 567 439 291 174 376 1625 670 510 392 223 155 145
6 489 1819 554 508 396 239 85 34 1799 757 504 456 292 170 84 298 2280 634 369 247 124 77 67
2 894 2017 444 363 203 145 28 35 2296 713 430 283 168 117 54 311 2553 579 277 164 85 68 59
5 734 2210 303 288 308 186 62 76 2326 659 291 287 246 145 66 303 2481 542 308 199 116 85 62
133 593 1258 578 517 440 391 186 222 1274 611 512 455 370 307 345 375 1462 522 398 386 294 264 395
42 634 1161 956 685 371 202 45 121 770 1209 797 591 353 174 81 786 1198 775 552 387 202 107 89
0 0 134 856 60 125 2713 208 0 10 666 338 114 892 2076 0 0 39 741 258 141 2500 417 0
0 5 99 802 147 152 2579 312 1 30 630 354 109 672 2280 20 5 66 688 300 146 2516 369 6
0 0 699 1267 2069 34 27 0 0 140 1197 357 2346 36 20 0 0 570 816 165 2512 30 3 0
3 1151 194 2042 706 0 0 0 34 1224 91 1215 1532 0 0 0 118 1150 75 709 2044 0 0 0
20 491 2647 307 156 248 161 66 50 2314 817 246 169 196 189 115 127 2625 525 72 127 268 213 139
0 637 2931 148 100 127 115 38 45 2037 1286 322 102 83 110 111 102 2134 902 281 315 90 107 165
99 994 2625 161 150 57 7 3 164 2009 1497 140 154 96 35 1 103 2141 1405 88 90 172 72 25
148 719 2782 104 77 86 70 110 236 1968 1453 86 67 92 70 124 254 2238 1164 76 57 59 105 143
0 334 3762 0 0 0 0 0 0 2748 1348 0 0 0 0 0 0 3085 1011 0 0 0 0 0
0 804 3292 0 0 0 0 0 0 3372 724 0 0 0 0 0 0 3556 540 0 0 0 0 0
0 509 3587 0 0 0 0 0 0 3084 1012 0 0 0 0 0 0 3306 790 0 0 0 0 0
39 695 2957 56 76 73 96 104 222 2580 914 35 72 74 91 108 260 2899 560 34 63 48 87 145
0 519 3577 0 0 0 0 0 0 3129 967 0 0 0 0 0 0 3410 686 0 0 0 0 0
0 1017 3079 0 0 0 0 0 0 3758 338 0 0 0 0 0 0 3900 196 0 0 0 0 0
0 1110 2986 0 0 0 0 0 0 3707 389 0 0 0 0 0 0 3851 245 0 0 0 0 0
281 927 1765 240 208 247 317 111 464 2087 459 211 184 186 250 255 520 2100 415 173 174 165 207 342
154 1102 1380 709 294 203 248 6 503 1512 1078 391 146 158 207 101 1464 1279 579 215 89 130 160 180
573 1075 399 239 324 451 781 254 528 1276 289 131 331 584 742 215 191 1135 751 129 348 923 368 251
21 431 210 606 588 421 844 975 224 341 192 138 240 1473 566 922 50 500 221 128 248 1016 844 1089
21 117 431 1840 682 404 230 371 72 136 392 620 1045 1131 301 399 69 240 255 311 876 642 1199 504
34 545 719 1236 858 579 112 13 88 537 451 1266 393 734 543 84 68 487 336 871 784 406 504 640
1 38 461 1947 915 642 76 16 11 128 60 249 1569 1354 684 41 8 121 51 67 146 1506 1366 831
4 40 2534 945 518 51 4 0 0 29 254 2488 761 528 34 2 0 16 57 425 1643 1343 559 53
357 1904 1025 691 111 5 2 1 258 1820 535 1127 307 45 3 1 197 1318 782 377 663 713 44 2
144 693 1408 1512 168 74 56 41 201 1200 615 1172 682 107 57 62 172 1226 533 224 933 819 119 70
0 300 2278 1389 128 1 0 0 17 1737 827 909 578 28 0 0 34 1990 529 160 874 506 3 0
0 590 3506 0 0 0 0 0 0 3566 530 0 0 0 0 0 4 3724 368 0 0 0 0 0
0 270 3826 0 0 0 0 0 0 2848 1248 0 0 0 0 0 0 3186 910 0 0 0 0 0
42 643 3030 53 62 74 90 102 120 2499 1094 51 65 75 74 118 140 2948 623 43 76 40 76 150
0 884 3212 0 0 0 0 0 0 3541 555 0 0 0 0 0 0 3702 394 0 0 0 0 0
0 957 3139 0 0 0 0 0 1 3676 419 0 0 0 0 0 1 3793 302 0 0 0 0 0
0 1253 2843 0 0 0 0 0 0 3671 425 0 0 0 0 0 0 3813 283 0 0 0 0 0
152 1108 1901 195 137 210 283 110 362 2360 458 181 124 168 246 197 411 2408 361 179 119 142 220 256
348 1702 820 386 307 317 199 17 976 1473 605 284 225 207 278 48 1919 879 341 188 226 193 243 107
329 1871 373 269 263 111 431 449 695 1728 328 325 310 128 394 188 1215 1198 471 262 272 318 219 141
37 378 389 396 435 315 1095 1051 269 373 354 479 440 359 1297 525 455 355 385 404 417 632 1027 421
1 150 371 730 596 473 672 1103 158 259 394 648 671 443 514 1009 216 336 332 628 655 497 432 1000
17 445 392 751 489 418 546 1038 479 293 395 541 543 428 525 892 545 307 365 506 598 564 370 841
14 209 1341 1138 526 412 261 195 82 723 956 872 610 353 271 229 186 1161 488 401 591 730 280 259
526 1193 1026 1245 91 15 0 0 743 1042 402 1591 302 15 1 0 972 791 271 476 989 594 3 0
0 226 1783 1827 209 5 17 29 83 173 1466 2069 255 6 22 22 99 132 272 2240 1110 202 34 7
335 578 834 1825 325 39 50 110 659 331 931 1463 536 32 75 69 743 214 355 1368 1119 161 121 15
154 1062 1392 844 512 49 43 40 378 1557 690 701 617 76 38 39 416 1541 571 644 554 283 37 50
0 608 3116 89 283 0 0 0 0 3214 520 106 256 0 0 0 2 3395 339 170 190 0 0 0
0 59 3594 99 186 66 88 4 0 1221 2446 121 155 65 84 4 0 1777 1890 153 126 71 78 1
26 354 2787 132 111 265 243 178 93 1065 2023 130 111 236 236 202 134 1583 1460 135 90 241 228 225
0 457 3050 40 50 211 142 146 0 1424 2088 40 45 210 149 140 0 1803 1713 36 45 218 164 117
0 444 3003 37 64 207 207 134 1 1516 1940 44 52 202 207 134 2 1764 1692 46 54 205 207 126
0 474 2914 57 34 236 245 136 0 1703 1699 52 27 232 245 138 0 1976 1430 50 24 242 251 123
120 705 1586 163 232 490 602 198 220 1267 943 167 227 441 644 187 266 1413 754 161 295 425 580 202
44 337 167 248 216 541 1270 1273 336 144 210 196 269 650 1454 837 378 140 223 330 486 849 1369 321
62 239 239 76 18 32 1343 2087 186 179 204 50 15 29 1505 1928 256 134 170 61 13 38 1812 1612
48 386 227 154 60 44 568 2609 223 285 208 112 56 40 840 2332 391 146 191 111 50 71 1237 1899
26 607 400 413 159 216 214 2061 289 538 347 316 137 201 439 1829 538 346 417 202 160 171 825 1437
152 942 908 259 148 94 137 1456 591 818 738 162 125 84 264 1314 830 696 635 159 136 79 465 1096
127 1519 865 211 130 56 132 1056 493 1540 631 107 108 61 186 970 1152 1101 423 104 117 58 272 869
188 1549 962 369 120 78 67 763 501 1308 773 420 164 103 85 742 835 900 528 603 213 168 189 660
8 1260 1156 534 73 58 83 924 431 1024 766 767 59 56 128 865 873 548 519 1000 108 61 189 798
55 535 1128 892 63 46 156 1221 176 594 814 1053 47 51 210 1151 307 499 495 1162 236 36 348 1013
40 129 281 1225 336 72 556 1457 93 94 278 1248 301 79 590 1413 120 58 123 1306 412 89 1131 857
0 0 0 0 1043 148 1000 1905 0 0 0 82 968 146 830 2070 0 0 0 168 907 144 1993 884
0 0 0 3 102 81 1564 2346 0 0 0 7 104 80 1386 2519 0 0 0 30 90 80 2717 1179
0 0 0 0 0 10 1377 2709 0 0 0 0 0 10 1075 3011 0 0 0 0 0 19 2929 1148
0 0 0 0 0 0 1604 2492 0 0 0 0 0 0 1381 2715 0 0 0 0 0 0 2747 1349
0 0 0 0 0 0 1102 2994 0 0 0 0 0 0 989 3107 0 0 0 0 0 0 2404 1692
0 0 0 0 27 97 1308 2664 0 0 0 0 27 96 1108 2865 0 0 0 0 31 97 2501 1467
0 0 0 0 17 114 1533 2432 0 0 0 0 17 114 2038 1927 0 0 0 0 22 118 2736 1220
0 0 0 0 0 0 1199 2897 0 0 0 0 0 1 1852 2243 0 0 0 0 0 2 2523 1571
0 0 0 0 0 25 1570 2501 0 0 0 0 2 36 1578 2480 0 0 0 0 4 46 1487 2559
0 0 0 0 0 6 699 3391 0 0 0 0 0 13 800 3283 0 0 0 0 0 8 747 3341
0 0 0 0 0 6 446 3644 0 0 0 0 0 12 573 3511 0 0 0 0 0 11 512 3573
0 0 0 0 0 1 391 3704 0 0 0 0 0 7 552 3537 0 0 0 0 0 9 608 3479
0 0 0 0 0 2 158 3936 0 0 0 0 0 5 366 3725 0 0 0 0 0 11 517 3568
0 0 0 0 0 0 91 4005 0 0 0 0 0 1 220 3875 0 0 0 0 0 5 351 3740
0 0 0 0 0 1 80 4015 0 0 0 0 0 8 144 3944 0 0 0 0 0 11 173 3912
0 0 0 0 0 2 91 4003 0 0 0 0 0 8 186 3902 0 0 0 0 0 11 306 3779
0 0 0 0 0 0 147 3949 0 0 0 0 0 5 373 3718 0 0 0 0 0 11 637 3448
0 0 0 0 0 1 181 3914 0 0 0 0 0 6 408 3682 0 0 0 0 0 13 780 3303
0 0 0 0 0 0 216 3880 0 0 0 0 0 2 284 3810 0 0 0 0 0 4 752 3340
0 0 0 0 0 0 179 3917 0 0 0 0 0 0 233 3863 0 0 0 0 0 0 747 3349
0 0 0 0 0 0 238 3858 0 0 0 0 0 0 384 3712 0 0 0 0 0 2 816 3278
0 0 0 2 10 86 594 3404 0 0 1 4 26 118 654 3293 0 0 1 9 45 131 1320 2590
0 0 0 0 15 79 1215 2787 0 0 0 0 23 87 1339 2647 0 0 0 0 34 98 1644 2320
0 0 0 0 0 1 761 3334 0 0 0 0 0 8 940 3148 0 0 0 0 0 30 1133 2933
0 0 0 0 0 0 757 3339 0 0 0 0 0 1 1046 3049 0 0 0 0 0 3 1324 2769
0 0 0 0 0 0 1607 2489 0 0 0 0 0 0 1612 2484 0 0 0 0 0 0 1757 2339
0 0 0 0 0 0 1062 3034 0 0 0 0 0 0 1320 2776 0 0 0 0 0 0 1472 2624
0 0 0 0 0 0 862 3234 0 0 0 0 0 0 1174 2922 0 0 0 0 0 0 1383 2713
0 0 0 0 0 0 577 3519 0 0 0 0 0 0 911 3185 0 0 0 0 0 0 1123 2973
0 0 0 0 0 0 160 3936 0 0 0 0 0 0 375 3721 0 0 0 0 0 0 553 3543
0 0 0 0 0 0 231 3865 0 0 0 0 0 0 425 3671 0 0 0 0 0 0 623 3473
0 0 0 0 0 0 120 3976 0 0 0 0 0 1 190 3905 0 0 0 0 0 2 241 3853
0 0 0 0 0 0 61 4035 0 0 0 0 0 0 102 3994 0 0 0 0 0 0 125 3971
0 0 0 0 0 0 96 4000 0 0 0 0 0 0 208 3888 0 0 0 0 0 0 284 3812
0 0 0 0 0 0 134 3962 0 0 0 0 0 0 336 3760 0 0 0 0 0 0 474 3622
0 0 0 0 0 0 222 3874 0 0 0 0 0 0 459 3637 0 0 0 0 0 3 632 3461
0 0 0 0 0 0 499 3597 0 0 0 0 0 1 897 3198 0 0 0 0 0 10 1108 2978
0 0 7 57 87 355 819 2771 0 3 27 74 114 431 950 2497 0 7 37 81 183 462 1102 2224
0 0 0 9 42 409 2821 815 0 0 5 21 60 643 2741 626 0 0 9 29 121 925 2563 449
0 0 0 0 60 316 3088 632 0 0 0 5 83 510 2955 543 0 0 0 9 87 932 2649 419
0 0 0 2 73 172 2092 1757 0 0 0 28 58 305 2039 1666 0 0 0 35 60 548 1950 1503
0 0 0 2 57 75 527 3435 0 0 0 20 66 71 571 3368 0 0 0 21 71 99 810 3095
0 0 0 0 0 0 396 3700 0 0 0 0 0 0 285 3811 0 0 0 0 0 0 315 3781
0 0 0 0 1 5 388 3702 0 0 0 0 1 6 473 3616 0 0 0 0 1 6 609 3480
0 0 0 0 0 0 197 3899 0 0 0 0 0 0 319 3777 0 0 0 0 0 0 463 3633
0 0 0 0 0 0 186 3910 0 0 0 0 0 0 337 3759 0 0 0 0 0 0 528 3568
0 0 0 0 0 0 372 3724 0 0 0 0 0 0 645 3451 0 0 0 0 0 0 981 3115
0 0 0 0 0 0 335 3761 0 0 0 0 0 0 664 3432 0 0 0 0 0 0 1013 3083
0 0 0 0 0 0 250 3846 0 0 0 0 0 4 543 3549 0 0 0 0 0 5 773 3318
0 0 0 0 0 0 90 4006 0 0 0 0 0 0 295 3801 0 0 0 0 0 0 569 3527
0 0 0 0 0 0 183 3913 0 0 0 0 0 0 443 3653 0 0 0 0 0 0 714 3382
0 0 0 0 0 0 340 3756 0 0 0 0 0 3 728 3365 0 0 0 0 0 5 1044 3047
0 0 0 0 0 3 307 3786 0 0 0 0 0 6 477 3613 0 0 0 0 0 12 616 3468
0 0 27 110 176 352 1387 2044 0 18 69 150 166 423 1467 1803 0 30 88 160 174 589 1398 1657
0 4 21 22 23 634 3116 276 0 14 25 18 30 1172 2690 147 0 16 26 18 61 1950 1952 73
0 0 0 0 1 291 3038 766 0 0 0 0 6 553 2958 579 0 0 0 0 22 1031 2695 348
0 0 0 0 0 39 2299 1758 0 0 0 0 0 104 2517 1475 0 0 0 0 0 287 2659 1150
0 0 0 0 0 14 1370 2712 0 0 0 0 0 23 1558 2515 0 0 0 0 0 54 1900 2142
0 0 0 0 0 6 789 3301 0 0 0 0 0 11 893 3192 0 0 0 0 0 18 1145 2933
