2309 1216 394 92 25 20 5 35 1474 1816 558 146 42 20 6 34 2731 1007 236 53 12 13 9 35
1887 1067 288 162 102 94 115 381 905 1851 415 226 110 91 118 380 2283 825 188 108 88 77 101 426
790 980 626 351 226 112 178 833 568 1053 698 401 244 120 171 841 1080 996 464 236 185 94 134 907
443 826 521 396 244 134 381 1151 340 782 596 443 253 140 369 1173 660 848 460 270 162 123 229 1344
473 732 343 262 161 130 917 1078 230 856 422 282 168 124 818 1196 709 622 246 202 154 95 518 1550
384 1002 599 519 360 127 426 679 660 844 545 494 367 83 256 847 891 701 536 468 280 111 110 999
236 1249 379 241 291 219 296 1185 683 963 242 257 342 159 247 1203 1088 624 254 265 270 160 137 1298
259 1489 111 257 395 198 515 872 898 881 106 289 394 152 542 834 1459 357 173 250 331 152 311 1063
213 1618 127 270 403 222 628 615 738 1119 174 229 399 207 632 598 1385 473 218 179 345 246 475 775
537 1279 266 406 337 184 536 551 785 1058 277 337 362 190 537 550 1221 613 290 290 365 189 494 634
3 627 1397 406 184 211 564 704 58 698 1363 374 187 351 760 305 199 698 1212 382 405 496 615 89
60 868 1727 580 147 119 182 413 73 1158 1459 570 139 133 362 202 179 1209 1268 401 345 181 428 85
270 1277 1762 607 177 2 1 0 425 1423 1618 581 48 0 1 0 586 1428 1534 420 124 3 1 0
353 1739 940 903 132 29 0 0 518 1816 900 737 99 26 0 0 747 1764 954 525 81 25 0 0
1727 1897 462 10 0 0 0 0 1928 1773 387 8 0 0 0 0 2329 1456 304 7 0 0 0 0
