7 670 3177 134 60 38 10 0 0 46 1227 2691 62 44 25 1 0 23 197 915 1911 1017 30 3
29 316 3569 177 5 0 0 0 0 92 203 3468 333 0 0 0 3 60 157 145 474 3035 222 0
16 101 3824 152 2 1 0 0 1 45 109 2990 948 2 1 0 1 24 62 81 100 2463 1364 1
13 254 3031 582 114 61 38 3 7 161 399 2277 1120 78 45 9 13 137 301 310 367 1945 1002 21
56 653 2525 508 185 117 44 8 33 336 883 2263 380 135 52 14 51 321 606 529 1306 1184 85 14
133 1395 1853 562 97 46 9 1 63 1148 1259 1238 310 54 21 3 111 1111 1071 676 734 353 35 5
59 1211 1859 903 52 12 0 0 41 1079 1447 1327 187 15 0 0 60 1079 1349 754 687 155 12 0
30 641 1589 1542 246 45 3 0 16 517 1255 1430 807 61 10 0 26 560 1190 1034 840 403 43 0
26 504 1431 1303 427 204 160 41 17 427 1265 1284 666 235 157 45 40 565 1229 1085 731 281 138 27
50 795 1622 931 375 198 102 23 39 710 1557 1032 414 215 103 26 75 985 1473 776 463 221 93 10
106 646 885 1088 859 415 96 1 66 579 678 922 1005 672 172 2 91 621 689 940 974 630 151 0
114 883 922 996 693 391 79 18 71 820 833 957 738 522 133 22 97 886 803 938 704 509 142 17
17 203 583 849 705 756 542 441 15 198 545 920 713 686 551 468 22 262 753 955 565 630 529 380
1 178 1071 959 790 750 251 96 1 326 970 917 795 730 259 98 16 643 992 771 676 688 219 91
9 267 1087 900 782 724 294 33 9 259 1068 888 793 732 307 40 25 514 1014 752 749 712 307 23
