528 362 251 130 113 137 255 2320 508 311 315 134 102 137 239 2350 504 251 325 158 105 142 225 2386
305 710 500 242 179 227 301 1632 270 653 601 225 183 219 311 1634 297 702 487 245 184 237 293 1651
258 40 177 233 271 315 526 2276 259 35 143 234 282 305 511 2327 262 38 161 223 249 315 486 2362
256 0 0 0 3 15 59 3763 256 0 0 0 3 12 50 3775 256 0 0 0 2 11 50 3777
256 0 0 0 0 0 0 3840 256 0 0 0 0 0 0 3840 256 0 0 0 0 0 0 3840
256 0 0 0 0 0 0 3840 256 0 0 0 0 0 0 3840 256 0 0 0 0 0 0 3840
256 0 0 0 0 0 0 3840 256 0 0 0 0 0 0 3840 256 0 0 0 0 0 0 3840
256 0 0 0 0 0 0 3840 256 0 0 0 0 0 0 3840 256 0 0 0 0 0 0 3840
256 0 0 0 0 0 0 3840 256 0 0 0 0 0 0 3840 256 0 0 0 0 0 0 3840
256 0 0 0 0 0 0 3840 256 0 0 0 0 0 0 3840 256 0 0 0 0 0 0 3840
256 0 0 0 0 0 0 3840 256 0 0 0 0 0 0 3840 256 0 0 0 0 0 0 3840
256 2 32 126 76 57 78 3469 256 2 34 123 78 55 83 3465 256 1 30 124 80 56 80 3469
256 0 51 102 40 28 32 3587 256 0 27 120 45 27 34 3587 256 1 55 99 38 31 30 3586
256 0 16 23 11 9 14 3767 256 0 16 22 12 10 12 3768 256 0 16 22 12 10 12 3768
323 488 396 213 130 169 272 2105 288 270 555 266 141 143 216 2217 395 432 341 227 137 147 211 2206
589 350 296 191 180 214 862 1414 512 311 330 213 177 208 256 2089 549 274 293 226 163 203 233 2155
565 880 279 286 307 385 494 900 461 879 368 276 299 359 454 1000 577 822 298 279 292 349 444 1035
49 902 622 489 511 510 463 550 51 852 669 482 511 517 468 546 126 934 598 443 500 502 456 537
3 37 178 317 294 270 333 2664 1 29 169 315 294 278 348 2662 6 71 206 287 278 270 316 2662
0 0 5 54 68 71 95 3803 0 0 1 26 73 80 101 3815 0 16 35 45 50 72 104 3774
0 1 77 345 202 147 143 3181 0 0 4 217 322 181 147 3225 4 187 244 142 141 100 135 3143
0 0 0 0 5 2 17 4072 0 0 0 0 4 3 16 4073 0 0 0 0 5 5 14 4072
0 0 0 0 0 0 0 4096 0 0 0 0 0 0 0 4096 0 0 0 0 0 0 0 4096
0 0 0 0 0 0 0 4096 0 0 0 0 0 0 0 4096 0 0 0 0 0 0 0 4096
0 0 0 0 0 0 0 4096 0 0 0 0 0 0 0 4096 0 0 0 0 0 0 0 4096
0 0 0 0 0 0 0 4096 0 0 0 0 0 0 0 4096 0 0 0 0 0 0 0 4096
0 0 0 0 0 0 0 4096 0 0 0 0 0 0 0 4096 0 0 0 0 0 0 0 4096
0 0 0 0 0 0 0 4096 0 0 0 0 0 0 0 4096 0 0 0 0 0 0 0 4096
0 0 0 0 0 0 0 4096 0 0 0 0 0 0 0 4096 0 0 0 0 0 0 0 4096
0 0 0 0 0 0 0 4096 0 0 0 0 0 0 0 4096 0 0 0 0 0 0 0 4096
0 0 19 11 7 10 18 4031 0 0 12 18 5 10 12 4039 0 0 10 20 4 11 12 4039
256 0 0 6 23 48 147 3616 256 0 0 0 11 38 47 3744 256 0 0 2 16 33 42 3747
374 1787 1507 249 74 56 28 21 331 1538 1621 394 91 61 34 26 980 2522 371 76 68 36 25 18
31 474 1862 812 383 281 189 64 31 469 1894 753 398 276 192 83 339 1913 606 375 346 253 190 74
0 22 165 413 551 639 649 1657 0 20 178 422 527 605 608 1736 8 75 255 385 494 553 621 1705
3 431 1227 931 507 267 226 504 0 34 769 1334 802 350 252 555 306 1319 781 489 341 221 214 425
2 970 2284 763 56 13 2 6 0 71 1529 2153 304 29 4 6 526 2965 513 66 13 7 4 2
0 67 690 1069 379 211 165 1515 0 0 146 1226 742 250 177 1555 36 935 756 360 215 160 186 1448
0 5 505 1273 446 221 122 1524 0 1 123 1292 703 277 150 1550 0 131 1069 809 304 178 108 1497
0 0 35 171 109 54 32 3695 0 0 1 113 162 75 41 3704 0 7 102 147 79 44 35 3682
0 0 0 0 0 0 0 4096 0 0 0 0 0 0 0 4096 0 0 0 0 0 0 0 4096
0 0 0 0 0 0 0 4096 0 0 0 0 0 0 0 4096 0 0 0 0 0 0 0 4096
0 3 29 47 29 24 25 3939 0 0 14 42 49 21 21 3949 1 18 43 38 23 18 39 3916
0 0 0 6 5 9 21 4055 0 0 0 2 7 8 8 4071 0 0 1 8 7 6 10 4064
0 0 0 0 0 0 0 4096 0 0 0 0 0 0 0 4096 0 0 0 0 0 0 0 4096
0 0 0 0 2 4 10 4080 0 0 0 0 0 4 9 4083 0 0 0 0 3 5 12 4076
0 0 0 3 1 4 13 4075 0 0 0 2 2 4 7 4081 0 0 0 1 3 4 7 4081
263 204 368 171 113 138 401 2438 256 30 335 327 129 125 191 2703 314 190 281 182 110 132 183 2704
351 2054 1629 60 2 0 0 0 318 1881 1851 44 2 0 0 0 1255 2642 197 2 0 0 0 0
20 868 2890 315 3 0 0 0 15 820 2935 324 2 0 0 0 793 2902 398 3 0 0 0 0
1 77 1099 1076 418 408 403 614 1 75 1066 1139 422 394 399 600 160 1416 570 318 372 368 379 513
28 1078 1220 609 336 250 238 337 1 268 1405 1097 443 276 245 361 905 1308 555 361 266 239 219 243
82 2306 1550 110 28 10 7 3 3 687 2470 848 60 15 9 4 1153 2615 261 36 15 9 5 2
8 971 2233 834 33 8 7 2 0 87 1713 2051 223 12 5 5 283 3052 688 49 13 7 2 2
2 69 1165 1696 600 258 157 149 1 19 511 1961 922 326 174 182 10 513 1797 928 380 213 134 121
0 14 669 1383 594 274 176 986 0 0 197 1508 907 275 179 1030 1 286 1309 794 382 195 147 982
0 12 245 148 567 322 61 2741 0 0 96 353 774 66 53 2754 0 13 301 650 301 53 48 2730
0 36 219 153 530 400 43 2715 0 1 118 338 818 59 37 2725 2 77 260 647 316 44 41 2709
10 1001 1689 366 466 512 21 31 1 201 1800 1051 919 66 22 36 44 1484 1403 799 298 23 25 20
6 719 891 331 1038 173 103 835 0 101 1043 1177 658 143 112 862 36 1115 693 1085 165 107 100 795
1 174 704 523 1153 213 193 1135 0 8 335 1366 773 232 189 1193 36 716 513 1173 209 155 187 1107
36 982 1248 694 506 122 80 428 0 340 1283 1301 462 155 94 461 391 1622 780 572 155 86 84 406
20 452 775 515 264 139 162 1769 0 70 632 802 376 216 136 1864 251 749 564 317 187 123 119 1786
273 499 744 503 156 100 209 1612 256 160 804 686 218 119 116 1737 437 831 579 202 143 80 108 1716
763 2187 860 282 4 0 0 0 748 2157 860 321 10 0 0 0 1917 1887 292 0 0 0 0 0
135 1696 1834 428 3 0 0 0 111 1852 1754 376 3 0 0 0 1353 2451 289 3 0 0 0 0
20 750 1739 1268 319 0 0 0 3 614 1586 1661 232 0 0 0 1057 2260 748 31 0 0 0 0
66 1632 1027 599 689 76 6 1 8 552 1657 1110 703 54 11 1 1548 1426 901 191 21 7 2 0
113 1112 691 196 139 474 1352 19 34 603 1018 422 146 164 1313 396 562 1137 313 147 80 110 889 858
37 527 584 175 107 583 2058 25 30 241 642 378 106 200 1925 574 125 825 277 114 75 178 1211 1291
40 295 327 326 235 418 2277 178 31 281 274 353 252 241 1569 1095 60 358 400 234 196 202 892 1754
18 239 655 821 743 457 1116 47 18 351 767 1054 267 236 992 411 26 667 920 744 119 192 855 573
25 219 722 1574 1541 15 0 0 38 595 1570 1607 279 7 0 0 19 1022 1423 1567 65 0 0 0
20 326 739 1622 1347 42 0 0 4 438 914 2164 574 2 0 0 34 797 1453 1726 86 0 0 0
48 239 821 1586 1377 25 0 0 29 522 1309 1925 311 0 0 0 135 1073 1342 1528 18 0 0 0
0 120 766 1736 1287 187 0 0 2 422 1133 2075 425 39 0 0 72 924 1582 1328 163 27 0 0
0 165 908 2528 491 4 0 0 7 454 1114 2410 107 4 0 0 122 870 2319 733 52 0 0 0
69 856 854 1590 302 351 73 1 78 1194 1141 1106 115 176 282 4 378 1524 1120 532 92 155 284 11
460 1124 520 239 132 1390 231 0 420 865 649 352 111 469 1217 13 752 987 415 159 95 267 1367 54
399 1377 1367 315 66 536 36 0 313 933 1494 694 53 255 353 1 1212 1636 495 117 42 136 457 1
316 332 1925 1384 104 35 0 0 312 241 2247 1144 92 59 1 0 499 1466 1922 119 75 15 0 0
12 265 1290 2388 102 30 9 0 1 87 1862 2020 75 27 23 1 124 952 2597 363 34 24 2 0
0 99 717 2611 584 66 19 0 0 35 969 2761 226 53 50 2 35 642 2527 785 66 37 4 0
10 246 1169 1789 693 115 73 1 10 194 1264 2010 452 97 68 1 79 1312 1874 600 125 102 4 0
1 66 475 1069 2159 215 104 7 2 58 485 1050 2174 223 97 7 24 336 613 1269 1651 142 60 1
6 481 542 664 2208 138 17 40 5 476 563 720 2142 134 16 40 22 649 488 1118 1731 37 21 30
38 604 1053 1762 591 45 3 0 41 596 1033 1743 638 42 3 0 55 747 1085 1839 336 33 1 0
4 201 1467 2091 248 75 8 2 6 337 2008 1485 209 42 9 0 37 717 1918 1218 158 43 5 0
11 109 836 2611 432 74 17 6 12 209 950 2485 368 54 13 5 14 396 1075 2265 298 41 5 2
3 32 430 2413 1077 112 25 4 4 40 616 2832 506 78 18 2 3 153 1788 1941 148 55 7 1
3 33 358 2253 1319 117 12 1 4 79 1011 2481 441 72 8 0 16 554 2101 1231 164 29 1 0
0 29 244 1407 2137 267 11 1 0 45 794 1215 1715 323 3 1 9 415 1025 1172 1369 105 1 0
1 150 936 2072 828 109 0 0 0 163 1094 2226 530 83 0 0 6 386 2115 1123 417 49 0 0
7 517 2443 1042 82 5 0 0 1 1073 2454 452 112 4 0 0 71 2174 1492 302 57 0 0 0
17 876 2624 561 18 0 0 0 11 774 2505 673 133 0 0 0 127 1152 2336 355 126 0 0 0
332 1380 1808 544 32 0 0 0 288 922 2161 699 26 0 0 0 735 1807 1470 84 0 0 0 0
256 265 2428 1141 6 0 0 0 256 128 2595 1098 19 0 0 0 518 2592 980 6 0 0 0 0
3 223 2297 1550 23 0 0 0 1 159 2120 1767 49 0 0 0 259 2620 1185 30 2 0 0 0
3 148 1871 2032 42 0 0 0 0 84 1426 2483 103 0 0 0 235 2462 1364 35 0 0 0 0
97 171 895 2521 349 59 4 0 91 189 554 2683 541 34 3 1 167 1849 1761 200 117 2 0 0
121 436 427 2033 907 132 39 1 121 431 332 1976 1059 135 41 1 295 976 1883 716 128 91 6 1
19 204 634 1777 1307 145 9 1 14 182 573 1827 1416 76 7 1 97 841 2143 865 128 21 1 0
3 86 476 1491 1706 323 9 2 3 87 463 1695 1721 118 7 2 18 496 2040 1424 102 9 6 1
1 36 365 1383 1816 414 81 0 1 36 453 1566 1852 184 4 0 33 497 2417 964 176 9 0 0
0 1 172 1736 1764 362 60 1 0 4 273 1989 1654 162 14 0 19 417 1776 1567 290 27 0 0
3 33 406 1648 1349 511 144 2 8 60 564 1975 1113 309 66 1 38 645 1928 972 369 118 26 0
13 114 404 1296 1189 836 240 4 27 196 452 1463 1205 603 147 3 115 883 1461 787 525 287 38 0
64 355 339 529 1095 1349 341 24 108 415 376 819 1391 831 147 9 307 493 689 1348 886 333 37 3
184 448 401 777 1196 947 141 2 247 445 539 983 1312 537 33 0 431 552 858 1284 827 144 0 0
435 594 1139 1407 461 60 0 0 476 601 1263 1378 354 24 0 0 774 1260 1397 568 96 1 0 0
76 601 1351 1749 308 10 1 0 73 705 1634 1525 155 3 1 0 542 1825 1567 154 8 0 0 0
266 1061 2016 733 20 0 0 0 264 730 2500 598 4 0 0 0 961 2475 635 25 0 0 0 0
256 8 572 2667 592 1 0 0 256 2 536 2987 315 0 0 0 416 2376 1294 10 0 0 0 0
0 11 595 2735 753 2 0 0 0 2 375 3192 527 0 0 0 187 2511 1388 10 0 0 0 0
0 14 475 2194 1398 15 0 0 0 7 329 2676 1080 4 0 0 192 1919 1944 41 0 0 0 0
0 1 155 1857 1938 145 0 0 0 0 179 2236 1641 40 0 0 40 1329 2504 223 0 0 0 0
0 1 106 2062 1861 66 0 0 0 1 125 2362 1591 17 0 0 41 1259 2658 138 0 0 0 0
0 1 90 963 2524 518 0 0 0 8 146 1385 2493 64 0 0 33 648 2674 741 0 0 0 0
0 0 20 521 1787 1377 391 0 0 2 45 917 2313 806 13 0 7 320 1730 1433 599 7 0 0
0 2 51 753 2050 1211 29 0 0 3 113 1224 2500 256 0 0 31 675 2161 1166 63 0 0 0
0 0 64 915 2338 776 3 0 0 3 110 1482 2422 79 0 0 34 785 2481 793 3 0 0 0
0 9 169 1586 2188 144 0 0 0 10 239 2099 1725 23 0 0 77 1017 2759 243 0 0 0 0
0 11 194 1688 2078 125 0 0 0 17 264 2109 1676 30 0 0 64 1248 2586 195 3 0 0 0
0 4 237 2090 1726 39 0 0 1 9 360 2744 981 1 0 0 74 1817 2160 45 0 0 0 0
2 36 807 2525 713 13 0 0 5 41 933 2564 551 2 0 0 251 2606 1186 32 21 0 0 0
0 54 1179 2617 245 1 0 0 1 78 1602 2286 129 0 0 0 377 2989 726 4 0 0 0 0
0 191 1768 2063 74 0 0 0 0 84 2417 1575 20 0 0 0 828 2910 358 0 0 0 0 0
263 416 2193 1192 32 0 0 0 257 299 2834 699 7 0 0 0 1395 2564 137 0 0 0 0 0
262 225 1822 1706 81 0 0 0 256 33 1353 2313 141 0 0 0 948 2651 494 3 0 0 0 0
11 181 1219 2355 329 1 0 0 0 35 777 2777 504 3 0 0 510 2533 1044 9 0 0 0 0
0 56 935 2415 672 18 0 0 0 18 621 2733 720 4 0 0 295 2300 1428 73 0 0 0 0
0 5 470 2625 979 17 0 0 0 4 437 2754 897 4 0 0 142 2039 1866 49 0 0 0 0
0 0 124 1209 2481 282 0 0 0 1 167 2047 1861 20 0 0 36 936 2768 356 0 0 0 0
0 1 72 1013 2496 505 9 0 0 0 116 1716 2168 96 0 0 19 614 2773 636 54 0 0 0
0 11 181 1104 791 1320 689 0 0 9 194 1320 1230 1340 3 0 76 761 1080 1022 1157 0 0 0
0 12 400 2228 1422 33 1 0 0 21 438 2608 1016 13 0 0 165 1869 1992 69 1 0 0 0
0 10 536 2535 995 20 0 0 0 14 517 2827 733 5 0 0 267 2422 1379 28 0 0 0 0
0 11 812 2707 556 10 0 0 0 19 901 2836 339 1 0 0 376 2526 1166 28 0 0 0 0
0 13 859 2752 465 5 2 0 0 21 1092 2739 239 4 1 0 325 2791 955 22 2 1 0 0
1 107 2005 1891 89 2 1 0 0 139 2145 1753 56 3 0 0 805 2854 427 8 2 0 0 0
1 281 2419 1325 64 6 0 0 0 322 2529 1198 45 2 0 0 1081 2656 342 17 0 0 0 0
0 291 2683 1081 40 1 0 0 2 383 2733 960 18 0 0 0 1286 2509 296 5 0 0 0 0
4 624 2742 709 17 0 0 0 7 597 2949 537 6 0 0 0 1692 2250 150 4 0 0 0 0
271 1107 2380 331 7 0 0 0 271 941 2612 261 11 0 0 0 2261 1759 70 6 0 0 0 0
274 567 2280 959 16 0 0 0 256 60 1566 2158 56 0 0 0 1358 2388 349 1 0 0 0 0
21 816 2073 1095 91 0 0 0 0 148 1609 2207 132 0 0 0 1171 2480 437 8 0 0 0 0
3 172 728 1881 1273 38 1 0 0 57 693 2498 828 20 0 0 434 1694 1880 83 5 0 0 0
0 2 240 2039 1755 60 0 0 0 3 331 2534 1222 6 0 0 99 1550 2300 146 1 0 0 0
0 1 92 1437 2375 190 1 0 0 0 199 2272 1593 32 0 0 36 1054 2678 325 3 0 0 0
0 3 121 624 1001 1221 1126 0 0 3 160 946 1210 1752 25 0 20 453 989 967 1655 12 0 0
0 9 298 1156 778 1091 763 1 0 8 264 1417 1100 1276 31 0 102 1030 1030 824 1101 9 0 0
0 42 1027 2332 671 24 0 0 0 35 894 2645 513 9 0 0 479 2369 1174 74 0 0 0 0
0 48 1139 2234 667 8 0 0 0 34 801 2629 630 2 0 0 523 2437 1113 23 0 0 0 0
0 148 1613 2138 193 4 0 0 0 46 1366 2449 233 2 0 0 811 2777 500 8 0 0 0 0
0 104 1978 1807 198 8 1 0 1 124 2147 1724 97 3 0 0 874 2596 588 35 3 0 0 0
4 149 1684 1968 271 20 0 0 4 303 2301 1362 120 6 0 0 667 2501 857 67 4 0 0 0
1 257 2071 1570 190 7 0 0 2 446 2554 1035 59 0 0 0 1040 2449 572 34 1 0 0 0
4 444 2665 913 69 1 0 0 6 584 2746 735 25 0 0 0 1529 2282 268 17 0 0 0 0
3 822 2661 578 30 2 0 0 11 1008 2678 382 16 1 0 0 1822 2098 165 10 1 0 0 0
272 1559 2065 178 21 1 0 0 294 1738 1905 146 13 0 0 0 2594 1386 102 13 1 0 0 0
264 395 2267 1126 44 0 0 0 256 91 1645 2011 93 0 0 0 1154 2533 404 5 0 0 0 0
2 113 1050 2417 512 2 0 0 0 39 863 2691 503 0 0 0 298 2073 1698 27 0 0 0 0
1 79 651 2088 1224 53 0 0 0 11 508 2579 992 6 0 0 234 1735 1983 144 0 0 0 0
0 33 657 2066 1254 83 3 0 0 24 732 2331 978 31 0 0 288 1551 1990 262 5 0 0 0
0 12 377 1275 1296 1001 135 0 0 13 375 1713 1334 656 5 0 106 969 1413 1038 567 3 0 0
0 0 0 5 249 2477 1365 0 0 0 0 92 661 3334 9 0 0 2 126 820 3146 2 0 0
0 12 680 1748 1074 529 53 0 0 14 647 2226 1004 205 0 0 223 1587 1425 704 157 0 0 0
0 26 808 2462 781 19 0 0 0 36 927 2584 542 7 0 0 330 2298 1354 112 2 0 0 0
0 136 1718 1952 267 22 1 0 0 128 1722 2034 202 9 1 0 817 2491 720 61 6 1 0 0
2 347 2347 1200 179 19 2 0 0 218 2252 1533 86 7 0 0 1219 2341 483 44 9 0 0 0
0 268 2415 1270 130 13 0 0 1 259 2496 1274 63 3 0 0 918 2617 523 36 2 0 0 0
1 450 1978 1426 228 13 0 0 8 497 2410 1104 74 3 0 0 971 2324 738 61 2 0 0 0
2 495 2168 1281 143 7 0 0 10 651 2382 978 74 1 0 0 1239 2270 538 49 0 0 0 0
65 1663 1937 399 29 3 0 0 10 1221 2340 508 17 0 0 0 2354 1589 145 8 0 0 0 0
19 1382 2278 397 17 3 0 0 16 1205 2492 372 11 0 0 0 2245 1676 163 12 0 0 0 0
294 1781 1803 212 6 0 0 0 277 1667 1945 203 4 0 0 0 2794 1220 80 2 0 0 0 0
501 793 2320 478 4 0 0 0 496 163 2051 1357 29 0 0 0 1496 2315 285 0 0 0 0 0
274 534 2007 1196 84 1 0 0 256 147 1719 1825 146 3 0 0 1162 2268 657 9 0 0 0 0
257 230 1933 1532 144 0 0 0 256 26 1309 2278 227 0 0 0 1085 2344 650 17 0 0 0 0
256 123 1440 1892 369 16 0 0 256 36 1046 2356 398 4 0 0 715 2084 1192 103 2 0 0 0
256 1 117 479 1254 1865 124 0 256 0 134 845 1881 980 0 0 273 229 790 1871 933 0 0 0
256 0 9 81 584 2824 342 0 256 0 9 232 1476 2122 1 0 256 16 256 1595 1973 0 0 0
256 24 844 1966 884 122 0 0 256 6 666 2487 665 16 0 0 512 1890 1408 276 10 0 0 0
256 13 636 2439 741 11 0 0 256 12 719 2534 570 5 0 0 482 2155 1402 56 1 0 0 0
256 75 1261 2036 440 27 1 0 256 71 1374 2080 303 12 0 0 753 2235 992 111 5 0 0 0
257 262 1855 1474 239 9 0 0 256 120 1916 1668 132 4 0 0 923 2326 780 64 3 0 0 0
256 502 2542 767 29 0 0 0 256 250 2454 1100 36 0 0 0 1471 2342 274 9 0 0 0 0
256 465 2009 1155 193 18 0 0 259 530 2347 868 89 3 0 0 1113 2231 662 88 2 0 0 0
258 600 2145 994 96 3 0 0 259 700 2438 657 42 0 0 0 1344 2171 538 43 0 0 0 0
276 905 2035 783 96 1 0 0 268 1033 2305 463 27 0 0 0 1702 1961 408 24 1 0 0 0
275 993 2238 536 53 1 0 0 265 1472 2024 316 19 0 0 0 1687 2044 340 25 0 0 0 0
660 1842 1408 179 7 0 0 0 595 2342 1064 95 0 0 0 0 2593 1392 109 2 0 0 0 0
