11 97 3903 85 0 0 0 0 0 21 91 135 3849 0 0 0 0 10 48 65 70 216 3687 0
0 0 4096 0 0 0 0 0 0 0 0 0 4096 0 0 0 0 0 0 0 0 0 4096 0
0 0 4096 0 0 0 0 0 0 0 0 0 4096 0 0 0 0 0 0 0 0 0 4096 0
0 0 4096 0 0 0 0 0 0 0 0 0 4096 0 0 0 0 0 0 0 0 0 4096 0
0 0 4096 0 0 0 0 0 0 0 0 0 4096 0 0 0 0 0 0 0 0 0 4096 0
0 0 4087 9 0 0 0 0 0 0 0 0 4096 0 0 0 0 0 0 0 0 0 4096 0
0 0 4090 6 0 0 0 0 0 0 0 0 4096 0 0 0 0 0 0 0 0 0 4096 0
0 0 4091 5 0 0 0 0 0 0 0 0 4096 0 0 0 0 0 0 0 0 0 4096 0
0 0 4081 15 0 0 0 0 0 0 0 0 4096 0 0 0 0 0 0 0 0 0 4096 0
0 0 4059 37 0 0 0 0 0 0 0 0 4096 0 0 0 0 0 0 0 0 0 4096 0
0 0 4017 79 0 0 0 0 0 0 0 0 4096 0 0 0 0 0 0 0 0 0 4096 0
0 0 4032 64 0 0 0 0 0 0 0 0 4096 0 0 0 0 0 0 0 0 0 4096 0
0 0 3916 180 0 0 0 0 0 0 0 0 4096 0 0 0 0 0 0 0 0 0 4096 0
0 0 3976 120 0 0 0 0 0 0 0 0 4096 0 0 0 0 0 0 0 0 0 4096 0
0 0 3933 163 0 0 0 0 0 0 0 0 4096 0 0 0 0 0 0 0 0 0 4096 0
0 0 3977 119 0 0 0 0 0 0 0 0 4096 0 0 0 0 0 0 0 0 0 4096 0
0 0 3860 236 0 0 0 0 0 0 0 0 4096 0 0 0 0 0 0 0 0 0 4096 0
0 0 3943 153 0 0 0 0 0 0 0 0 4096 0 0 0 0 0 0 0 0 0 4096 0
0 0 3855 241 0 0 0 0 0 0 0 0 4096 0 0 0 0 0 0 0 0 0 4096 0
0 0 3826 270 0 0 0 0 0 0 0 0 4096 0 0 0 0 0 0 0 0 0 4096 0
0 0 3938 158 0 0 0 0 0 0 0 0 4096 0 0 0 0 0 0 0 0 0 4096 0
0 0 3906 190 0 0 0 0 0 0 0 0 4096 0 0 0 0 0 0 0 0 0 4096 0
0 0 3868 228 0 0 0 0 0 0 0 7 4089 0 0 0 0 0 0 0 0 40 4056 0
9 41 3842 202 2 0 0 0 0 7 30 56 3996 7 0 0 0 0 3 25 63 114 3891 0
5 402 3532 157 0 0 0 0 0 64 364 794 2871 3 0 0 1 125 94 204 480 735 2457 0
332 1313 2031 410 10 0 0 0 30 894 799 461 1878 34 0 0 116 897 526 320 277 455 1505 0
4 103 3692 297 0 0 0 0 0 6 138 193 3757 2 0 0 0 35 97 58 81 254 3571 0
0 0 3977 119 0 0 0 0 0 0 0 0 4096 0 0 0 0 0 0 0 0 0 4096 0
0 0 3669 427 0 0 0 0 0 0 0 0 4096 0 0 0 0 0 0 0 0 0 4096 0
0 0 3592 504 0 0 0 0 0 0 0 0 4096 0 0 0 0 0 0 0 0 0 4096 0
0 0 3429 667 0 0 0 0 0 0 0 0 4096 0 0 0 0 0 0 0 0 0 4096 0
0 0 3375 721 0 0 0 0 0 0 0 0 4096 0 0 0 0 0 0 0 0 0 4096 0
0 0 3108 988 0 0 0 0 0 0 0 0 4096 0 0 0 0 0 0 0 0 0 4096 0
0 0 2760 1336 0 0 0 0 0 0 0 0 4096 0 0 0 0 0 0 0 0 0 4096 0
0 0 2660 1436 0 0 0 0 0 0 0 0 4096 0 0 0 0 0 0 0 0 0 4096 0
0 0 2703 1393 0 0 0 0 0 0 0 0 4096 0 0 0 0 0 0 0 0 0 4096 0
0 0 2234 1862 0 0 0 0 0 0 0 0 4096 0 0 0 0 0 0 0 0 0 4096 0
0 0 2449 1647 0 0 0 0 0 0 0 0 4096 0 0 0 0 0 0 0 0 0 4096 0
0 0 2114 1982 0 0 0 0 0 0 0 0 4096 0 0 0 0 0 0 0 0 0 4096 0
0 0 1834 2262 0 0 0 0 0 0 0 0 4096 0 0 0 0 0 0 0 0 0 4096 0
0 0 2036 2060 0 0 0 0 0 0 0 0 4096 0 0 0 0 0 0 0 0 0 4096 0
0 0 1829 2267 0 0 0 0 0 0 0 0 4096 0 0 0 0 0 0 0 0 0 4096 0
0 0 1833 2263 0 0 0 0 0 0 0 0 4096 0 0 0 0 0 0 0 0 0 4096 0
0 0 1622 2474 0 0 0 0 0 0 0 0 4096 0 0 0 0 0 0 0 0 0 4096 0
0 0 1457 2639 0 0 0 0 0 0 0 0 4096 0 0 0 0 0 0 0 0 0 4096 0
0 0 1366 2730 0 0 0 0 0 0 0 0 4096 0 0 0 0 0 0 0 0 0 4096 0
0 0 1138 2958 0 0 0 0 0 0 0 7 4089 0 0 0 0 0 0 0 1 21 4074 0
60 1151 1420 1449 16 0 0 0 2 496 978 452 2144 24 0 0 39 1037 369 255 263 394 1739 0
158 1717 1450 733 38 0 0 0 9 535 1544 698 1245 65 0 0 153 1443 606 361 345 391 797 0
529 2309 942 310 6 0 0 0 156 1547 1389 406 588 10 0 0 895 1809 367 236 177 203 409 0
1080 2339 537 131 9 0 0 0 344 2101 1235 275 125 16 0 0 792 2212 612 246 128 67 39 0
548 1822 1142 548 36 0 0 0 90 1121 1427 563 795 100 0 0 274 1281 895 430 294 322 595 5
25 146 1311 2608 6 0 0 0 2 56 130 111 3775 22 0 0 0 23 90 85 66 122 3700 10
0 0 848 3248 0 0 0 0 0 0 0 0 4063 33 0 0 0 0 0 0 0 0 4091 5
0 0 515 3581 0 0 0 0 0 0 0 0 4034 62 0 0 0 0 0 0 0 0 4084 12
0 0 418 3678 0 0 0 0 0 0 0 0 4023 73 0 0 0 0 0 0 0 0 4065 31
0 0 466 3630 0 0 0 0 0 0 0 0 3953 143 0 0 0 0 0 0 0 0 4032 64
0 0 199 3897 0 0 0 0 0 0 0 0 3957 139 0 0 0 0 0 0 0 0 4072 24
0 0 270 3826 0 0 0 0 0 0 0 0 3983 113 0 0 0 0 0 0 0 0 4094 2
0 0 118 3978 0 0 0 0 0 0 0 0 3941 155 0 0 0 0 0 0 0 0 4090 6
0 0 117 3979 0 0 0 0 0 0 0 0 3739 357 0 0 0 0 0 0 0 0 4068 28
0 0 111 3985 0 0 0 0 0 0 0 0 3463 633 0 0 0 0 0 0 0 0 4033 63
0 0 25 4071 0 0 0 0 0 0 0 0 3212 884 0 0 0 0 0 0 0 0 4032 64
0 0 31 4065 0 0 0 0 0 0 0 0 3152 944 0 0 0 0 0 0 0 0 3998 98
0 0 23 4073 0 0 0 0 0 0 0 0 2884 1212 0 0 0 0 0 0 0 0 3950 146
0 0 30 4066 0 0 0 0 0 0 0 0 2767 1329 0 0 0 0 0 0 0 0 3872 224
0 0 17 4079 0 0 0 0 0 0 0 0 2732 1364 0 0 0 0 0 0 0 0 3962 134
0 0 6 4090 0 0 0 0 0 0 0 0 2799 1297 0 0 0 0 0 0 0 0 3896 200
0 0 24 4072 0 0 0 0 0 0 0 0 2972 1124 0 0 0 0 0 0 0 0 3949 147
0 1 11 4084 0 0 0 0 0 0 0 5 3157 934 0 0 0 0 0 0 1 11 4036 48
77 234 191 3551 43 0 0 0 10 110 196 137 3070 572 1 0 1 195 150 83 49 81 3507 30
109 1357 958 1616 55 1 0 0 2 553 1301 463 1628 147 2 0 81 1393 395 253 290 312 1370 2
698 2729 430 214 25 0 0 0 114 2194 1350 147 249 42 0 0 561 2870 241 95 64 103 162 0
1069 2729 249 38 11 0 0 0 269 2738 969 86 26 8 0 0 1492 2362 143 60 32 7 0 0
1128 2096 779 93 0 0 0 0 395 2248 667 155 631 0 0 0 1670 1550 90 120 665 1 0 0
1946 1977 149 20 4 0 0 0 948 2480 613 38 14 3 0 0 2403 1514 117 38 17 5 2 0
1230 2486 343 22 15 0 0 0 382 2464 1128 91 18 13 0 0 1701 2028 272 53 21 16 5 0
157 1040 587 2254 58 0 0 0 15 505 815 326 1533 902 0 0 190 632 372 248 209 314 1979 152
0 0 2 4091 3 0 0 0 0 0 0 0 1083 3013 0 0 0 0 0 0 0 2 2464 1630
0 1 14 4078 3 0 0 0 0 0 0 3 802 3290 1 0 0 0 0 0 2 14 2474 1606
0 0 0 4096 0 0 0 0 0 0 0 0 719 3377 0 0 0 0 0 0 0 0 2537 1559
0 0 0 4096 0 0 0 0 0 0 0 0 545 3551 0 0 0 0 0 0 0 0 2681 1415
0 0 0 4096 0 0 0 0 0 0 0 0 625 3471 0 0 0 0 0 0 0 0 3674 422
0 0 0 4096 0 0 0 0 0 0 0 0 751 3345 0 0 0 0 0 0 0 0 4003 93
0 0 0 4096 0 0 0 0 0 0 0 0 543 3553 0 0 0 0 0 0 0 0 4001 95
1 1 5 4085 4 0 0 0 0 0 1 2 247 3845 1 0 0 0 0 1 2 5 3903 185
25 98 107 3834 32 0 0 0 0 17 104 97 174 3697 7 0 0 34 108 68 36 27 3663 160
45 299 374 3255 109 14 0 0 0 43 289 347 269 3129 19 0 3 124 310 231 156 121 2974 177
90 405 418 3008 165 10 0 0 1 71 389 393 292 2923 27 0 7 177 353 281 178 165 2589 346
23 54 70 3919 30 0 0 0 2 17 56 65 53 3898 5 0 0 24 71 29 25 23 1754 2170
0 0 0 4096 0 0 0 0 0 0 0 0 8 4088 0 0 0 0 0 0 0 0 1194 2902
0 0 0 4096 0 0 0 0 0 0 0 0 5 4091 0 0 0 0 0 0 0 0 1526 2570
0 0 0 4096 0 0 0 0 0 0 0 0 14 4082 0 0 0 0 0 0 0 0 1669 2427
730 515 115 2548 147 19 14 8 141 987 160 115 113 2546 22 12 7 885 344 86 93 88 1493 1100
117 540 648 2605 181 5 0 0 17 220 501 460 986 1897 15 0 30 302 334 355 551 400 1789 335
154 445 472 2890 130 5 0 0 11 184 396 329 1580 1585 11 0 23 241 295 255 1369 199 1575 139
210 1376 996 1501 12 1 0 0 20 1027 742 229 2066 12 0 0 162 1464 219 182 2062 6 1 0
624 757 1497 1207 11 0 0 0 375 778 359 106 2460 18 0 0 584 735 186 127 2457 7 0 0
958 384 1935 809 9 1 0 0 824 427 222 130 2480 13 0 0 895 388 190 134 2484 5 0 0
950 324 2624 184 14 0 0 0 903 322 868 51 1943 9 0 0 955 372 777 64 1923 5 0 0
1678 2093 277 45 3 0 0 0 705 2236 884 242 29 0 0 0 2847 1152 89 8 0 0 0 0
864 2571 559 83 17 2 0 0 100 1628 1812 462 80 14 0 0 2679 1289 107 20 1 0 0 0
646 2204 752 361 128 5 0 0 182 959 1724 747 170 304 10 0 1753 1339 390 169 83 74 182 106
149 955 829 1890 261 12 0 0 2 189 840 801 459 1765 40 0 299 714 437 330 302 282 904 828
20 121 208 3589 155 3 0 0 0 20 74 192 205 3586 19 0 0 9 89 111 132 165 704 2886
0 0 0 4096 0 0 0 0 0 0 0 0 0 4096 0 0 0 0 0 0 0 0 963 3133
0 0 0 4085 11 0 0 0 0 0 0 0 0 4096 0 0 0 0 0 0 0 0 1016 3080
0 0 0 4091 5 0 0 0 0 0 0 0 0 4096 0 0 0 0 0 0 0 0 1010 3086
0 0 0 4042 54 0 0 0 0 0 0 0 0 4096 0 0 0 0 0 0 0 0 1365 2731
0 0 0 4007 89 0 0 0 0 0 0 0 0 4096 0 0 0 0 0 0 0 0 1454 2642
222 873 535 2148 294 24 0 0 8 241 831 481 298 2187 50 0 2 242 810 410 234 193 1391 814
193 1914 766 959 246 18 0 0 6 447 1779 628 306 883 47 0 3 908 1498 403 249 178 735 122
211 2882 771 164 54 14 0 0 8 903 2420 576 123 58 8 0 60 2635 1081 196 69 37 17 1
391 2259 907 297 188 34 17 3 17 1040 1786 801 261 156 31 4 112 2175 1023 381 196 105 89 15
306 1463 927 1069 293 37 1 0 19 442 1380 832 433 910 80 0 161 1226 868 420 343 188 478 412
47 305 278 3228 228 10 0 0 1 49 265 299 992 2454 36 0 40 236 187 150 958 76 205 2244
10 65 103 3810 108 0 0 0 3 10 21 123 1756 2183 0 0 6 7 15 88 1757 55 96 2072
474 173 199 3185 64 1 0 0 182 360 78 163 2020 1292 1 0 346 211 71 124 2026 49 117 1152
743 329 688 2252 81 3 0 0 384 580 595 140 2080 315 2 0 605 465 471 137 2091 34 72 221
748 252 1392 1692 11 1 0 0 551 378 1179 150 1814 24 0 0 713 319 1101 137 1818 8 0 0
715 271 2305 794 11 0 0 0 448 517 2006 55 1061 9 0 0 663 468 1836 75 1048 6 0 0
769 242 2890 184 11 0 0 0 523 462 2588 227 283 13 0 0 698 389 2400 322 283 4 0 0
461 260 3375 0 0 0 0 0 372 301 3326 97 0 0 0 0 430 326 3046 294 0 0 0 0
4 126 3966 0 0 0 0 0 2 59 3884 151 0 0 0 0 3 113 3638 342 0 0 0 0
0 57 4038 1 0 0 0 0 0 0 3815 281 0 0 0 0 0 0 3774 322 0 0 0 0
1505 2177 384 24 6 0 0 0 547 1850 1445 231 20 3 0 0 2910 1104 73 8 1 0 0 0
1214 2286 504 73 19 0 0 0 331 1840 1365 464 77 18 1 0 2832 1135 111 18 0 0 0 0
974 2397 603 94 27 1 0 0 31 1464 1899 573 107 21 1 0 2742 1161 147 42 4 0 0 0
686 2149 718 317 211 15 0 0 41 1078 1750 667 278 243 39 0 1507 1502 406 204 126 118 176 57
18 458 707 2187 699 20 6 1 0 30 516 615 410 2477 46 2 21 428 442 253 224 277 1313 1138
0 365 852 2592 281 6 0 0 0 12 569 625 324 2557 9 0 3 195 562 342 233 217 1901 643
15 581 692 2040 734 34 0 0 0 17 559 605 379 2448 88 0 1 189 520 325 328 266 1411 1056
41 538 564 1547 1368 38 0 0 0 34 496 518 356 2571 121 0 1 149 479 295 302 276 598 1996
38 339 511 865 2295 48 0 0 0 33 281 502 320 2813 147 0 0 47 250 353 297 243 525 2381
222 546 369 653 2212 94 0 0 12 244 507 353 259 2534 187 0 2 160 454 351 234 232 498 2165
293 1963 810 679 299 45 6 1 19 948 1494 663 609 300 62 1 13 866 1637 567 533 245 164 71
145 2053 487 1360 45 6 0 0 10 643 1764 312 1325 37 5 0 7 1196 1305 218 1289 74 6 1
145 1954 398 1581 18 0 0 0 1 1320 1009 202 1546 18 0 0 6 1864 505 171 1536 14 0 0
163 1221 1041 1608 50 13 0 0 14 1102 1159 196 1581 39 5 0 22 1216 1047 186 1587 32 6 0
230 558 1654 1626 24 4 0 0 29 663 1630 118 1621 34 1 0 43 799 1509 96 1624 18 7 0
385 377 2369 946 19 0 0 0 26 692 2225 186 939 28 0 0 81 752 2158 147 948 10 0 0
490 321 3086 193 6 0 0 0 48 718 2891 234 192 13 0 0 111 785 2838 167 189 6 0 0
132 138 3824 2 0 0 0 0 9 250 3330 507 0 0 0 0 100 322 3119 555 0 0 0 0
0 5 4026 65 0 0 0 0 0 0 3399 697 0 0 0 0 0 3 3344 749 0 0 0 0
0 1 4018 77 0 0 0 0 0 0 3251 845 0 0 0 0 0 0 3242 854 0 0 0 0
0 0 4079 17 0 0 0 0 0 0 3672 423 1 0 0 0 0 0 3455 640 1 0 0 0
0 0 3805 138 71 50 32 0 0 0 3085 844 67 66 34 0 0 0 2901 1040 64 68 23 0
0 0 3662 289 65 80 0 0 0 0 2882 1047 69 98 0 0 0 0 2846 1087 72 91 0 0
0 0 3419 334 187 132 24 0 0 0 3043 655 193 171 34 0 0 0 2970 744 188 168 26 0
0 22 2783 429 516 315 31 0 0 0 2596 558 536 356 50 0 0 1 2392 794 552 340 17 0
889 2730 429 41 5 2 0 0 50 1510 2072 424 34 4 2 0 3019 990 80 6 1 0 0 0
842 2531 635 81 7 0 0 0 45 1490 1877 612 63 9 0 0 2911 1077 93 14 1 0 0 0
1186 2387 438 62 21 2 0 0 80 1806 1753 381 55 20 1 0 3113 875 78 25 5 0 0 0
646 2529 735 122 62 2 0 0 19 1071 2131 693 125 56 1 0 2483 1416 158 38 1 0 0 0
102 2086 1680 177 41 10 0 0 5 190 2113 1561 183 35 9 0 1060 2570 292 111 37 18 8 0
54 2649 1212 153 25 3 0 0 0 318 2699 928 131 18 2 0 499 3070 459 51 13 4 0 0
248 2870 552 262 160 4 0 0 12 768 2483 425 221 186 1 0 251 3040 373 60 148 223 1 0
239 2227 704 649 266 11 0 0 10 780 1879 517 502 406 2 0 130 2358 613 114 330 551 0 0
138 1095 1338 1035 423 66 1 0 9 623 1525 421 652 775 91 0 16 847 1397 278 431 845 159 123
118 523 1798 1201 452 4 0 0 6 487 1847 97 777 854 28 0 7 516 1726 172 359 962 69 285
88 494 2537 947 30 0 0 0 1 483 2337 300 891 84 0 0 0 506 2162 456 613 359 0 0
34 477 3386 183 16 0 0 0 1 458 2432 1010 182 13 0 0 1 465 1853 1583 186 8 0 0
0 74 4012 10 0 0 0 0 0 62 2602 1432 0 0 0 0 0 63 2335 1698 0 0 0 0
0 0 3883 213 0 0 0 0 0 0 2328 1768 0 0 0 0 0 0 2886 1210 0 0 0 0
0 0 3994 95 5 2 0 0 0 0 1927 2161 5 3 0 0 0 0 2304 1785 4 3 0 0
0 2 3786 238 25 33 12 0 0 0 2064 1953 33 26 20 0 0 0 2643 1380 30 33 10 0
0 0 3454 404 77 101 60 0 0 0 1775 2060 87 103 71 0 0 0 2347 1502 90 136 21 0
0 0 3025 489 279 159 144 0 0 0 1331 2133 312 157 163 0 0 0 1503 2002 305 202 84 0
0 0 1928 957 625 352 234 0 0 0 733 2117 645 322 279 0 0 1 1526 1437 672 358 102 0
0 0 1064 978 1092 551 411 0 0 0 709 1279 1099 510 499 0 0 0 1236 1010 1020 723 107 0
0 0 1194 509 1503 547 343 0 0 0 926 714 1521 550 385 0 0 0 875 918 1493 691 119 0
0 0 776 477 1532 780 531 0 0 0 648 548 1436 836 628 0 0 0 670 636 1542 1038 210 0
0 0 423 579 1778 1017 299 0 0 0 236 669 1911 965 315 0 0 0 414 764 1963 826 129 0
0 0 156 434 2556 870 80 0 0 0 151 271 2643 869 162 0 0 0 178 401 2897 580 40 0
0 0 242 588 2134 855 277 0 0 0 221 489 2187 873 326 0 0 0 260 587 2305 932 12 0
1601 2124 308 60 3 0 0 0 262 2299 1272 215 44 4 0 0 3087 884 108 17 0 0 0 0
808 2567 627 86 8 0 0 0 132 1305 1987 595 67 10 0 0 2754 1188 134 18 2 0 0 0
1856 1714 399 102 25 0 0 0 356 2182 1075 360 96 27 0 0 3227 736 107 25 1 0 0 0
2033 1788 220 38 15 2 0 0 253 2758 897 148 29 9 2 0 3219 750 93 26 8 0 0 0
405 2774 779 106 24 8 0 0 5 1096 2188 685 92 26 4 0 2194 1704 152 35 9 2 0 0
60 1796 1914 269 55 2 0 0 2 176 2508 1165 203 41 1 0 649 2520 821 93 13 0 0 0
46 558 2909 324 141 87 31 0 6 264 2701 688 224 165 48 0 74 930 2448 273 192 151 28 0
0 71 3296 204 212 175 138 0 0 50 3020 478 225 165 158 0 0 67 3028 503 218 174 106 0
0 41 2905 178 517 258 197 0 0 3 2811 293 523 256 210 0 0 2 2743 447 505 284 115 0
0 27 2544 192 681 358 294 0 0 2 2128 624 656 379 307 0 0 9 2074 727 713 359 214 0
0 25 2491 268 723 331 258 0 0 0 1765 984 733 335 279 0 0 2 1525 1384 691 385 109 0
0 0 2176 439 664 494 323 0 0 0 379 2218 661 505 333 0 0 0 243 2415 705 525 208 0
0 0 1812 593 767 596 328 0 0 0 91 2298 769 599 339 0 0 0 156 2292 869 601 178 0
0 0 1207 692 1000 759 438 0 0 0 178 1687 990 766 475 0 0 0 510 1545 1092 709 240 0
0 0 886 640 1070 656 844 0 0 0 186 1306 1062 677 865 0 0 0 327 1335 1089 935 410 0
0 0 380 434 1716 1065 501 0 0 0 89 688 1679 1074 566 0 0 0 267 839 1847 912 231 0
0 0 64 310 2052 1183 487 0 0 0 30 305 1994 1237 530 0 0 0 144 648 2134 1138 32 0
0 0 95 200 2033 889 879 0 0 0 64 206 2028 865 933 0 0 0 132 372 2019 1223 350 0
0 0 98 223 1635 1345 791 4 0 0 80 218 1588 1425 779 6 0 0 198 421 2194 889 394 0
0 0 67 358 1464 1499 708 0 0 0 65 323 1450 1488 770 0 0 0 228 442 2042 1161 223 0
0 0 108 172 2311 821 684 0 0 0 111 136 2314 848 687 0 0 0 122 328 2337 1138 171 0
0 0 255 373 1913 902 653 0 0 0 255 318 1841 988 694 0 0 0 304 490 1898 1206 198 0
0 0 75 192 1668 1362 794 5 0 0 73 180 1639 1398 801 5 0 0 146 403 2112 1042 393 0
0 8 71 422 2165 1111 315 4 0 2 76 354 2028 1253 379 4 0 2 191 463 2545 772 123 0
0 0 158 457 2031 1011 439 0 0 0 124 420 1993 1133 426 0 0 0 202 461 2253 1159 21 0
2324 1375 329 51 17 0 0 0 1094 1853 816 263 57 13 0 0 3294 661 114 26 1 0 0 0
1637 1940 434 71 14 0 0 0 788 1616 1243 368 72 9 0 0 2964 989 111 30 2 0 0 0
1998 1714 319 51 13 1 0 0 337 2455 975 270 54 5 0 0 3271 719 81 24 1 0 0 0
1868 1830 314 59 21 4 0 0 768 2096 897 255 59 18 3 0 3086 876 110 19 5 0 0 0
1367 1419 233 146 364 296 267 4 882 1527 553 188 374 301 265 6 1820 1033 185 273 317 318 146 4
12 333 515 549 1094 840 748 5 0 100 491 659 1168 866 805 7 68 477 442 859 923 833 494 0
0 55 123 255 1393 1300 956 14 0 40 92 243 1390 1319 993 19 1 59 161 600 1416 1146 713 0
41 207 266 247 1375 1196 763 1 3 177 268 230 1353 1270 793 2 3 166 280 514 1608 969 555 1
20 331 269 215 1650 958 653 0 0 165 379 229 1607 1041 674 1 1 154 382 352 1873 874 460 0
2 64 94 47 1684 1346 855 4 0 33 98 60 1599 1440 862 4 1 32 91 144 2140 994 693 1
1 30 36 104 1745 1349 826 5 0 25 42 98 1619 1477 821 14 1 34 52 238 2181 1092 498 0
104 704 508 306 1038 865 567 4 31 517 622 326 1035 961 588 16 12 457 689 385 1189 911 441 12
0 0 0 0 1598 1609 889 0 0 0 0 0 1492 1708 896 0 0 0 0 28 2037 1477 554 0
0 0 11 176 1401 1387 1107 14 0 0 9 157 1303 1476 1131 20 0 0 36 314 1846 1204 696 0
0 0 7 208 1602 1089 1190 0 0 0 6 183 1532 1163 1212 0 0 0 17 353 1859 1252 615 0
156 905 612 343 708 852 434 86 59 760 658 466 639 927 497 90 85 838 654 456 864 733 391 75
57 651 287 310 1163 969 600 59 15 516 373 360 1072 1070 614 76 19 581 342 420 1384 1004 269 77
0 0 15 241 1932 911 997 0 0 0 8 239 1892 954 1003 0 0 0 61 247 2146 1223 419 0
0 0 89 404 1638 1021 931 13 0 0 68 386 1591 1087 946 18 0 0 165 428 1889 1098 516 0
0 0 29 618 938 1691 819 1 0 0 19 604 835 1804 832 2 0 0 99 620 1641 1289 446 1
0 0 60 132 1918 1208 778 0 0 0 62 114 1834 1308 778 0 0 0 94 151 2270 1400 181 0
15 581 440 417 1255 673 679 36 9 562 424 388 1225 737 669 82 16 588 431 458 1248 979 280 96
267 1732 841 493 279 427 54 3 121 1758 645 705 304 446 111 6 136 1749 621 701 304 376 207 2
1312 918 478 468 326 573 21 0 660 1432 475 475 290 595 169 0 796 1274 462 452 312 421 379 0
0 0 194 494 2213 898 297 0 0 0 148 462 2236 956 294 0 0 0 186 521 2242 1020 127 0
3390 242 112 84 103 113 52 0 3176 447 122 85 109 112 45 0 3444 214 120 88 121 91 18 0
1423 1412 547 200 125 245 143 1 1053 1355 917 228 154 227 162 0 1848 1107 513 146 128 282 72 0
566 985 1003 580 427 270 242 23 150 1075 1126 687 483 292 260 23 710 1087 835 579 386 303 174 22
293 1125 1325 748 367 206 25 7 170 876 1397 900 479 225 41 8 297 939 1333 783 500 209 28 7
46 117 779 1962 911 254 21 6 23 93 388 1931 1289 329 37 6 45 83 326 1824 1395 350 67 6
1 28 186 1120 1937 703 102 19 0 15 139 690 2303 760 171 18 0 12 127 693 2396 664 183 21
1 35 143 537 1798 1157 420 5 0 26 130 378 1838 1240 476 8 0 18 136 386 2017 1137 394 8
0 45 494 954 1367 1012 224 0 0 14 379 848 1466 1112 276 1 0 15 300 855 1703 990 232 1
8 234 832 476 1189 1105 249 3 0 95 851 544 1090 1218 293 5 0 96 825 594 1241 1110 226 4
0 91 605 966 839 750 625 220 0 53 438 1119 799 830 613 244 0 44 389 1158 950 712 564 279
0 0 88 205 900 1948 917 38 0 0 90 204 874 1981 905 42 0 0 104 214 1504 1642 591 41
362 1277 400 388 545 634 454 36 119 1333 505 332 594 652 500 61 104 1353 493 323 641 665 439 78
0 0 0 0 1082 1919 1094 1 0 0 0 0 1000 1993 1103 0 0 0 0 0 1787 1593 716 0
0 0 0 0 1186 1623 1287 0 0 0 0 0 1135 1672 1289 0 0 0 0 32 1869 1428 767 0
0 0 0 46 1400 1459 1191 0 0 0 0 40 1345 1499 1212 0 0 0 0 182 1944 1322 648 0
9 1764 734 129 384 423 620 33 0 1647 834 142 373 393 671 36 0 1507 967 148 427 350 660 37
41 883 384 194 594 1029 858 113 0 790 495 210 599 961 884 157 0 546 727 240 1045 795 577 166
0 0 12 213 1764 1124 983 0 0 0 5 213 1724 1154 1000 0 0 0 45 229 2126 1389 307 0
0 35 619 288 1485 803 674 192 0 30 586 330 1410 887 660 193 0 26 634 336 1558 1035 309 198
0 63 647 856 627 683 845 375 0 36 654 896 569 721 819 401 0 31 645 894 651 723 637 515
5 13 149 651 1357 1227 622 72 0 16 143 631 1285 1304 636 81 0 22 180 627 1626 1345 195 101
20 467 337 555 1434 685 581 17 17 408 390 497 1374 748 628 34 8 429 436 428 1433 1020 298 44
218 1493 784 464 309 528 299 1 124 1387 914 430 293 522 399 27 68 1359 961 390 292 449 519 58
543 1099 698 378 403 565 394 16 200 1223 810 364 331 546 569 53 188 1158 843 355 311 523 613 105
0 1 155 535 2075 1024 306 0 0 1 128 464 2033 1109 361 0 0 1 117 464 1965 1321 228 0
2710 511 761 63 19 20 12 0 2346 706 408 581 27 19 9 0 2899 1079 55 26 14 23 0 0
1951 1183 617 244 65 27 9 0 1417 1509 486 537 81 54 12 0 2150 1317 411 114 60 36 8 0
526 528 731 1018 993 223 72 5 249 587 598 1042 1029 508 71 12 431 668 523 866 1012 520 72 4
2 85 728 1332 1098 704 133 14 1 32 500 1126 1352 904 164 17 1 33 504 988 1475 928 150 17
0 64 380 1551 1172 823 86 20 0 29 247 1114 1519 1029 134 24 0 20 240 1081 1524 1046 161 24
1 159 335 921 2135 482 61 2 0 57 375 654 2330 613 65 2 1 62 361 662 2371 587 51 1
0 84 409 1818 1248 361 149 27 0 35 287 1519 1615 423 176 41 0 21 241 1192 1907 495 189 51
0 43 182 740 2174 718 208 31 0 21 159 429 2290 900 258 39 0 11 160 381 2301 910 272 61
0 35 120 670 1667 1107 447 50 0 8 112 498 1682 1220 491 85 0 10 101 497 1704 1184 480 120
0 14 131 1169 1419 874 456 33 0 11 110 1067 1415 907 517 69 0 8 180 1055 1408 869 484 92
0 0 60 483 1244 1549 720 40 0 0 56 434 1319 1489 755 43 0 1 67 477 1495 1325 682 49
0 10 153 807 958 1495 625 48 0 0 101 787 961 1524 656 67 0 3 158 792 1160 1401 509 73
0 0 0 93 916 2001 1052 34 0 0 0 72 874 2032 1078 40 0 0 0 94 1399 1761 810 32
0 0 0 280 1049 1692 1037 38 0 0 0 252 1134 1625 1045 40 0 0 2 291 1632 1358 775 38
0 0 17 315 1180 1675 873 36 0 0 8 257 1146 1739 904 42 0 0 10 295 1597 1507 644 43
0 550 326 1238 555 736 682 9 0 514 303 1251 570 703 741 14 0 417 439 1280 730 650 562 18
13 363 118 799 787 1203 726 87 0 349 129 728 852 1191 728 119 0 268 229 767 1305 976 416 135
0 0 3 333 1130 1609 1002 19 0 0 2 310 1164 1588 999 33 0 0 13 342 1882 1383 433 43
0 11 878 1017 1159 611 390 30 0 6 695 1245 1127 664 326 33 0 14 841 1144 1298 648 117 34
0 47 1782 1540 326 161 211 29 0 33 1409 1721 508 173 219 33 0 30 1446 1523 630 204 203 60
0 1 124 863 1202 1348 528 30 0 0 90 811 1123 1480 541 51 0 0 93 812 1343 1425 368 55
30 323 214 765 1283 1033 434 14 14 334 176 782 1269 1010 495 16 7 289 249 827 1401 1029 276 18
576 1467 524 828 396 264 41 0 332 1637 478 858 430 296 65 0 194 1686 498 889 440 293 96 0
993 926 511 633 421 480 130 2 650 1184 462 657 425 455 256 7 427 1337 481 682 408 428 297 36
0 0 30 346 2015 1257 439 9 0 0 40 281 1943 1339 482 11 0 0 22 313 1998 1426 319 18
0 17 2775 1237 66 1 0 0 0 0 161 3580 353 2 0 0 26 3363 699 8 0 0 0 0
313 1351 1492 814 118 7 1 0 50 1089 928 1494 511 23 1 0 755 2303 931 94 8 4 1 0
89 594 1392 1086 399 198 192 146 0 273 662 1764 825 231 189 152 296 1289 1282 332 369 196 186 146
0 105 249 714 900 882 978 268 38 127 96 668 957 965 989 256 74 244 475 401 710 1028 949 215
0 2 37 495 1247 1477 762 76 0 2 16 340 1232 1633 789 84 0 3 18 331 1258 1644 775 67
3 73 443 760 919 1044 772 82 0 44 428 777 939 1055 774 79 0 36 438 845 916 1091 696 74
0 7 152 1001 1469 948 486 33 0 1 77 630 1814 1071 476 27 0 3 66 590 1833 1154 426 24
0 6 171 947 1257 1251 433 31 0 1 81 686 1509 1361 434 24 0 0 81 653 1595 1329 421 17
0 52 230 1003 1181 1083 510 37 0 22 183 715 1439 1182 516 39 0 20 165 650 1596 1175 453 37
0 61 370 1146 1327 793 353 46 0 24 286 1095 1430 844 364 53 0 15 296 1040 1483 843 358 61
0 36 269 804 1590 1174 216 7 0 6 230 611 1717 1250 274 8 0 2 235 650 1815 1132 259 3
0 43 284 814 959 1449 506 41 0 14 227 631 1133 1494 543 54 0 8 228 584 1273 1494 442 67
0 19 175 775 1351 1351 410 15 0 1 154 695 1334 1453 443 16 0 2 158 688 1499 1356 368 25
0 36 276 440 1008 1709 579 48 0 10 246 410 1181 1593 590 66 0 9 224 429 1483 1424 451 76
0 19 116 366 1299 1786 496 14 0 1 88 268 1252 1907 550 30 0 1 82 251 1430 1801 494 37
0 0 0 129 992 2084 863 28 0 0 0 91 949 2113 901 42 0 0 0 96 1184 2089 682 45
0 0 1 323 1168 1923 673 8 0 0 0 240 1145 1984 714 13 0 0 0 274 1503 1804 502 13
0 0 0 174 966 2148 792 16 0 0 0 151 1000 2135 791 19 0 0 0 170 1514 1919 475 18
0 14 347 1550 1032 865 265 23 0 19 375 1512 981 872 304 33 0 42 517 1434 1032 760 266 45
0 10 424 2706 649 255 49 3 0 0 248 2690 799 253 96 10 0 1 266 2615 856 227 121 10
0 0 72 633 1345 1625 419 2 0 0 38 561 1306 1716 469 6 0 0 24 582 1613 1516 350 11
0 1 66 763 1551 1288 426 1 0 0 70 778 1587 1252 404 5 0 0 111 1009 1645 1122 203 6
0 1 74 930 1389 1298 403 1 0 0 45 884 1351 1393 420 3 0 0 32 928 1520 1373 239 4
0 7 183 1039 1340 1255 271 1 0 4 104 1003 1317 1348 318 2 0 0 98 1011 1497 1253 226 11
0 4 110 481 2032 1063 395 11 0 12 129 516 1948 1103 373 15 0 17 132 517 2028 1207 175 20
9 1110 2036 784 153 4 0 0 1 218 1617 1996 255 8 1 0 372 3055 600 67 2 0 0 0
281 1318 1673 668 146 10 0 0 86 986 1191 1590 236 7 0 0 675 2482 725 199 15 0 0 0
130 2175 1484 276 28 3 0 0 0 803 1913 1189 173 18 0 0 799 2881 373 33 10 0 0 0
188 1602 1498 660 132 16 0 0 0 591 1551 1521 409 17 7 0 438 2632 885 125 16 0 0 0
450 1959 578 369 359 207 107 67 88 1761 1041 522 322 205 107 50 729 2066 438 296 242 193 116 16
70 1061 1108 699 570 399 149 40 27 906 1173 843 597 383 128 39 160 1350 855 665 582 332 126 26
4 37 156 545 1362 1061 679 252 5 31 131 503 1328 1199 676 223 11 45 149 522 1404 1154 650 161
0 12 159 726 1251 784 810 354 0 7 144 527 1435 882 782 319 0 11 164 533 1450 936 757 245
0 1 58 473 609 670 1603 682 0 0 38 236 841 791 1598 592 0 0 38 218 831 1006 1554 449
1 10 112 637 588 843 1312 593 1 7 84 401 871 896 1400 436 1 11 101 440 903 997 1398 245
0 0 22 170 662 927 1830 485 0 0 11 104 709 1162 1807 303 0 0 13 119 768 1534 1559 103
0 38 202 1065 1213 785 631 162 0 35 142 623 1678 861 630 127 0 34 144 609 1751 946 558 54
0 3 56 366 817 1096 1389 369 0 1 54 358 832 1264 1343 244 0 3 69 418 911 1402 1211 82
0 11 205 1321 1343 661 431 124 0 8 132 1006 1685 713 459 93 0 7 151 954 1805 709 420 50
1 14 166 726 1505 1222 413 49 1 10 121 629 1577 1302 429 27 0 11 127 679 1742 1219 311 7
0 154 937 1520 841 432 186 26 0 113 729 1543 987 473 217 34 0 94 669 1514 1044 503 231 41
0 50 358 743 1429 1163 330 23 0 8 308 643 1510 1243 358 26 0 6 283 644 1591 1240 294 38
0 13 255 705 1553 1226 338 6 0 0 201 634 1591 1276 382 12 0 3 183 631 1754 1187 317 21
0 8 425 1678 1276 641 68 0 0 3 417 1552 1330 722 72 0 0 8 476 1555 1328 660 69 0
0 4 638 2278 895 216 57 8 0 2 405 2162 1191 250 76 10 0 1 413 2140 1220 226 80 16
0 0 5 515 1256 1861 458 1 0 0 3 405 1265 1957 466 0 0 0 6 474 1459 1891 266 0
0 0 1 213 1220 2196 463 3 0 0 5 234 1419 2028 410 0 0 1 53 441 1676 1686 239 0
0 0 0 205 1320 1904 667 0 0 0 0 180 1209 2026 681 0 0 0 0 216 1579 1958 343 0
0 0 11 630 1424 1748 283 0 0 0 4 534 1405 1841 312 0 0 0 4 532 1698 1663 199 0
0 1 64 392 1930 1283 426 0 0 8 95 410 1835 1306 442 0 0 22 100 480 1945 1363 186 0
0 19 1343 2651 82 1 0 0 0 0 192 3417 484 3 0 0 39 2145 1872 39 1 0 0 0
1 43 1415 2430 206 1 0 0 0 2 254 3189 643 8 0 0 71 2216 1741 68 0 0 0 0
0 265 2713 1081 37 0 0 0 0 0 524 3368 195 9 0 0 300 3317 462 17 0 0 0 0
0 358 3300 424 14 0 0 0 0 0 473 3329 284 10 0 0 534 3296 257 9 0 0 0 0
17 147 1558 1785 528 60 1 0 2 41 187 1984 1612 256 14 0 230 1973 1480 363 48 2 0 0
2 78 1107 2176 601 122 10 0 0 7 262 1691 1802 293 41 0 68 1287 2236 416 86 3 0 0
1 296 967 1947 558 103 72 152 19 259 309 1649 1454 190 78 138 93 1097 2001 543 107 53 82 120
6 311 558 1159 876 456 533 197 18 293 346 1079 1130 504 553 173 83 602 1011 687 623 424 572 94
0 169 198 486 849 812 1172 410 9 213 164 463 790 875 1242 340 18 251 183 427 778 965 1224 250
91 231 470 930 937 626 512 299 69 241 456 767 1090 655 567 251 69 250 485 771 1095 690 596 140
8 80 304 551 1001 577 1097 478 4 75 307 566 920 744 1154 326 5 80 334 571 902 933 1139 132
7 109 255 654 1693 538 616 224 4 110 276 449 1842 637 637 141 3 128 294 428 1756 829 588 70
16 217 386 351 254 546 1657 669 11 222 403 335 268 697 1736 424 9 221 403 341 313 1007 1638 164
6 67 178 1194 1372 463 507 309 3 60 149 726 1810 544 565 239 4 52 181 723 1759 670 581 126
0 0 25 73 137 769 2270 822 0 0 28 79 172 998 2383 436 0 2 31 85 237 1496 2063 182
0 22 297 622 508 645 1607 395 0 18 233 590 612 924 1589 130 0 20 249 561 696 1354 1180 36
0 0 96 750 1106 975 1000 169 0 0 55 571 1273 1205 899 93 0 0 65 590 1327 1454 624 36
0 1 38 361 928 1546 1152 70 0 1 32 351 1021 1774 901 16 0 1 33 450 1191 1955 464 2
0 1 186 1177 1266 839 558 69 0 0 181 1114 1291 935 553 22 0 2 213 1198 1263 967 441 12
0 3 331 2083 1269 293 104 13 0 3 243 1835 1578 314 118 5 0 2 259 1883 1535 313 103 1
0 0 6 369 1574 1796 351 0 0 0 5 334 1563 1851 343 0 0 0 12 432 1751 1708 193 0
0 0 19 187 1697 1671 522 0 0 0 12 228 2046 1395 415 0 0 0 42 503 2125 1245 181 0
0 3 205 600 1639 1100 547 2 0 1 121 618 1652 1136 566 2 0 0 115 696 1723 1159 402 1
0 0 48 837 1355 1673 183 0 0 0 27 760 1387 1717 204 1 0 0 35 780 1481 1644 154 2
0 29 85 374 1861 1345 402 0 0 34 94 326 1896 1339 407 0 0 50 101 368 1973 1459 145 0
0 1 667 2069 1118 239 2 0 0 0 162 2976 936 22 0 0 9 1162 2287 627 11 0 0 0
0 14 870 2314 863 35 0 0 0 3 340 3088 637 27 1 0 47 1688 2073 272 16 0 0 0
0 23 1266 1665 1112 30 0 0 0 1 605 2912 569 9 0 0 99 1753 1795 445 4 0 0 0
0 9 1404 1997 633 47 6 0 0 4 272 3334 462 20 4 0 44 2426 1373 235 14 4 0 0
0 17 1345 2417 289 21 7 0 0 2 193 2870 959 60 12 0 167 2665 1130 114 14 6 0 0
1 215 2215 1423 210 32 0 0 0 2 442 2546 976 118 12 0 427 2608 916 124 21 0 0 0
3 226 1802 1633 385 45 2 0 0 4 291 2018 1497 261 24 1 166 1684 1771 413 56 5 1 0
19 314 1709 1643 370 41 0 0 1 28 389 1968 1404 278 28 0 186 1413 1948 477 69 3 0 0
3 259 1073 1889 688 127 21 36 0 222 552 1583 1339 312 59 29 94 1020 2037 724 148 24 22 27
7 400 513 1162 1066 404 308 236 12 476 378 1204 1054 424 330 218 90 828 1165 789 392 300 304 228
0 374 300 542 807 728 967 378 0 532 235 693 586 770 944 336 0 562 415 556 541 817 967 238
1 24 256 670 1137 867 817 324 0 16 269 657 1041 1010 903 200 1 33 306 655 1014 1095 899 93
180 1009 860 505 417 395 534 196 145 982 902 505 422 430 569 141 139 978 934 511 423 500 549 62
147 692 727 1004 1047 442 28 9 113 644 670 755 1266 590 51 7 93 565 696 739 1168 731 102 2
6 154 442 595 438 732 1478 251 0 116 453 585 468 907 1480 87 0 95 427 604 511 1279 1150 30
0 0 79 294 429 660 2202 432 0 0 65 210 509 958 2199 155 0 0 70 207 534 1527 1731 27
0 0 8 499 1060 848 1498 183 0 0 6 252 1192 1088 1442 116 0 0 9 252 1147 1420 1230 38
0 0 0 0 96 852 2962 186 0 0 0 4 121 1143 2770 58 0 0 0 6 163 1721 2184 22
0 0 0 3 87 681 2888 437 0 0 0 4 113 938 2818 223 0 0 0 5 148 1359 2427 157
0 0 18 834 1072 495 1136 541 0 0 27 570 1343 588 1184 384 0 0 29 508 1422 735 1076 326
0 0 25 206 787 777 1374 927 0 0 34 213 839 809 1582 619 0 0 32 247 868 883 1501 565
0 13 57 226 636 629 1209 1326 0 8 59 278 691 643 1494 923 0 9 81 389 728 638 1491 760
0 17 98 317 739 1121 1165 639 0 13 93 353 758 1164 1238 477 0 19 122 434 895 1144 1203 279
1 26 125 758 1384 1101 593 108 0 19 142 746 1354 1143 608 84 0 15 158 864 1415 1032 549 63
0 21 120 674 1793 1112 357 19 1 30 122 697 1861 1050 320 15 3 58 124 802 1859 1115 124 11
0 0 713 2530 764 86 3 0 0 0 216 3253 602 23 2 0 38 1315 2128 599 16 0 0 0
0 1 582 1852 1356 294 11 0 0 1 363 2686 981 60 5 0 112 1238 2176 546 24 0 0 0
0 5 165 1892 1845 185 4 0 0 8 198 2614 1216 56 4 0 13 798 2472 779 33 1 0 0
0 0 221 2014 1628 232 1 0 0 0 143 2767 1159 27 0 0 2 901 2531 643 19 0 0 0
0 9 674 2312 1024 77 0 0 0 5 230 2817 992 52 0 0 65 2031 1762 226 12 0 0 0
0 40 1306 2012 638 100 0 0 0 4 423 2687 930 51 1 0 202 2237 1457 195 5 0 0 0
2 328 2637 993 126 10 0 0 0 14 592 2903 523 58 6 0 500 2887 620 76 13 0 0 0
15 518 2259 1152 134 18 0 0 0 28 624 2395 933 105 11 0 346 2534 1033 154 29 0 0 0
12 348 1885 1501 299 49 2 0 1 17 486 2080 1256 234 21 1 234 1945 1535 320 56 6 0 0
10 189 1245 1964 594 93 1 0 0 38 440 1966 1365 259 28 0 123 1151 2058 638 118 8 0 0
2 160 716 1866 1229 114 9 0 1 190 434 2038 1204 202 24 3 74 800 2207 903 99 13 0 0
1 604 611 1346 904 326 194 110 17 767 405 1401 938 302 206 60 88 1071 1414 844 292 189 172 26
26 679 567 679 675 590 606 274 23 790 459 784 690 502 622 226 52 913 720 623 535 439 644 170
39 281 530 547 794 889 361 655 24 285 449 570 736 970 411 651 20 281 408 608 726 994 435 624
0 62 240 418 546 907 1548 375 0 43 206 435 509 975 1626 302 0 39 180 444 486 1106 1594 247
0 0 51 364 344 505 1915 917 0 0 29 351 352 585 2030 749 0 0 33 331 365 698 1899 770
0 0 21 419 897 606 1175 978 0 0 3 196 819 904 1262 912 0 0 2 161 757 1000 1253 923
0 0 0 0 37 221 1683 2155 0 0 0 0 43 243 1902 1908 0 0 0 0 25 258 1819 1994
0 0 0 0 59 143 1625 2269 0 0 0 0 66 158 1856 2016 0 0 0 0 33 168 1725 2170
0 0 2 604 1181 316 926 1067 0 0 0 263 1458 381 1014 980 0 0 0 182 1371 517 966 1060
7 278 186 168 693 525 1223 1016 0 38 235 380 734 514 1347 848 0 28 167 208 814 634 1386 859
0 849 31 40 96 341 1573 1166 0 0 0 396 618 390 1848 844 0 0 0 0 78 1011 2124 883
56 462 30 32 42 335 2261 878 0 0 54 427 121 458 2662 374 0 0 0 14 117 962 2626 377
0 0 31 104 119 650 2616 576 0 0 56 94 122 813 2746 265 0 0 18 117 160 1008 2575 218
0 28 74 162 109 743 2358 622 1 28 77 165 118 936 2361 410 0 29 61 159 151 1225 2156 315
0 106 1804 1993 187 6 0 0 0 21 983 2645 393 54 0 0 110 1607 1987 377 15 0 0 0
0 29 1021 2150 699 163 34 0 0 17 582 2574 773 117 33 0 147 1648 1647 489 133 32 0 0
0 11 308 1680 1954 142 1 0 0 9 235 2525 1254 70 3 0 38 650 2245 1096 67 0 0 0
0 50 703 2252 997 93 1 0 0 41 601 2392 962 99 1 0 137 1565 1887 453 51 3 0 0
0 105 1825 1768 344 48 6 0 0 13 572 2523 834 141 13 0 847 2414 690 124 20 1 0 0
0 81 1671 2055 284 5 0 0 0 5 413 2810 811 56 1 0 564 2756 722 53 1 0 0 0
0 38 1001 2535 478 44 0 0 0 2 327 2809 870 85 3 0 170 2083 1674 160 9 0 0 0
1 85 1725 2047 224 14 0 0 0 7 421 2864 763 40 1 0 235 2509 1236 105 11 0 0 0
2 130 2131 1666 156 11 0 0 0 2 313 2789 904 85 3 0 261 2830 907 92 6 0 0 0
6 198 2069 1486 292 44 1 0 0 7 280 2426 1161 207 15 0 250 2345 1222 229 50 0 0 0
18 906 2106 869 177 20 0 0 0 30 1049 2055 793 160 9 0 495 2287 1053 232 29 0 0 0
23 788 2026 970 244 30 15 0 1 42 1068 1996 806 154 19 10 359 2173 1207 289 47 17 4 0
8 380 1841 1294 485 85 3 0 0 25 655 2228 972 198 18 0 134 1621 1713 517 105 6 0 0
3 350 1312 1481 646 156 47 101 0 373 561 1674 1089 245 66 88 42 1229 1659 765 221 50 37 93
1 212 882 1000 567 304 360 770 0 109 537 1091 833 382 414 730 13 579 1110 696 341 225 376 756
0 55 281 997 849 505 592 817 0 34 215 1062 818 514 684 769 1 98 304 1061 680 432 701 819
0 0 84 552 789 1176 1031 464 0 0 43 483 757 1256 1072 485 0 0 38 444 722 1249 1114 529
0 0 2 155 209 439 1954 1337 0 0 0 126 209 456 2039 1266 0 0 3 114 216 441 2002 1320
0 0 0 0 6 125 1472 2493 0 0 0 0 8 151 1811 2126 0 0 0 0 13 149 1947 1987
0 4 34 519 1095 324 597 1523 0 5 26 376 1203 386 745 1355 0 5 29 351 1161 455 864 1231
733 1657 450 111 117 154 244 630 0 38 1458 1385 151 181 312 571 0 0 115 1028 1247 747 430 529
471 3475 84 57 9 0 0 0 0 0 44 3023 973 56 0 0 0 0 0 13 617 2609 856 1
850 2095 1078 67 6 0 0 0 0 0 130 2434 1468 64 0 0 0 0 0 11 439 3463 181 2
119 131 505 85 99 419 1940 798 0 6 123 513 224 453 2025 752 0 0 8 57 493 634 1902 1002
1 6 18 31 249 852 2392 547 0 4 8 37 248 889 2453 457 2 13 25 69 239 684 2234 830
1 126 1627 1577 454 170 114 27 0 33 897 2069 706 232 135 24 182 1149 1720 699 183 125 38 0
2 170 1653 1882 335 53 1 0 0 47 783 2367 778 116 5 0 238 2099 1453 262 41 3 0 0
0 56 948 2362 671 57 2 0 0 4 377 2447 1176 89 3 0 162 1707 1726 456 43 2 0 0
6 150 918 1935 971 108 8 0 0 21 413 2150 1316 175 21 0 303 1359 1780 569 74 10 1 0
4 130 1023 1946 903 90 0 0 1 69 699 2337 859 128 3 0 233 1370 1878 561 54 0 0 0
4 123 1896 1806 244 23 0 0 0 31 578 2667 716 100 4 0 533 2681 732 133 16 1 0 0
0 73 1444 2140 381 56 2 0 0 17 397 2493 1054 125 10 0 549 2540 876 113 18 0 0 0
0 48 813 2336 846 53 0 0 0 10 277 2621 1118 70 0 0 150 1699 1871 366 10 0 0 0
1 60 1005 2304 690 35 1 0 0 17 384 2719 898 75 3 0 181 1711 1881 308 15 0 0 0
0 88 1524 2000 425 59 0 0 0 11 366 2393 1154 157 15 0 271 2319 1255 230 21 0 0 0
33 635 2310 921 164 32 1 0 0 77 1011 2245 628 117 18 0 805 2489 648 120 27 7 0 0
40 717 2450 713 160 16 0 0 1 74 1035 2385 493 99 9 0 649 2678 613 137 18 1 0 0
29 991 2300 633 133 10 0 0 0 50 1212 2188 528 115 3 0 634 2599 702 140 21 0 0 0
60 945 2091 759 200 38 3 0 1 110 1092 2049 645 173 26 0 556 2136 1063 256 73 12 0 0
52 882 1927 934 254 45 2 0 0 84 1142 1889 762 203 16 0 351 1894 1365 388 90 8 0 0
51 704 1314 1056 704 230 37 0 2 222 987 1397 1092 336 57 3 281 1442 1360 783 189 41 0 0
49 606 919 1031 655 316 171 349 10 354 791 1116 893 408 174 350 244 987 1070 746 394 189 133 333
39 394 1042 1090 623 421 332 155 5 146 734 1210 861 537 421 182 149 691 1020 847 553 348 344 144
0 26 244 502 554 711 991 1068 0 3 126 501 564 753 1054 1095 7 76 210 486 496 671 1007 1143
0 101 755 653 1115 661 454 357 0 55 587 800 1073 713 516 352 0 41 446 904 1122 670 529 384
929 1388 758 169 138 145 279 290 0 10 1244 1985 138 150 280 289 0 0 118 1245 1969 173 267 324
236 2382 338 182 233 419 283 23 0 0 21 2626 628 429 356 36 0 0 0 46 914 2574 468 94
0 2656 1440 0 0 0 0 0 0 0 0 693 3403 0 0 0 0 0 0 0 0 4085 11 0
0 141 872 414 1040 953 434 242 0 4 110 1691 1318 381 415 177 5 40 401 1163 988 913 317 269
26 260 511 970 1028 1141 155 5 3 112 529 1075 1724 535 112 6 176 589 1136 1595 459 108 22 11
