4 325 717 51 27 43 818 2111 0 155 610 311 32 26 24 2938 0 146 462 466 33 25 23 2941
0 324 916 141 27 21 22 2645 0 35 674 647 37 30 20 2653 0 19 630 590 149 34 18 2656
0 165 996 282 32 20 29 2572 0 4 492 832 134 25 29 2580 0 1 420 485 549 28 29 2584
0 108 803 184 21 28 26 2926 0 0 218 767 119 27 24 2941 0 3 176 367 551 29 26 2944
0 52 570 539 74 27 37 2797 0 0 137 573 480 56 27 2823 0 0 83 268 519 357 41 2828
0 135 300 668 916 831 1208 38 0 45 287 381 1239 1102 1009 33 0 120 914 722 1389 861 90 0
0 126 974 1685 1309 2 0 0 0 9 803 1270 1635 379 0 0 0 80 2177 1703 136 0 0 0
0 741 790 1508 1049 8 0 0 0 70 1121 1269 1306 330 0 0 0 367 1773 1715 238 3 0 0
0 806 1718 1031 300 60 181 0 0 108 1531 1670 482 82 192 31 5 545 1862 1247 199 156 82 0
0 252 3393 38 23 90 300 0 0 6 597 3062 27 28 351 25 0 4 541 3124 32 242 153 0
7 313 1663 1746 347 20 0 0 0 108 1053 1823 1066 46 0 0 62 1100 2528 371 34 1 0 0
72 442 1058 1459 857 132 41 35 98 327 719 1554 1005 345 33 15 245 879 2139 651 118 46 14 4
5 189 888 1864 1066 59 24 1 1 58 546 1711 1257 506 13 4 32 852 2664 450 77 16 5 0
73 1652 572 1330 461 8 0 0 0 1206 814 1049 962 65 0 0 30 1874 1817 365 10 0 0 0
526 1276 743 1099 437 15 0 0 1 1536 695 968 823 73 0 0 33 1953 1825 282 3 0 0 0
