0 0 0 1001 3069 26 0 0 0 0 0 221 3872 3 0 0 0 0 0 0 152 3944 0 0
0 0 0 90 3509 497 0 0 0 0 0 7 4020 69 0 0 0 0 0 0 55 4041 0 0
0 0 0 86 3496 514 0 0 0 0 0 5 4051 40 0 0 0 0 0 0 60 4036 0 0
0 0 0 2 3652 442 0 0 0 0 0 0 4010 86 0 0 0 0 0 0 16 4080 0 0
0 0 0 0 1416 2680 0 0 0 0 0 0 2315 1781 0 0 0 0 0 0 0 4096 0 0
0 0 0 80 3439 577 0 0 0 0 0 8 4030 58 0 0 0 0 0 0 66 4030 0 0
0 0 0 1883 1076 1137 0 0 0 0 0 391 2951 754 0 0 0 0 0 0 564 3532 0 0
0 0 0 780 756 2560 0 0 0 0 0 228 2177 1691 0 0 0 0 0 0 259 3837 0 0
0 0 0 0 856 3240 0 0 0 0 0 0 2365 1731 0 0 0 0 0 0 0 4096 0 0
0 0 0 0 2005 2091 0 0 0 0 0 0 2858 1238 0 0 0 0 0 0 3 4093 0 0
0 0 0 0 2688 1408 0 0 0 0 0 0 3076 1020 0 0 0 0 0 0 19 4077 0 0
0 0 0 0 4078 18 0 0 0 0 0 0 4095 1 0 0 0 0 0 0 89 4007 0 0
0 0 0 0 4085 11 0 0 0 0 0 0 4095 1 0 0 0 0 0 0 123 3973 0 0
0 0 0 802 3294 0 0 0 0 0 0 63 4033 0 0 0 0 0 0 0 318 3778 0 0
0 0 0 1151 2945 0 0 0 0 0 0 27 4069 0 0 0 0 0 0 0 478 3618 0 0
0 0 0 582 3492 22 0 0 0 0 0 12 4084 0 0 0 0 0 0 0 348 3748 0 0
0 0 0 45 3278 773 0 0 0 0 0 4 3833 259 0 0 0 0 0 0 60 4036 0 0
0 0 0 0 1588 2508 0 0 0 0 0 0 2410 1686 0 0 0 0 0 0 4 4092 0 0
0 0 0 0 3188 908 0 0 0 0 0 0 3955 141 0 0 0 0 0 0 0 4096 0 0
0 0 0 0 3975 121 0 0 0 0 0 0 4092 4 0 0 0 0 0 0 29 4067 0 0
0 0 0 0 3896 200 0 0 0 0 0 0 4061 35 0 0 0 0 0 0 88 4008 0 0
0 0 0 271 3812 13 0 0 0 0 0 2 4094 0 0 0 0 0 0 0 390 3706 0 0
0 0 0 1636 2460 0 0 0 0 0 0 84 4012 0 0 0 0 0 0 0 943 3153 0 0
0 0 0 499 3266 331 0 0 0 0 0 42 3987 67 0 0 0 0 0 0 531 3565 0 0
0 0 0 748 3340 8 0 0 0 0 0 87 4006 3 0 0 0 0 0 0 782 3314 0 0
0 0 0 2573 1523 0 0 0 0 0 0 173 3923 0 0 0 0 0 0 0 1906 2190 0 0
0 0 0 1185 2910 1 0 0 0 0 0 14 4082 0 0 0 0 0 0 0 1581 2515 0 0
0 0 0 7 4089 0 0 0 0 0 0 0 4096 0 0 0 0 0 0 0 1845 2251 0 0
0 0 0 262 3803 31 0 0 0 0 0 1 4095 0 0 0 0 0 0 0 2148 1948 0 0
0 0 0 0 4054 42 0 0 0 0 0 0 4096 0 0 0 0 0 0 0 492 3604 0 0
0 0 0 0 4044 52 0 0 0 0 0 0 4096 0 0 0 0 0 0 0 394 3702 0 0
0 0 0 0 4039 57 0 0 0 0 0 0 4094 2 0 0 0 0 0 0 402 3694 0 0
0 0 0 110 3948 38 0 0 0 0 0 1 4095 0 0 0 0 0 0 0 894 3202 0 0
0 0 0 95 3919 82 0 0 0 0 0 8 4085 3 0 0 0 0 0 0 749 3347 0 0
3 47 49 32 3580 385 0 0 0 28 41 35 3959 33 0 0 0 32 46 31 952 3035 0 0
14 155 441 204 3220 62 0 0 1 106 407 230 3346 6 0 0 1 123 405 216 2360 991 0 0
6 273 743 470 2603 1 0 0 1 193 636 604 2661 1 0 0 0 181 670 583 1900 762 0 0
14 254 1063 864 1901 0 0 0 2 148 806 1152 1988 0 0 0 0 133 790 1183 1417 573 0 0
29 368 1575 926 1197 1 0 0 1 205 956 1620 1311 3 0 0 1 201 1003 1567 1237 87 0 0
13 382 1793 1403 505 0 0 0 0 180 1288 1976 652 0 0 0 2 156 1249 2031 604 54 0 0
0 0 0 13 3940 143 0 0 0 0 0 0 4056 40 0 0 0 0 0 0 12 4084 0 0
0 0 0 0 3505 591 0 0 0 0 0 0 3964 132 0 0 0 0 0 0 0 4096 0 0
0 0 0 0 2468 1628 0 0 0 0 0 0 3830 266 0 0 0 0 0 0 9 4087 0 0
0 0 0 0 3317 779 0 0 0 0 0 0 3942 154 0 0 0 0 0 0 10 4086 0 0
0 0 0 0 4068 28 0 0 0 0 0 0 4092 4 0 0 0 0 0 0 26 4070 0 0
0 0 0 0 3363 733 0 0 0 0 0 0 3687 409 0 0 0 0 0 0 43 4053 0 0
0 0 0 0 1625 2471 0 0 0 0 0 0 3432 664 0 0 0 0 0 0 1 4095 0 0
0 0 0 0 369 3727 0 0 0 0 0 0 2350 1746 0 0 0 0 0 0 0 4096 0 0
0 0 0 0 2999 1097 0 0 0 0 0 0 3687 409 0 0 0 0 0 0 2 4094 0 0
0 0 0 0 3920 176 0 0 0 0 0 0 4035 61 0 0 0 0 0 0 12 4084 0 0
0 0 0 0 3140 956 0 0 0 0 0 0 3701 395 0 0 0 0 0 0 8 4088 0 0
0 0 0 17 3364 715 0 0 0 0 0 0 3836 260 0 0 0 0 0 0 74 4022 0 0
0 0 0 9 3950 137 0 0 0 0 0 0 4045 51 0 0 0 0 0 0 85 4011 0 0
0 0 0 157 2635 1304 0 0 0 0 0 0 3434 662 0 0 0 0 0 0 37 4059 0 0
0 0 0 52 2028 2016 0 0 0 0 0 0 3695 401 0 0 0 0 0 0 19 4076 1 0
0 0 0 0 2998 1098 0 0 0 0 0 0 3822 274 0 0 0 0 0 0 9 4087 0 0
0 0 0 0 798 3298 0 0 0 0 0 0 2881 1215 0 0 0 0 0 0 3 4093 0 0
0 0 0 0 1161 2935 0 0 0 0 0 0 3486 610 0 0 0 0 0 0 0 4096 0 0
0 0 0 0 3682 414 0 0 0 0 0 0 4037 59 0 0 0 0 0 0 18 4078 0 0
0 0 0 0 4008 88 0 0 0 0 0 0 4083 13 0 0 0 0 0 0 41 4055 0 0
0 0 0 0 3698 398 0 0 0 0 0 0 4037 59 0 0 0 0 0 0 75 4021 0 0
0 0 0 0 3794 302 0 0 0 0 0 0 3873 223 0 0 0 0 0 0 163 3933 0 0
0 0 0 0 2525 1571 0 0 0 0 0 0 3032 1064 0 0 0 0 0 0 52 4044 0 0
0 0 0 30 1633 2433 0 0 0 0 0 0 2593 1503 0 0 0 0 0 0 56 4040 0 0
0 0 0 0 2825 1271 0 0 0 0 0 0 3342 754 0 0 0 0 0 0 74 4022 0 0
0 0 0 828 3267 1 0 0 0 0 0 8 4088 0 0 0 0 0 0 0 817 3279 0 0
0 0 0 2992 1075 29 0 0 0 0 0 24 4069 3 0 0 0 0 0 0 1619 2477 0 0
0 0 0 525 2793 778 0 0 0 0 0 0 3826 270 0 0 0 0 0 0 957 3139 0 0
3 38 37 161 3355 502 0 0 0 17 39 35 3847 158 0 0 0 22 39 38 1264 2733 0 0
11 157 463 123 3337 5 0 0 1 88 362 242 3391 12 0 0 1 110 388 215 1418 1964 0 0
9 293 815 324 2653 2 0 0 0 150 699 538 2699 10 0 0 0 164 688 545 863 1836 0 0
30 399 1231 444 1835 157 0 0 5 219 992 833 2002 45 0 0 2 250 952 861 452 1579 0 0
37 709 1481 558 1257 54 0 0 5 437 1307 966 1353 28 0 0 7 464 1348 913 277 1087 0 0
46 834 1979 626 606 5 0 0 3 479 1510 1422 666 16 0 0 3 453 1675 1302 300 363 0 0
18 751 2165 1103 52 7 0 0 1 448 1532 2023 78 13 1 0 2 440 1657 1914 63 20 0 0
10 453 2307 1318 8 0 0 0 4 340 1531 2206 14 1 0 0 3 271 1771 2037 14 0 0 0
115 565 2012 1389 12 3 0 0 126 375 1412 2164 15 4 0 0 104 383 1574 2017 14 4 0 0
629 691 1557 1209 10 0 0 0 582 484 949 2060 19 2 0 0 596 481 1074 1927 16 2 0 0
1366 449 1749 526 6 0 0 0 1170 418 1006 1490 11 1 0 0 1255 333 1172 1326 8 2 0 0
1973 435 1213 474 1 0 0 0 1687 515 624 1252 18 0 0 0 1789 425 737 1133 12 0 0 0
0 0 0 2599 1497 0 0 0 0 0 0 2 4094 0 0 0 0 0 0 0 173 3923 0 0
0 0 0 84 3883 129 0 0 0 0 0 0 4077 19 0 0 0 0 0 0 69 4027 0 0
0 0 0 0 4096 0 0 0 0 0 0 0 4096 0 0 0 0 0 0 0 140 3956 0 0
0 0 0 3 4093 0 0 0 0 0 0 0 4096 0 0 0 0 0 0 0 196 3900 0 0
0 0 0 1 4095 0 0 0 0 0 0 0 4096 0 0 0 0 0 0 0 117 3979 0 0
0 0 0 0 3948 148 0 0 0 0 0 0 4077 19 0 0 0 0 0 0 19 4077 0 0
0 0 0 0 4046 50 0 0 0 0 0 0 4083 13 0 0 0 0 0 0 28 4068 0 0
0 0 0 0 1749 2347 0 0 0 0 0 0 2620 1476 0 0 0 0 0 0 6 4090 0 0
0 0 0 0 1517 2579 0 0 0 0 0 0 2494 1602 0 0 0 0 0 0 1 4095 0 0
0 0 0 0 2687 1409 0 0 0 0 0 0 3543 553 0 0 0 0 0 0 6 4090 0 0
0 0 0 64 3538 494 0 0 0 0 0 0 3964 132 0 0 0 0 0 0 58 4038 0 0
0 0 0 8 3829 259 0 0 0 0 0 0 4039 57 0 0 0 0 0 0 57 4039 0 0
0 0 0 0 1093 3003 0 0 0 0 0 0 1819 2277 0 0 0 0 0 0 4 4092 0 0
0 0 0 0 991 3105 0 0 0 0 0 0 2282 1814 0 0 0 0 0 0 5 4091 0 0
0 0 0 0 622 3474 0 0 0 0 0 0 1956 2140 0 0 0 0 0 0 2 4094 0 0
0 0 0 0 1046 3050 0 0 0 0 0 0 2479 1617 0 0 0 0 0 0 4 4092 0 0
0 0 0 0 2854 1242 0 0 0 0 0 0 3594 502 0 0 0 0 0 0 8 4088 0 0
0 0 0 0 1655 2441 0 0 0 0 0 0 3280 816 0 0 0 0 0 0 3 4093 0 0
0 0 0 0 2513 1583 0 0 0 0 0 0 3744 352 0 0 0 0 0 0 10 4086 0 0
0 0 0 0 3960 136 0 0 0 0 0 0 4071 25 0 0 0 0 0 0 307 3789 0 0
0 0 0 0 4096 0 0 0 0 0 0 0 4095 1 0 0 0 0 0 0 1261 2835 0 0
0 0 0 1 2875 1220 0 0 0 0 0 0 3037 1059 0 0 0 0 0 0 576 3520 0 0
0 0 5 11 467 3613 0 0 0 0 0 5 1345 2746 0 0 0 0 3 8 93 3992 0 0
20 136 265 107 2680 888 0 0 0 85 203 174 3110 524 0 0 2 99 241 149 277 3328 0 0
11 301 823 140 2748 73 0 0 0 141 776 305 2836 38 0 0 0 161 776 310 205 2644 0 0
31 343 1279 362 2069 12 0 0 4 217 1022 666 2159 28 0 0 2 204 979 769 400 1742 0 0
22 635 1536 726 1069 108 0 0 0 328 1294 1051 1338 85 0 0 0 322 1234 1130 356 1054 0 0
39 723 1995 674 149 516 0 0 3 363 1634 1386 314 396 0 0 0 382 1631 1393 85 605 0 0
51 945 2162 870 34 34 0 0 1 536 1695 1762 54 48 0 0 1 528 1774 1707 52 34 0 0
106 1038 2323 629 0 0 0 0 5 698 1712 1675 6 0 0 0 5 688 1960 1441 2 0 0 0
497 1002 1886 711 0 0 0 0 184 901 1395 1605 11 0 0 0 274 855 1559 1406 2 0 0 0
1124 816 1355 794 5 2 0 0 828 789 1155 1299 22 2 1 0 905 758 1223 1196 12 2 0 0
1714 542 1121 707 11 1 0 0 1412 596 788 1260 38 2 0 0 1515 519 967 1078 15 2 0 0
2287 330 966 510 3 0 0 0 2021 419 613 1015 28 0 0 0 2093 368 666 946 23 0 0 0
2788 371 648 289 0 0 0 0 2578 407 546 559 6 0 0 0 2705 304 580 504 3 0 0 0
3300 374 384 38 0 0 0 0 3241 398 248 209 0 0 0 0 3311 348 332 105 0 0 0 0
3559 440 73 21 3 0 0 0 3576 409 67 41 3 0 0 0 3597 402 72 22 3 0 0 0
3484 586 26 0 0 0 0 0 3568 506 22 0 0 0 0 0 3567 497 32 0 0 0 0 0
2863 758 473 2 0 0 0 0 2906 754 346 90 0 0 0 0 2961 638 287 210 0 0 0 0
2258 716 786 210 25 20 54 27 2303 757 497 432 18 23 64 2 2351 671 336 616 29 27 62 4
0 0 0 3953 143 0 0 0 0 0 0 12 4084 0 0 0 0 0 0 0 391 3705 0 0
0 0 0 1809 1940 347 0 0 0 0 0 2 3862 232 0 0 0 0 0 0 252 3844 0 0
0 0 0 3 3822 271 0 0 0 0 0 0 4045 51 0 0 0 0 0 0 147 3949 0 0
0 0 0 0 4093 3 0 0 0 0 0 0 4094 2 0 0 0 0 0 0 91 4005 0 0
0 0 0 0 4026 70 0 0 0 0 0 0 4086 10 0 0 0 0 0 0 44 4052 0 0
0 0 0 0 3517 579 0 0 0 0 0 0 3793 303 0 0 0 0 0 0 63 4033 0 0
0 0 0 1 4095 0 0 0 0 0 0 0 4095 1 0 0 0 0 0 0 227 3869 0 0
0 0 0 0 4030 66 0 0 0 0 0 0 4089 7 0 0 0 0 0 0 229 3867 0 0
0 0 0 0 4076 20 0 0 0 0 0 0 4089 7 0 0 0 0 0 0 228 3868 0 0
0 0 0 0 4096 0 0 0 0 0 0 0 4096 0 0 0 0 0 0 0 352 3744 0 0
0 0 0 116 3958 22 0 0 0 0 0 0 4083 13 0 0 0 0 0 0 203 3893 0 0
0 0 0 0 2337 1759 0 0 0 0 0 0 2953 1143 0 0 0 0 0 0 17 4079 0 0
0 0 0 0 524 3572 0 0 0 0 0 0 1125 2971 0 0 0 0 0 0 2 4094 0 0
0 0 0 0 3040 1056 0 0 0 0 0 0 3793 303 0 0 0 0 0 0 1 4095 0 0
0 0 0 0 2423 1673 0 0 0 0 0 0 3721 375 0 0 0 0 0 0 0 4096 0 0
0 0 0 0 1669 2427 0 0 0 0 0 0 2593 1503 0 0 0 0 0 0 3 4093 0 0
0 0 0 0 1086 3010 0 0 0 0 0 0 2735 1361 0 0 0 0 0 0 1 4095 0 0
1 36 29 22 905 3103 0 0 0 7 42 25 2974 1048 0 0 0 29 31 21 85 3930 0 0
7 284 425 63 1182 2135 0 0 0 98 443 195 2496 864 0 0 0 148 502 114 144 3188 0 0
18 538 869 131 2453 87 0 0 0 214 941 337 2536 68 0 0 1 250 990 287 351 2217 0 0
65 702 1401 187 1737 4 0 0 3 387 1473 427 1771 35 0 0 8 397 1478 438 625 1150 0 0
150 862 1748 357 699 280 0 0 20 559 1710 764 789 254 0 0 31 570 1721 756 452 566 0 0
197 1089 2181 383 116 130 0 0 14 737 2070 986 132 157 0 0 20 774 2045 993 106 158 0 0
205 1167 2242 482 0 0 0 0 21 777 2092 1190 16 0 0 0 30 830 2044 1186 6 0 0 0
644 1138 1889 425 0 0 0 0 290 963 1674 1167 2 0 0 0 366 945 1690 1092 3 0 0 0
1174 1046 1454 421 1 0 0 0 754 1011 1255 1064 12 0 0 0 909 900 1327 951 9 0 0 0
1819 771 1111 395 0 0 0 0 1458 766 869 1003 0 0 0 0 1569 716 930 881 0 0 0 0
2531 581 727 257 0 0 0 0 2119 757 509 711 0 0 0 0 2199 727 584 586 0 0 0 0
3091 514 411 79 1 0 0 0 2535 912 361 286 2 0 0 0 2513 986 414 182 1 0 0 0
3566 438 87 5 0 0 0 0 3058 859 135 44 0 0 0 0 2954 1014 104 24 0 0 0 0
3323 593 180 0 0 0 0 0 3170 787 139 0 0 0 0 0 3179 772 134 11 0 0 0 0
2762 541 570 203 9 5 6 0 2694 706 395 284 10 5 2 0 2656 751 286 354 39 5 5 0
2251 462 593 363 36 257 113 21 2260 578 384 466 34 264 104 6 2229 600 287 515 75 264 117 9
1681 504 530 428 70 576 263 44 1760 529 406 461 57 591 276 16 1729 562 279 486 144 647 230 19
1298 777 572 357 80 480 505 27 1488 646 403 476 74 559 436 14 1504 588 275 578 165 619 356 11
719 1341 963 119 162 661 126 5 1004 1101 558 495 145 664 128 1 1097 978 329 731 183 691 84 3
339 1797 1069 79 164 575 72 1 677 1450 749 418 186 544 72 0 828 1253 330 866 196 580 43 0
157 1870 1186 71 175 535 97 5 430 1704 795 366 147 567 87 0 467 1614 312 888 175 553 85 2
168 1779 1093 124 95 696 128 13 433 1874 479 384 79 693 147 7 503 1796 270 583 99 708 129 8
120 1806 1147 59 41 593 305 25 375 2043 642 63 38 601 328 6 438 1832 786 67 44 654 269 6
0 0 0 903 3031 162 0 0 0 0 0 2 4080 14 0 0 0 0 0 0 257 3839 0 0
0 0 0 75 1766 2255 0 0 0 0 0 0 3271 825 0 0 0 0 0 0 29 4067 0 0
0 0 0 0 3930 166 0 0 0 0 0 0 4078 18 0 0 0 0 0 0 34 4062 0 0
0 0 0 0 4079 17 0 0 0 0 0 0 4095 1 0 0 0 0 0 0 57 4039 0 0
0 0 0 0 3791 305 0 0 0 0 0 0 4005 91 0 0 0 0 0 0 37 4059 0 0
0 16 55 218 2839 968 0 0 0 6 28 125 3392 545 0 0 0 7 30 80 267 3712 0 0
9 117 155 369 3445 1 0 0 2 103 127 313 3551 0 0 0 14 117 95 190 991 2689 0 0
0 0 0 10 4086 0 0 0 0 0 0 1 4095 0 0 0 0 0 0 0 1082 3014 0 0
0 0 0 12 4084 0 0 0 0 0 0 0 4096 0 0 0 0 0 0 0 1518 2578 0 0
0 0 0 18 4078 0 0 0 0 0 0 3 4093 0 0 0 0 0 0 0 1781 2315 0 0
20 405 36 84 3537 14 0 0 106 302 75 36 3574 3 0 0 2 391 58 59 787 2799 0 0
0 0 0 0 3834 262 0 0 0 0 0 0 4036 60 0 0 0 0 0 0 60 4036 0 0
0 0 0 0 3541 555 0 0 0 0 0 0 3975 121 0 0 0 0 0 0 4 4092 0 0
2 10 8 10 3986 80 0 0 0 5 7 9 4056 19 0 0 0 8 8 7 258 3815 0 0
11 497 284 46 2973 285 0 0 0 195 525 77 3240 59 0 0 0 250 493 68 409 2876 0 0
30 914 984 56 1803 309 0 0 1 361 1448 152 1963 171 0 0 3 354 1469 147 181 1942 0 0
104 1652 1379 87 236 638 0 0 4 785 2064 332 486 425 0 0 10 881 2047 268 121 769 0 0
236 1645 1977 128 99 11 0 0 38 969 2447 502 98 42 0 0 78 1001 2471 424 71 51 0 0
726 1551 1634 184 1 0 0 0 307 1182 2110 491 6 0 0 0 397 1142 2090 465 2 0 0 0
1368 1384 1079 262 3 0 0 0 908 1272 1352 547 17 0 0 0 1059 1170 1363 497 7 0 0 0
2099 915 871 211 0 0 0 0 1650 965 976 500 5 0 0 0 1806 855 974 457 4 0 0 0
2760 668 509 157 2 0 0 0 2274 890 541 380 11 0 0 0 2439 804 534 313 6 0 0 0
2992 769 256 79 0 0 0 0 2578 1011 278 226 3 0 0 0 2758 908 242 186 2 0 0 0
3125 866 102 3 0 0 0 0 2801 1159 121 14 1 0 0 0 2987 964 116 29 0 0 0 0
2692 719 522 160 3 0 0 0 2440 1035 336 282 3 0 0 0 2509 933 223 411 19 1 0 0
2242 511 666 329 34 183 114 17 2111 722 407 521 36 197 95 7 1810 994 273 568 134 190 111 16
1624 661 722 256 52 644 131 6 1435 912 405 514 53 652 121 4 1311 1014 259 621 123 662 101 5
1014 1060 837 287 63 632 198 5 885 1330 463 512 73 658 173 2 788 1462 282 603 161 650 146 4
501 960 1382 312 51 573 295 22 558 1374 702 522 62 553 312 13 611 1575 323 555 156 637 223 16
146 770 1737 448 62 644 270 19 204 1282 1108 507 67 689 233 6 296 1517 662 549 167 705 189 11
23 388 2313 340 57 713 237 25 29 955 1601 480 68 722 230 11 94 1293 1075 533 153 753 181 14
95 649 2064 237 56 704 240 51 79 1182 1579 207 63 706 257 23 170 1324 1177 328 120 747 204 26
89 1550 1750 46 48 494 119 0 92 1989 1268 72 45 502 128 0 223 1813 1192 207 64 513 84 0
90 1672 2173 16 32 102 11 0 216 2014 1694 18 27 100 27 0 288 1811 1750 102 40 101 4 0
0 1480 2616 0 0 0 0 0 36 1931 2129 0 0 0 0 0 55 1799 1891 351 0 0 0 0
0 1033 3063 0 0 0 0 0 0 1523 2572 1 0 0 0 0 0 1373 1944 779 0 0 0 0
0 659 3413 24 0 0 0 0 0 1140 2878 78 0 0 0 0 0 928 1961 1207 0 0 0 0
0 232 3749 71 27 17 0 0 0 533 3274 254 21 14 0 0 0 339 2042 1677 16 22 0 0
0 78 3426 242 196 154 0 0 0 190 3150 478 163 115 0 0 0 57 1898 1844 182 115 0 0
0 26 3095 306 289 380 0 0 0 40 2869 584 331 272 0 0 0 29 1421 2008 343 295 0 0
0 0 0 255 3739 102 0 0 0 0 0 1 4089 6 0 0 0 0 0 0 115 3981 0 0
0 0 0 0 3742 354 0 0 0 0 0 0 4035 61 0 0 0 0 0 0 82 4014 0 0
0 0 0 0 4001 95 0 0 0 0 0 0 4085 11 0 0 0 0 0 0 65 4031 0 0
0 0 0 0 3806 290 0 0 0 0 0 0 4056 40 0 0 0 0 0 0 43 4053 0 0
0 0 0 0 4064 32 0 0 0 0 0 0 4081 15 0 0 0 0 0 0 94 4002 0 0
416 743 183 173 2518 63 0 0 165 865 212 205 2591 58 0 0 787 357 159 149 438 2206 0 0
1737 1108 292 276 679 4 0 0 1433 1373 293 289 702 6 0 0 2207 676 216 220 471 306 0 0
9 65 115 318 3589 0 0 0 5 58 97 191 3744 1 0 0 10 45 93 146 2328 1474 0 0
313 759 397 730 1897 0 0 0 180 727 439 545 2205 0 0 0 424 646 263 423 1826 514 0 0
43 205 154 224 3470 0 0 0 10 222 145 191 3526 2 0 0 50 181 131 141 2320 1273 0 0
74 968 149 135 2761 9 0 0 232 641 310 85 2822 6 0 0 9 859 268 123 1509 1328 0 0
73 1068 351 79 2525 0 0 0 7 564 847 90 2576 12 0 0 7 639 787 87 562 2014 0 0
361 1515 723 71 1403 23 0 0 125 1049 1254 200 1425 43 0 0 173 1084 1218 172 182 1267 0 0
1043 1806 849 60 333 5 0 0 709 1292 1547 180 318 50 0 0 795 1296 1500 149 110 246 0 0
1710 1615 740 31 0 0 0 0 1342 1304 1281 167 2 0 0 0 1484 1241 1243 127 1 0 0 0
2315 1213 480 88 0 0 0 0 1928 1178 770 215 5 0 0 0 1987 1159 758 189 3 0 0 0
2415 1243 374 64 0 0 0 0 2101 1383 440 170 2 0 0 0 2207 1351 395 143 0 0 0 0
2516 1034 471 75 0 0 0 0 2227 1400 315 154 0 0 0 0 2281 1357 248 208 2 0 0 0
2237 740 640 188 29 155 106 1 2197 860 384 370 34 166 85 0 2188 837 248 503 52 183 84 1
1789 691 650 210 64 435 255 2 1751 821 381 392 72 450 226 3 1790 787 230 528 91 474 195 1
1179 1127 769 202 74 510 229 6 1279 1183 421 394 72 554 193 0 1437 1050 257 525 110 572 144 1
660 1114 1218 237 58 481 296 32 789 1519 544 378 73 505 263 25 941 1454 289 513 112 548 223 16
244 843 1920 236 74 450 300 29 332 1279 1211 422 81 475 267 29 480 1365 814 548 135 494 246 14
8 470 2459 321 79 441 285 33 14 1035 1661 548 82 486 229 41 106 1261 1050 792 153 491 230 13
10 452 2169 623 93 466 275 8 21 968 1631 626 113 463 264 10 73 1323 997 831 138 528 201 5
20 411 2112 1054 38 332 123 6 38 932 1557 1055 54 331 124 5 126 1178 1046 1252 66 347 80 1
2 484 2133 1439 10 11 17 0 32 896 1538 1588 10 11 19 2 118 1059 1011 1872 10 16 10 0
0 88 2116 1892 0 0 0 0 5 463 1578 2050 0 0 0 0 14 723 998 2344 17 0 0 0
0 2 1520 2574 0 0 0 0 0 29 1438 2629 0 0 0 0 0 181 1038 2853 24 0 0 0
0 0 1033 2907 51 93 12 0 0 0 938 3019 46 86 7 0 0 2 722 3121 141 94 16 0
0 0 699 2832 84 438 43 0 0 0 486 3070 78 446 16 0 0 0 266 3047 297 455 31 0
0 0 270 2791 149 833 53 0 0 0 122 2985 129 852 8 0 0 0 23 2889 302 852 30 0
0 5 1063 1460 353 903 312 0 0 36 987 1544 500 894 135 0 0 26 585 1745 777 855 108 0
0 4 1848 436 468 1340 0 0 0 10 1607 853 485 1141 0 0 0 0 341 2050 605 1100 0 0
0 0 1435 339 432 1889 1 0 0 0 1116 827 502 1651 0 0 0 0 102 1782 554 1658 0 0
0 0 987 382 625 2102 0 0 0 0 794 824 652 1826 0 0 0 0 56 1380 851 1809 0 0
0 0 398 380 706 2612 0 0 0 0 328 781 815 2172 0 0 0 0 16 1004 986 2090 0 0
0 0 90 416 779 2810 1 0 0 0 75 591 1035 2395 0 0 0 0 0 592 1066 2438 0 0
0 0 0 147 683 3266 0 0 0 0 0 407 1018 2671 0 0 0 0 0 288 1233 2575 0 0
0 0 0 223 1004 2869 0 0 0 0 0 472 1127 2497 0 0 0 0 0 246 1330 2520 0 0
0 0 0 1 4068 27 0 0 0 0 0 0 4096 0 0 0 0 0 0 0 712 3384 0 0
0 0 0 0 4093 3 0 0 0 0 0 0 4096 0 0 0 0 0 0 0 449 3647 0 0
0 0 0 10 4086 0 0 0 0 0 0 5 4091 0 0 0 0 0 0 0 629 3467 0 0
0 0 0 0 4096 0 0 0 0 0 0 0 4095 1 0 0 0 0 0 0 900 3196 0 0
101 140 126 131 3597 1 0 0 40 163 95 120 3667 11 0 0 117 117 93 97 1019 2653 0 0
2759 1043 80 56 158 0 0 0 1974 1754 114 61 183 10 0 0 3465 329 68 48 99 87 0 0
3504 565 17 7 3 0 0 0 3238 811 42 3 2 0 0 0 3862 212 13 6 3 0 0 0
1912 1200 332 254 391 7 0 0 1487 1404 484 273 444 4 0 0 1959 1020 409 229 372 107 0 0
2582 1359 131 24 0 0 0 0 1978 1759 296 61 2 0 0 0 2667 1114 269 45 1 0 0 0
2389 1104 246 86 271 0 0 0 2085 1007 588 114 302 0 0 0 2047 1079 560 92 286 32 0 0
2672 1160 233 23 8 0 0 0 2299 1098 619 60 20 0 0 0 2225 1232 567 54 18 0 0 0
2767 793 412 119 2 3 0 0 2446 990 492 162 5 1 0 0 2400 1062 411 211 9 3 0 0
2426 552 367 277 28 65 291 90 2268 794 318 255 29 85 313 34 2298 766 181 352 58 120 276 45
1774 934 350 314 51 105 468 100 1786 1022 261 305 50 144 454 74 1977 819 192 354 83 246 366 59
1406 1157 491 315 51 160 414 102 1616 1064 379 315 55 162 463 42 1722 1002 262 361 84 293 335 37
824 1276 962 325 56 151 416 86 1067 1284 727 314 50 188 424 42 1211 1230 534 405 72 310 290 44
249 1055 1499 587 54 176 393 83 584 1097 1216 495 59 213 415 17 656 1197 881 654 76 376 225 31
224 1086 965 1067 73 240 375 66 446 1117 847 937 78 245 404 22 581 1106 567 1087 92 404 232 27
3 738 1914 978 34 263 159 7 127 1047 1442 1009 36 264 163 8 293 1075 994 1284 45 306 97 2
2 615 1974 1486 6 7 6 0 44 949 1439 1645 4 6 9 0 161 1026 970 1922 5 6 6 0
0 110 1964 2022 0 0 0 0 2 446 1371 2277 0 0 0 0 13 613 931 2487 52 0 0 0
0 0 1340 2617 52 54 33 0 0 53 1228 2693 44 59 19 0 0 197 831 2657 319 58 34 0
0 0 657 2862 98 344 135 0 0 0 607 2929 103 407 50 0 0 0 372 2732 513 386 93 0
0 0 105 2894 153 680 264 0 0 0 106 2920 147 843 80 0 0 0 23 2482 643 821 127 0
0 0 19 2418 201 997 461 0 0 0 5 2463 204 1310 114 0 0 0 0 1917 719 1255 205 0
0 0 5 1880 206 1665 340 0 0 0 0 1931 203 1889 73 0 0 0 0 1369 722 1893 112 0
0 0 15 1424 231 2133 293 0 0 0 4 1472 219 2300 101 0 0 0 0 1076 582 2285 153 0
0 0 0 979 315 2538 264 0 0 0 0 1025 315 2658 98 0 0 0 0 677 616 2642 161 0
0 0 0 450 388 3115 143 0 0 0 1 528 399 3123 45 0 0 0 0 347 545 3143 61 0
0 0 2 89 390 3485 130 0 0 0 1 154 387 3498 56 0 0 0 0 111 395 3516 74 0
0 0 0 27 173 3758 138 0 0 0 0 65 164 3838 29 0 0 0 0 31 177 3824 64 0
0 0 0 56 364 3561 115 0 0 0 0 101 371 3591 33 0 0 0 0 62 371 3620 43 0
0 0 44 516 463 2398 675 0 0 0 75 545 647 2512 317 0 0 0 79 534 740 2446 297 0
0 0 2 270 824 3000 0 0 0 0 2 564 801 2728 1 0 0 0 3 407 1039 2647 0 0
0 0 4 73 459 3560 0 0 0 0 4 247 511 3334 0 0 0 0 4 99 690 3303 0 0
0 0 2 152 873 3069 0 0 0 0 3 424 833 2836 0 0 0 0 3 183 1082 2828 0 0
0 0 0 98 566 3432 0 0 0 0 0 319 734 3043 0 0 0 0 0 184 815 3097 0 0
0 0 3 264 763 3066 0 0 0 0 3 532 759 2801 1 0 0 0 2 356 906 2832 0 0
0 0 2 125 525 3444 0 0 0 0 4 274 620 3198 0 0 0 0 4 170 673 3249 0 0
0 0 0 162 1046 2888 0 0 0 0 0 450 1057 2589 0 0 0 0 0 200 1245 2651 0 0
0 0 0 12 4084 0 0 0 0 0 0 0 4096 0 0 0 0 0 0 0 2076 2020 0 0
2 16 67 92 3919 0 0 0 0 8 42 62 3984 0 0 0 0 6 34 66 2033 1957 0 0
60 459 599 973 2002 3 0 0 33 383 535 941 2201 3 0 0 161 341 417 702 1829 646 0 0
255 659 367 509 2306 0 0 0 178 681 391 489 2357 0 0 0 437 469 312 350 2209 319 0 0
1024 733 168 293 1878 0 0 0 713 942 175 199 2066 1 0 0 1344 374 139 169 1787 283 0 0
3785 311 0 0 0 0 0 0 3504 587 5 0 0 0 0 0 4072 24 0 0 0 0 0 0
3816 280 0 0 0 0 0 0 3696 395 5 0 0 0 0 0 4036 60 0 0 0 0 0 0
2245 497 728 157 98 168 164 39 2367 427 657 185 101 198 137 24 2328 454 593 252 114 191 144 20
1650 824 568 250 133 193 376 102 1825 740 369 370 145 174 411 62 1754 758 229 547 175 201 395 37
855 1272 879 275 170 166 392 87 1088 1310 576 309 184 155 432 42 1115 1244 455 465 203 189 394 31
156 1365 1292 484 144 192 348 115 451 1328 998 522 153 185 409 50 555 1221 700 807 203 184 384 42
50 1115 1086 1047 107 207 358 126 230 1168 840 1062 121 214 392 69 452 996 521 1329 163 225 357 53
79 1177 1005 1547 17 68 183 20 303 1185 716 1595 19 88 153 37 551 1028 441 1643 167 126 139 1
172 463 1200 2261 0 0 0 0 367 516 987 2226 0 0 0 0 424 593 667 1855 557 0 0 0
9 147 1017 2751 58 48 66 0 27 376 778 2760 51 68 36 0 10 479 562 1921 1002 63 59 0
0 25 479 2845 103 237 407 0 0 100 463 2806 108 456 163 0 1 117 318 1936 1077 438 209 0
0 4 133 2663 143 367 786 0 0 5 129 2688 155 815 304 0 0 6 66 1799 1085 858 282 0
0 0 22 2143 180 362 1388 1 0 0 6 2182 204 990 714 0 0 0 1 1115 1254 1087 638 1
0 0 56 1629 347 1525 538 1 0 0 47 1692 343 1712 301 1 0 0 6 1481 552 1735 321 1
0 0 4 1077 299 2357 359 0 0 0 2 1117 296 2581 100 0 0 0 0 881 502 2552 161 0
0 0 1 497 329 2429 840 0 0 0 0 534 337 3050 175 0 0 0 0 259 580 2988 269 0
0 0 0 155 619 1951 1342 29 0 0 0 239 617 2734 481 25 0 0 0 181 654 2736 500 25
0 0 0 17 348 1935 1796 0 0 0 0 41 366 3164 525 0 0 0 0 30 365 2992 709 0
0 0 0 7 323 1600 2166 0 0 0 0 23 346 3232 495 0 0 0 0 17 344 3118 617 0
0 0 0 2 355 1979 1760 0 0 0 0 16 364 3330 386 0 0 0 0 6 359 3080 651 0
0 0 0 14 200 3103 779 0 0 0 0 37 204 3596 259 0 0 0 0 16 215 3473 392 0
0 0 0 6 332 2854 904 0 0 0 0 28 350 3502 216 0 0 0 0 12 338 3336 410 0
0 0 0 7 388 3088 613 0 0 0 0 18 412 3470 196 0 0 0 0 6 387 3392 311 0
0 0 0 18 383 3278 417 0 0 0 0 73 373 3530 120 0 0 0 0 17 387 3505 187 0
0 0 0 23 405 3319 349 0 0 0 0 58 404 3562 72 0 0 0 0 28 400 3516 152 0
0 0 0 6 184 3594 312 0 0 0 0 33 181 3810 72 0 0 0 0 5 189 3796 106 0
0 0 0 29 366 3546 155 0 0 0 0 74 364 3618 40 0 0 0 0 34 360 3626 76 0
0 0 38 474 427 2557 600 0 0 0 21 576 631 2553 315 0 0 0 19 578 682 2494 323 0
0 0 0 249 706 3139 2 0 0 0 2 489 673 2932 0 0 0 0 0 314 864 2918 0 0
0 0 0 50 448 3598 0 0 0 0 0 175 467 3454 0 0 0 0 0 28 645 3423 0 0
0 0 0 145 822 3129 0 0 0 0 0 401 831 2864 0 0 0 0 0 158 1037 2901 0 0
0 0 0 70 490 3536 0 0 0 0 0 236 619 3241 0 0 0 0 0 95 737 3264 0 0
0 0 0 227 851 3018 0 0 0 0 0 558 800 2738 0 0 0 0 0 347 970 2779 0 0
0 0 0 101 473 3522 0 0 0 0 0 234 500 3362 0 0 0 0 0 106 607 3383 0 0
0 0 0 162 1018 2916 0 0 0 0 0 431 967 2698 0 0 0 0 0 150 1164 2782 0 0
369 322 209 612 2566 18 0 0 216 382 202 439 2857 0 0 0 428 234 144 266 2629 395 0 0
523 987 438 425 1721 2 0 0 193 1120 439 457 1885 2 0 0 964 551 278 378 1545 380 0 0
1673 2119 164 100 40 0 0 0 1418 2312 178 121 67 0 0 0 3372 453 96 82 89 4 0 0
1741 1744 238 233 140 0 0 0 1618 1870 234 216 158 0 0 0 2934 556 193 154 255 4 0 0
2564 609 135 458 330 0 0 0 1879 1206 137 169 705 0 0 0 2935 211 102 125 718 5 0 0
3889 207 0 0 0 0 0 0 3678 417 1 0 0 0 0 0 4080 16 0 0 0 0 0 0
3766 330 0 0 0 0 0 0 3763 333 0 0 0 0 0 0 4006 90 0 0 0 0 0 0
1828 555 830 343 181 276 83 0 2025 398 772 372 159 349 21 0 1920 480 639 503 180 319 55 0
16 308 1400 1177 192 859 144 0 77 407 960 1473 217 915 47 0 84 391 576 1658 400 912 75 0
0 0 719 1652 170 1178 377 0 0 13 544 1828 218 1380 113 0 0 8 275 1770 515 1325 203 0
0 0 159 1714 203 1364 656 0 0 0 51 1852 247 1726 220 0 0 0 0 1450 676 1709 261 0
0 0 0 1299 179 1264 1354 0 0 0 0 1312 231 2064 489 0 0 0 0 655 879 2011 551 0
0 0 0 743 266 1015 2072 0 0 0 0 773 319 2277 727 0 0 0 0 255 809 2242 790 0
0 0 0 287 301 996 2512 0 0 0 0 317 346 2170 1263 0 0 0 0 72 583 2278 1163 0
0 0 0 15 203 752 3125 1 0 0 0 16 273 1881 1926 0 0 0 0 11 278 2168 1638 1
0 0 0 0 159 618 3317 2 0 0 0 0 230 1855 2011 0 0 0 0 0 233 2208 1655 0
0 0 11 21 139 591 3270 64 0 0 14 18 209 1607 2195 53 0 1 26 11 222 2012 1796 28
0 0 39 362 146 435 2989 125 0 0 94 318 169 847 2562 106 0 8 165 204 228 1124 2302 65
0 0 15 350 559 2343 805 24 0 0 31 389 554 2622 480 20 0 2 35 297 619 2660 475 8
0 0 0 5 348 2941 802 0 0 0 0 19 377 3559 141 0 0 0 0 11 365 3507 213 0
0 0 0 1 327 2269 1499 0 0 0 0 12 343 3423 318 0 0 0 0 7 332 3303 454 0
0 5 123 1018 741 966 1241 2 0 34 126 1152 627 1660 497 0 0 41 113 841 937 1752 412 0
0 0 0 8 467 1984 1637 0 0 0 0 20 486 3136 454 0 0 0 0 16 487 3112 481 0
0 0 0 1 345 1333 2417 0 0 0 0 3 388 3086 619 0 0 0 0 2 360 2950 784 0
0 0 0 2 294 2003 1797 0 0 0 0 15 321 3196 564 0 0 0 0 9 307 2994 786 0
0 0 0 14 221 2782 1079 0 0 0 0 28 224 3591 253 0 0 0 0 17 227 3294 558 0
0 0 0 7 365 2579 1145 0 0 0 0 16 378 3386 316 0 0 0 0 4 362 3114 616 0
0 0 0 12 393 2912 779 0 0 0 0 25 410 3450 211 0 0 0 0 8 394 3206 488 0
0 0 0 13 376 3117 590 0 0 0 0 52 375 3530 139 0 0 0 0 19 370 3358 349 0
0 0 0 15 377 3335 369 0 0 0 0 35 388 3618 55 0 0 0 0 9 374 3574 139 0
0 0 0 12 220 3412 452 0 0 0 0 17 228 3725 126 0 0 0 0 14 222 3631 229 0
0 0 0 19 363 3497 217 0 0 0 0 64 388 3592 52 0 0 0 0 24 377 3612 83 0
0 0 25 525 380 2920 246 0 0 0 46 559 614 2753 124 0 0 0 14 591 580 2802 109 0
0 0 2 240 718 3136 0 0 0 0 0 460 677 2959 0 0 0 0 0 264 898 2934 0 0
0 0 0 52 445 3599 0 0 0 0 0 124 563 3409 0 0 0 0 0 42 650 3404 0 0
0 0 0 116 876 3104 0 0 0 0 0 338 910 2848 0 0 0 0 0 119 1120 2857 0 0
0 0 0 75 491 3530 0 0 0 0 0 208 646 3242 0 0 0 0 0 122 739 3235 0 0
0 0 0 230 880 2986 0 0 0 0 0 548 906 2641 1 0 0 0 0 298 1078 2720 0 0
0 0 1 104 499 3492 0 0 0 0 2 231 573 3290 0 0 0 0 2 85 658 3351 0 0
0 0 2 158 1059 2877 0 0 0 0 6 428 1007 2655 0 0 0 0 6 138 1149 2803 0 0
3670 384 20 21 1 0 0 0 3212 806 35 24 19 0 0 0 3979 62 19 16 20 0 0 0
2981 1074 41 0 0 0 0 0 2491 1562 42 1 0 0 0 0 3997 91 8 0 0 0 0 0
3204 881 11 0 0 0 0 0 3109 979 8 0 0 0 0 0 4040 54 2 0 0 0 0 0
3322 771 3 0 0 0 0 0 3349 745 2 0 0 0 0 0 4081 15 0 0 0 0 0 0
3565 519 11 1 0 0 0 0 3194 888 13 1 0 0 0 0 4061 31 4 0 0 0 0 0
3913 183 0 0 0 0 0 0 3871 225 0 0 0 0 0 0 4081 15 0 0 0 0 0 0
3453 636 7 0 0 0 0 0 3535 554 7 0 0 0 0 0 4008 88 0 0 0 0 0 0
1648 562 161 631 443 550 101 0 1836 421 155 656 420 604 4 0 1828 380 157 623 423 661 24 0
0 4 164 347 267 2265 974 75 0 3 253 263 427 2651 423 76 0 52 185 277 362 2636 523 61
0 0 100 454 194 1790 1456 102 0 0 189 382 286 2459 687 93 0 20 176 341 305 2352 843 59
0 0 87 459 187 1400 1854 109 0 0 152 416 284 2292 852 100 0 20 151 359 312 2163 1032 59
0 0 59 515 210 846 2368 98 0 0 152 447 224 1886 1299 88 0 19 177 321 313 1738 1475 53
0 0 66 461 195 861 2423 90 0 0 123 427 270 1841 1352 83 0 6 144 312 354 1736 1510 34
0 0 28 429 233 684 2602 120 0 0 68 447 241 1268 1968 104 0 0 116 287 346 1135 2146 66
0 0 43 483 255 801 2391 123 0 0 103 467 266 1747 1399 114 0 5 148 311 371 1701 1480 80
0 0 35 501 242 831 2351 136 0 0 112 465 275 2131 990 123 0 3 150 330 366 2259 886 102
0 0 19 542 254 669 2576 36 0 0 90 516 275 1805 1380 30 0 4 138 320 415 2002 1203 14
0 0 5 187 248 534 3119 3 0 0 6 228 289 1392 2181 0 0 1 6 127 380 1681 1901 0
0 0 1 228 560 2212 1095 0 0 0 0 273 595 2734 494 0 0 0 0 183 626 2753 534 0
0 0 0 6 362 2788 940 0 0 0 0 18 370 3556 152 0 0 0 0 8 362 3443 283 0
0 0 0 6 327 2169 1594 0 0 0 0 17 345 3426 308 0 0 0 0 9 338 3119 630 0
0 102 282 501 772 1325 1113 1 3 173 259 555 721 1899 486 0 5 182 225 533 759 1937 455 0
0 0 0 17 419 2875 785 0 0 0 0 57 430 3380 229 0 0 0 0 35 434 3283 344 0
0 0 0 7 367 1013 2709 0 0 0 0 24 390 2866 816 0 0 0 0 18 375 2402 1301 0
0 0 1 1 299 2047 1748 0 0 0 1 6 329 3370 390 0 0 0 1 2 304 2980 809 0
0 0 0 9 327 2422 1338 0 0 0 0 26 339 3471 260 0 0 0 0 7 316 2934 839 0
0 0 0 9 352 2431 1304 0 0 0 0 27 378 3402 289 0 0 0 0 13 359 2984 740 0
0 0 0 8 405 2795 888 0 0 0 0 19 423 3427 227 0 0 0 0 5 403 3272 416 0
0 0 0 8 381 3061 646 0 0 0 0 49 389 3447 211 0 0 0 0 16 373 3372 335 0
0 0 0 14 240 3522 320 0 0 0 2 30 266 3736 62 0 0 0 0 21 248 3686 141 0
0 0 0 13 366 3452 265 0 0 0 0 25 376 3581 114 0 0 0 0 9 364 3534 189 0
0 0 0 16 391 3430 259 0 0 0 0 52 399 3583 62 0 0 0 0 28 392 3602 74 0
0 0 20 489 321 3008 258 0 0 0 78 498 510 2888 122 0 0 0 18 551 635 2768 124 0
0 0 2 240 837 3017 0 0 0 0 2 449 716 2929 0 0 0 0 2 297 914 2883 0 0
0 0 2 54 467 3571 2 0 0 0 3 153 567 3372 1 0 0 0 2 59 676 3358 1 0
0 0 3 130 879 3084 0 0 0 0 3 371 802 2920 0 0 0 0 3 162 963 2968 0 0
0 0 2 92 534 3468 0 0 0 0 3 247 770 3076 0 0 0 0 3 149 833 3111 0 0
0 0 2 270 955 2869 0 0 0 0 5 584 878 2629 0 0 0 0 4 283 1143 2666 0 0
0 0 0 80 505 3511 0 0 0 0 0 253 593 3250 0 0 0 0 0 106 640 3350 0 0
0 0 0 171 1034 2891 0 0 0 0 0 490 827 2779 0 0 0 0 0 178 1042 2876 0 0
3741 355 0 0 0 0 0 0 3805 291 0 0 0 0 0 0 4094 2 0 0 0 0 0 0
3834 261 1 0 0 0 0 0 3614 482 0 0 0 0 0 0 4095 1 0 0 0 0 0 0
3840 256 0 0 0 0 0 0 3932 164 0 0 0 0 0 0 4092 4 0 0 0 0 0 0
3711 385 0 0 0 0 0 0 3727 369 0 0 0 0 0 0 4096 0 0 0 0 0 0 0
3851 245 0 0 0 0 0 0 3869 226 1 0 0 0 0 0 4090 6 0 0 0 0 0 0
4042 54 0 0 0 0 0 0 4005 91 0 0 0 0 0 0 4093 3 0 0 0 0 0 0
3634 458 4 0 0 0 0 0 3536 547 13 0 0 0 0 0 4011 85 0 0 0 0 0 0
1875 432 132 685 366 527 79 0 2077 263 166 704 327 559 0 0 1947 354 140 656 423 560 16 0
0 0 49 329 428 2866 424 0 0 0 89 314 553 3040 100 0 0 0 68 299 524 2980 225 0
0 0 0 2 281 2785 1028 0 0 0 0 4 391 3464 237 0 0 0 0 3 365 3319 409 0
0 0 0 0 176 2288 1632 0 0 0 0 0 334 3256 506 0 0 0 0 0 318 3176 602 0
0 0 0 0 165 1388 2543 0 0 0 0 0 218 3018 860 0 0 0 0 0 225 2945 926 0
0 0 24 25 204 1228 2615 0 0 0 27 21 316 2782 950 0 0 0 31 19 335 2792 919 0
0 19 276 1367 434 784 1172 44 0 53 371 1334 405 1087 813 33 0 52 323 1315 459 1099 804 44
0 0 0 236 250 956 2653 1 0 0 0 246 325 2396 1129 0 0 0 0 128 453 2469 1045 1
0 0 0 0 136 812 3147 1 0 0 0 0 238 2056 1802 0 0 0 0 0 256 2206 1634 0
0 0 0 0 129 550 3416 1 0 0 0 0 212 1224 2660 0 0 0 0 0 231 1533 2332 0
0 0 0 0 157 494 3443 2 0 0 0 0 222 1369 2505 0 0 0 0 0 228 1630 2238 0
0 0 1 186 580 2084 1245 0 0 0 2 237 581 2714 562 0 0 0 0 167 637 2719 573 0
0 0 0 4 351 2922 819 0 0 0 0 26 375 3519 176 0 0 0 0 8 363 3419 306 0
0 0 0 2 335 2540 1219 0 0 0 0 12 360 3501 223 0 0 0 0 5 347 3286 458 0
0 0 0 440 435 1136 1948 137 0 0 5 479 459 2084 996 73 0 0 11 345 611 2086 972 71
0 0 0 6 363 1523 2204 0 0 0 0 15 391 3092 598 0 0 0 0 3 383 2624 1086 0
0 0 0 3 348 2097 1648 0 0 0 0 27 354 3318 397 0 0 0 0 7 346 3146 597 0
0 0 0 2 360 1995 1739 0 0 0 0 16 383 3273 424 0 0 0 0 3 360 2901 832 0
0 0 0 6 337 2459 1294 0 0 0 0 18 363 3445 270 0 0 0 0 5 337 2997 757 0
0 0 0 2 361 2594 1139 0 0 0 0 14 380 3415 287 0 0 0 0 4 357 3091 644 0
0 0 0 1 398 2884 813 0 0 0 0 17 407 3474 198 0 0 0 0 4 393 3219 480 0
0 0 0 18 381 3198 499 0 0 0 0 55 379 3585 77 0 0 0 0 15 394 3500 187 0
0 0 0 2 191 3405 498 0 0 0 0 14 197 3727 158 0 0 0 0 1 193 3662 240 0
0 0 0 10 418 2959 709 0 0 0 0 20 449 3334 293 0 0 0 0 6 418 3341 331 0
0 0 0 8 391 3345 352 0 0 0 0 58 399 3504 135 0 0 0 0 25 415 3552 104 0
0 0 29 406 286 2933 442 0 0 0 195 298 576 2899 128 0 0 0 165 322 585 2897 127 0
0 0 8 306 956 2770 40 16 0 0 2 478 1063 2502 50 1 0 0 5 438 1306 2304 43 0
0 0 0 73 501 3408 83 31 0 0 0 162 640 3193 79 22 0 0 1 87 779 3146 74 9
0 0 17 278 925 2762 83 31 0 0 82 480 859 2575 85 15 0 0 121 252 1065 2560 81 17
0 0 116 308 537 2994 120 21 0 1 266 283 808 2615 119 4 0 6 282 191 876 2643 97 1
0 0 1 274 919 2902 0 0 0 0 2 562 858 2674 0 0 0 0 2 374 970 2750 0 0
0 0 0 109 527 3460 0 0 0 0 0 240 811 3045 0 0 0 0 0 89 822 3185 0 0
0 0 0 189 994 2913 0 0 0 0 0 484 964 2648 0 0 0 0 0 139 1289 2668 0 0
3790 302 4 0 0 0 0 0 3776 318 2 0 0 0 0 0 4088 8 0 0 0 0 0 0
3886 203 7 0 0 0 0 0 3918 176 2 0 0 0 0 0 4086 10 0 0 0 0 0 0
3787 304 5 0 0 0 0 0 3858 238 0 0 0 0 0 0 4084 12 0 0 0 0 0 0
3562 532 2 0 0 0 0 0 3651 445 0 0 0 0 0 0 4077 19 0 0 0 0 0 0
4075 21 0 0 0 0 0 0 4057 39 0 0 0 0 0 0 4095 1 0 0 0 0 0 0
4089 7 0 0 0 0 0 0 4092 4 0 0 0 0 0 0 4096 0 0 0 0 0 0 0
4027 69 0 0 0 0 0 0 3993 102 1 0 0 0 0 0 4087 9 0 0 0 0 0 0
1867 508 155 664 340 503 59 0 2113 287 185 721 263 526 1 0 2015 347 159 651 404 508 12 0
0 0 5 193 388 2912 598 0 0 0 37 143 535 3283 98 0 0 0 9 171 454 3303 159 0
0 3 179 261 205 1863 1473 112 0 4 247 191 273 2703 571 107 0 31 194 225 284 2659 619 84
0 2 153 445 158 1182 2039 117 0 1 253 353 204 2183 989 113 0 39 190 380 206 2173 1008 100
0 1 95 208 196 1686 1843 67 0 3 128 182 239 2688 796 60 0 17 103 185 255 2711 775 50
0 1 161 84 214 1641 1940 55 0 17 162 68 306 2741 757 45 0 21 172 60 318 2775 710 40
0 5 655 526 291 1119 1399 101 0 198 484 484 355 1864 624 87 0 428 264 233 604 1945 561 61
0 5 601 340 307 1002 1737 104 0 127 512 322 414 1562 1070 89 0 349 295 176 542 1620 1041 73
1 573 253 138 125 576 2350 80 59 594 255 64 183 1253 1617 71 49 665 211 63 184 1402 1465 57
4 1638 375 78 39 228 1591 143 509 1299 270 18 74 278 1533 115 326 1563 203 16 80 305 1512 91
0 43 96 104 231 1096 2503 23 13 65 98 93 305 2329 1176 17 0 73 90 98 313 2530 977 15
0 0 0 190 565 2323 1016 2 0 0 1 244 584 2781 486 0 0 0 0 190 610 2799 497 0
0 0 0 12 351 3277 456 0 0 0 0 31 373 3594 98 0 0 0 0 19 364 3524 189 0
0 0 0 6 327 2860 903 0 0 0 0 17 353 3569 157 0 0 0 0 12 337 3449 298 0
0 11 614 941 569 701 1182 78 0 66 821 759 544 956 901 49 0 144 640 854 552 968 900 38
0 0 1 331 321 2563 880 0 0 0 0 342 335 3248 171 0 0 0 0 280 372 3177 267 0
0 0 0 11 335 2877 873 0 0 0 0 37 344 3500 215 0 0 0 0 20 334 3448 294 0
0 0 0 14 390 2479 1213 0 0 0 0 37 405 3447 207 0 0 0 0 24 390 3264 418 0
0 0 0 15 353 2766 962 0 0 0 0 42 370 3536 148 0 0 0 0 22 356 3457 261 0
0 0 0 5 369 2870 852 0 0 0 0 21 386 3496 193 0 0 0 0 6 381 3385 324 0
0 0 1 15 420 3205 455 0 0 0 2 71 434 3423 166 0 0 0 2 21 443 3442 188 0
0 30 457 307 335 2481 450 36 0 153 483 222 361 2636 206 35 0 131 426 280 374 2653 194 38
8 1339 884 202 156 349 1028 130 295 1187 775 211 147 553 800 128 46 1426 684 303 158 658 695 126
25 1383 1042 244 204 550 510 138 498 1044 920 251 222 668 362 131 136 1405 838 345 222 764 253 133
62 1413 1214 263 189 494 361 100 606 1053 1067 261 184 623 200 102 352 1325 1032 271 198 668 150 100
6 219 721 1192 584 936 334 104 65 314 1286 759 505 845 223 99 46 656 1118 623 565 812 175 101
49 697 1407 1217 343 206 69 108 448 683 1894 472 251 190 63 95 466 1200 1424 419 249 181 65 92
229 1038 1512 847 226 116 42 86 944 762 1588 424 160 90 41 87 920 1123 1313 363 162 77 48 90
463 530 1438 1278 180 93 57 57 704 579 1747 748 125 90 46 57 673 855 1404 833 127 93 49 62
299 417 1288 1521 246 175 93 57 436 430 1727 958 202 197 91 55 404 829 1311 974 225 210 85 58
0 79 770 1322 810 1020 46 49 70 285 1409 737 525 979 39 52 66 551 1154 657 600 971 41 56
0 10 655 1458 632 1260 53 28 0 91 1335 662 674 1264 35 35 1 515 1052 512 798 1137 42 39
0 38 774 1358 703 1173 32 18 0 98 1156 762 805 1219 37 19 0 465 927 582 996 1066 38 22
3825 271 0 0 0 0 0 0 3801 294 1 0 0 0 0 0 4087 9 0 0 0 0 0 0
3772 323 1 0 0 0 0 0 3832 263 1 0 0 0 0 0 4091 5 0 0 0 0 0 0
3946 150 0 0 0 0 0 0 3993 103 0 0 0 0 0 0 4095 1 0 0 0 0 0 0
4090 6 0 0 0 0 0 0 4092 4 0 0 0 0 0 0 4096 0 0 0 0 0 0 0
3744 344 8 0 0 0 0 0 3828 265 3 0 0 0 0 0 4084 12 0 0 0 0 0 0
4035 61 0 0 0 0 0 0 3972 124 0 0 0 0 0 0 4096 0 0 0 0 0 0 0
4096 0 0 0 0 0 0 0 4096 0 0 0 0 0 0 0 4096 0 0 0 0 0 0 0
1972 466 183 666 333 426 50 0 2133 348 178 771 241 423 2 0 2071 356 179 669 383 431 7 0
0 0 6 194 444 3033 419 0 0 0 32 157 608 3229 70 0 0 0 5 186 560 3242 103 0
14 2464 290 224 466 498 140 0 318 2172 288 183 437 549 147 2 242 2303 221 204 447 516 161 2
26 2572 730 432 71 202 52 11 205 2556 654 351 57 207 55 11 223 2527 642 374 73 191 54 12
0 885 311 391 647 1573 289 0 4 1021 315 382 545 1705 124 0 14 1037 386 281 456 1750 172 0
0 81 704 1121 248 1553 387 2 0 163 664 1104 298 1686 181 0 0 271 608 1065 288 1711 153 0
366 542 2253 671 155 95 13 1 507 587 2045 714 140 92 10 1 504 838 1531 970 139 99 14 1
355 419 1236 958 348 536 236 8 535 417 1203 906 387 449 197 2 536 518 1078 990 328 393 247 6
41 969 641 720 454 719 533 19 273 904 712 643 433 819 296 16 203 1034 720 712 323 834 248 22
135 2265 834 546 239 72 5 0 1470 1085 726 542 189 72 12 0 982 1594 672 505 239 77 27 0
1 89 369 759 751 1135 970 22 21 148 381 798 728 1468 546 6 5 155 358 756 773 1510 528 11
0 8 309 830 872 1588 484 5 0 60 335 881 832 1683 301 4 0 60 301 799 899 1715 321 1
0 4 223 441 704 2246 475 3 0 49 249 432 710 2388 266 2 0 39 226 398 705 2366 359 3
0 2 226 452 680 2191 535 10 0 39 254 452 706 2320 317 8 0 32 238 427 702 2316 370 11
0 55 852 1906 383 551 277 72 0 89 1068 1720 359 587 203 70 0 87 823 1716 590 577 230 73
0 26 253 556 617 1859 682 103 0 102 257 539 637 2048 417 96 0 89 271 451 690 2020 488 87
0 8 272 367 657 1905 766 121 0 60 286 383 682 2070 498 117 0 46 299 335 690 2016 596 114
0 4 270 396 695 1881 718 132 0 74 291 374 711 2053 468 125 0 57 305 366 679 2020 546 123
0 4 228 446 621 1804 843 150 0 42 268 431 651 2028 530 146 0 24 316 380 649 1988 593 146
0 5 223 399 697 1688 925 159 0 22 326 353 723 1960 560 152 1 34 344 299 713 1872 683 150
0 4 224 443 726 1775 759 165 0 24 356 366 753 1871 568 158 0 28 372 318 717 1831 681 149
1 15 765 643 489 1431 613 139 1 226 844 445 563 1505 374 138 2 133 848 504 528 1540 411 130
215 2746 775 294 43 16 3 4 1069 2174 570 227 38 11 3 4 461 2769 600 209 41 12 0 4
602 2139 988 349 18 0 0 0 1412 1617 758 293 16 0 0 0 860 2116 756 343 21 0 0 0
883 2481 526 167 37 2 0 0 1852 1655 399 155 32 3 0 0 1146 2291 445 174 36 4 0 0
137 616 188 988 915 1079 166 7 331 431 357 930 1025 881 137 4 195 569 205 973 1101 930 120 3
1 802 1991 1025 191 86 0 0 6 1815 1030 992 141 109 3 0 1 1799 827 1196 159 111 3 0
1 1341 2121 296 88 238 11 0 2 2808 632 290 94 192 78 0 11 2884 608 238 92 199 64 0
1100 1440 437 260 201 554 104 0 1803 881 370 255 176 543 68 0 1371 1235 420 261 169 507 133 0
729 1219 311 350 545 729 212 1 1174 738 280 316 490 853 245 0 980 923 293 302 492 763 343 0
0 0 22 609 1351 2101 13 0 0 0 76 864 1227 1923 6 0 0 0 47 733 1350 1961 5 0
0 0 9 398 1252 2425 12 0 0 0 32 550 1381 2130 3 0 0 0 22 452 1398 2221 3 0
0 98 285 526 1172 2006 9 0 0 0 48 703 1519 1824 2 0 0 0 90 766 1422 1817 1 0
3979 117 0 0 0 0 0 0 3966 130 0 0 0 0 0 0 4095 1 0 0 0 0 0 0
4017 79 0 0 0 0 0 0 3979 117 0 0 0 0 0 0 4091 5 0 0 0 0 0 0
3940 155 1 0 0 0 0 0 3922 174 0 0 0 0 0 0 4092 4 0 0 0 0 0 0
3840 256 0 0 0 0 0 0 3815 281 0 0 0 0 0 0 4095 1 0 0 0 0 0 0
4056 39 1 0 0 0 0 0 4065 31 0 0 0 0 0 0 4093 3 0 0 0 0 0 0
4088 8 0 0 0 0 0 0 4075 21 0 0 0 0 0 0 4094 2 0 0 0 0 0 0
4090 6 0 0 0 0 0 0 4046 50 0 0 0 0 0 0 4064 32 0 0 0 0 0 0
2173 370 205 724 251 329 44 0 2272 325 225 747 231 294 2 0 2194 352 176 707 336 327 4 0
0 9 312 581 1010 1820 363 1 0 47 310 663 1046 1840 190 0 0 26 320 654 1048 1845 203 0
15 2797 329 236 435 272 12 0 538 2305 300 218 432 282 21 0 532 2316 309 187 456 291 5 0
62 2040 1231 714 28 12 4 5 444 1800 1233 583 20 8 3 5 395 1934 1094 632 25 7 4 5
47 984 1169 781 556 428 131 0 106 1329 1061 571 535 383 111 0 412 1441 727 480 515 412 109 0
40 823 1486 1340 225 109 69 4 79 1128 1367 1163 202 95 60 2 274 1160 1181 1097 231 95 55 3
320 952 1079 698 528 442 74 3 493 956 995 671 502 410 64 5 480 1039 888 692 548 371 74 4
300 924 738 667 741 505 210 11 564 854 678 623 683 483 207 4 500 895 668 625 690 477 231 10
58 721 890 889 562 593 368 15 181 812 842 823 550 582 298 8 135 795 931 800 560 583 288 4
196 1771 1191 784 146 7 1 0 600 1661 1057 668 104 5 1 0 464 1737 1116 657 116 5 1 0
11 200 360 1099 1037 809 542 38 46 224 478 1129 1002 772 429 16 36 211 479 1116 1035 761 442 16
0 3 271 1590 1143 737 327 25 0 10 427 1674 1055 677 241 12 0 9 398 1708 1058 683 229 11
1 179 771 948 644 1073 465 15 269 416 453 877 649 1124 306 2 6 410 583 944 679 1110 355 9
4 376 1244 1045 554 498 362 13 139 1242 1017 525 416 500 250 7 274 1394 822 414 431 483 272 6
1 339 1685 970 426 408 245 22 299 1412 1087 507 260 353 170 8 191 1448 1061 583 256 339 204 14
0 138 586 440 649 1510 761 12 166 494 300 317 654 1712 447 6 4 355 489 351 670 1638 580 9
0 0 5 148 749 2201 993 0 0 0 10 187 811 2543 545 0 0 0 6 167 773 2445 705 0
0 0 8 157 754 2183 992 2 0 0 15 192 836 2494 559 0 0 0 10 172 760 2412 742 0
0 0 5 159 679 2200 1050 3 0 0 13 199 737 2530 615 2 0 0 10 167 724 2432 760 3
0 0 7 153 746 2209 979 2 0 0 14 196 796 2497 593 0 0 0 10 168 770 2399 747 2
0 0 9 137 779 2356 814 1 0 0 21 163 842 2568 501 1 0 0 14 152 798 2515 616 1
0 3 446 567 574 1831 675 0 0 95 553 441 610 1975 422 0 0 39 437 582 604 1974 460 0
482 2835 546 194 37 2 0 0 1468 1981 450 159 35 3 0 0 589 2761 503 207 34 2 0 0
660 2413 684 298 38 3 0 0 1551 1605 598 301 38 3 0 0 721 2342 655 324 50 4 0 0
1033 2459 377 174 45 6 2 0 1877 1638 355 173 47 4 2 0 1189 2268 381 196 53 7 2 0
62 747 175 953 976 1015 167 1 239 569 285 921 1107 837 138 0 84 721 196 945 1197 838 115 0
16 1420 1152 1211 188 109 0 0 42 1764 808 1207 161 109 5 0 28 1725 681 1360 184 116 2 0
2 2101 1423 300 87 178 5 0 6 2779 677 343 80 128 83 0 13 2821 660 313 78 145 66 0
414 2115 418 231 196 627 95 0 823 1798 381 243 193 547 111 0 447 2128 388 231 199 535 168 0
305 1623 377 289 528 699 275 0 527 1425 296 263 391 842 352 0 323 1585 325 271 368 778 446 0
0 0 35 564 1358 2120 19 0 0 1 117 827 1189 1953 9 0 0 1 85 692 1316 1997 5 0
0 0 8 357 1193 2533 5 0 0 0 44 549 1282 2221 0 0 0 0 30 414 1425 2227 0 0
0 108 294 375 1321 1990 8 0 0 0 66 687 1559 1780 4 0 0 0 107 808 1314 1865 2 0
4064 32 0 0 0 0 0 0 4037 59 0 0 0 0 0 0 4095 1 0 0 0 0 0 0
4092 4 0 0 0 0 0 0 4091 5 0 0 0 0 0 0 4096 0 0 0 0 0 0 0
3869 179 48 0 0 0 0 0 3822 233 41 0 0 0 0 0 3916 167 13 0 0 0 0 0
3948 115 33 0 0 0 0 0 3943 123 30 0 0 0 0 0 3991 95 10 0 0 0 0 0
4058 38 0 0 0 0 0 0 4061 33 2 0 0 0 0 0 4090 6 0 0 0 0 0 0
4096 0 0 0 0 0 0 0 4096 0 0 0 0 0 0 0 4096 0 0 0 0 0 0 0
4091 5 0 0 0 0 0 0 4035 61 0 0 0 0 0 0 4031 65 0 0 0 0 0 0
2274 368 201 715 233 294 11 0 2424 267 195 750 241 219 0 0 2359 281 155 730 342 228 1 0
0 43 311 546 744 2091 361 0 0 78 323 590 824 2109 172 0 0 51 344 601 795 2123 182 0
24 2601 460 269 406 335 1 0 513 2174 407 232 438 327 5 0 564 2179 374 204 475 299 1 0
69 2017 1524 485 1 0 0 0 640 1643 1389 424 0 0 0 0 526 1873 1228 469 0 0 0 0
14 427 697 917 906 822 313 0 58 601 916 635 870 810 206 0 335 939 406 559 874 794 189 0
29 371 1012 1465 548 386 268 17 41 497 1044 1391 538 381 202 2 65 532 994 1339 570 374 213 9
120 841 894 885 628 640 81 7 316 735 876 879 655 562 69 4 291 760 870 910 689 497 68 11
108 864 719 661 851 651 237 5 255 875 694 616 819 622 214 1 249 852 685 630 817 621 238 4
7 207 544 708 883 1107 628 12 39 247 583 745 926 1115 436 5 39 227 627 741 922 1147 390 3
21 532 476 815 902 926 424 0 95 576 500 878 882 932 233 0 98 568 507 903 902 917 201 0
1 80 173 832 1174 1170 642 24 9 98 275 910 1181 1117 496 10 4 98 302 961 1194 1077 452 8
0 9 230 1338 989 1051 452 27 0 21 374 1405 953 1008 320 15 0 10 373 1415 1002 992 290 14
3 356 1140 1305 658 494 127 13 307 623 851 1151 603 467 91 3 49 980 608 1174 671 496 111 7
0 1526 1340 414 258 355 197 6 763 1880 486 240 228 380 119 0 1053 1832 297 192 223 370 129 0
1 2233 1448 265 70 43 34 2 1408 2112 360 103 46 40 27 0 1294 2168 445 89 34 38 28 0
15 1068 987 554 452 662 337 21 384 1374 583 448 361 691 244 11 301 1424 625 430 351 681 269 15
0 0 6 167 728 2338 857 0 0 0 11 220 792 2580 493 0 0 0 10 189 768 2473 656 0
0 0 2 135 778 2227 954 0 0 0 7 184 835 2530 540 0 0 0 6 164 788 2436 702 0
0 0 10 157 681 2286 962 0 0 0 16 200 756 2552 572 0 0 0 15 171 740 2506 664 0
0 0 5 149 709 2326 906 1 0 0 9 206 780 2582 518 1 0 0 6 163 756 2514 656 1
0 0 15 159 756 2298 866 2 0 0 21 209 802 2559 503 2 0 0 20 175 764 2508 627 2
0 1 321 591 551 2009 622 1 0 21 504 434 614 2146 377 0 0 2 373 580 594 2131 416 0
501 2751 611 193 32 8 0 0 1764 1634 501 161 29 6 1 0 909 2376 577 190 37 7 0 0
977 2139 631 297 43 9 0 0 1910 1265 565 305 43 8 0 0 1259 1828 620 333 47 9 0 0
734 2677 464 174 42 5 0 0 1276 2183 426 160 46 4 1 0 822 2582 442 196 49 5 0 0
18 733 267 847 1054 1022 154 1 48 729 268 948 1213 780 110 0 40 709 262 917 1255 821 91 1
11 924 746 1342 380 268 297 128 37 1106 632 1314 317 275 288 127 16 1029 687 1323 371 278 283 109
2 1354 934 610 264 327 396 209 8 1697 657 544 310 229 471 180 8 1671 692 547 318 249 439 172
32 872 442 551 401 773 759 266 26 979 440 540 387 665 824 235 13 963 436 547 394 625 906 212
16 652 397 619 489 696 915 312 12 640 530 488 438 766 925 297 7 643 502 512 468 734 943 287
0 0 53 570 1419 2015 39 0 0 1 126 843 1301 1820 5 0 0 2 103 725 1449 1814 3 0
0 0 4 376 1219 2492 5 0 0 0 27 571 1337 2158 3 0 0 0 16 478 1410 2190 2 0
0 129 281 390 1198 2094 4 0 0 0 64 626 1569 1834 3 0 0 0 139 761 1357 1838 1 0
4096 0 0 0 0 0 0 0 4096 0 0 0 0 0 0 0 4096 0 0 0 0 0 0 0
3944 152 0 0 0 0 0 0 4035 61 0 0 0 0 0 0 4084 12 0 0 0 0 0 0
2142 907 1046 1 0 0 0 0 2253 1063 780 0 0 0 0 0 2263 1467 366 0 0 0 0 0
3021 538 537 0 0 0 0 0 3012 619 465 0 0 0 0 0 3075 753 268 0 0 0 0 0
4037 58 1 0 0 0 0 0 4074 22 0 0 0 0 0 0 4088 8 0 0 0 0 0 0
3945 125 24 2 0 0 0 0 3961 107 24 4 0 0 0 0 4033 53 10 0 0 0 0 0
3636 362 95 3 0 0 0 0 3589 367 136 4 0 0 0 0 3859 212 24 1 0 0 0 0
2376 367 275 658 142 262 16 0 2547 250 246 649 174 230 0 0 2500 245 358 566 267 160 0 0
1 123 454 584 800 1813 321 0 5 177 485 643 853 1812 121 0 43 262 476 568 845 1800 102 0
0 502 309 405 738 1921 221 0 3 521 345 394 751 1954 128 0 7 579 332 385 773 1909 111 0
10 495 1234 654 414 1085 203 1 9 607 1106 707 428 1099 139 1 22 577 1164 696 434 1095 107 1
33 344 406 720 994 1146 442 11 93 366 501 747 991 1143 249 6 98 482 430 722 1006 1100 255 3
2 293 898 926 673 824 468 12 8 409 820 949 754 815 335 6 11 415 850 940 769 793 313 5
72 801 1240 1057 540 340 40 6 211 775 1307 948 527 292 32 4 178 822 1290 979 526 269 26 6
63 979 775 792 674 607 206 0 244 923 794 725 667 556 187 0 179 953 780 748 665 565 206 0
0 0 158 499 1036 1575 825 3 0 5 212 580 1180 1550 568 1 0 3 245 553 1211 1528 555 1
0 0 7 235 994 1932 923 5 0 0 19 364 1192 1999 522 0 0 0 27 368 1230 2003 468 0
0 3 195 838 1160 1236 646 18 0 18 296 943 1198 1184 450 7 0 52 391 901 1197 1174 376 5
0 17 361 1774 955 667 305 17 0 38 696 1672 827 650 210 3 7 126 830 1532 793 637 169 2
1 30 316 1319 1090 1125 215 0 20 42 402 1349 1102 1066 115 0 0 47 186 1393 1224 1101 145 0
0 56 343 368 746 1747 821 15 5 235 236 429 763 1966 458 4 1 220 252 419 763 1943 492 6
7 1493 1071 364 342 440 367 12 878 1135 670 344 285 522 254 8 242 1771 686 325 289 508 268 7
12 697 353 399 589 1381 645 20 289 580 286 396 592 1517 430 6 120 727 288 382 588 1501 480 10
0 0 31 218 709 2217 918 3 0 1 34 269 741 2523 526 2 0 0 33 257 726 2463 614 3
0 0 1 143 760 2180 1012 0 0 0 7 192 817 2553 527 0 0 0 5 173 803 2450 665 0
0 0 8 139 696 2233 1019 1 0 0 19 198 745 2609 525 0 0 0 17 170 743 2558 607 1
0 0 6 153 714 2236 986 1 0 0 8 212 761 2586 529 0 0 0 9 180 756 2557 593 1
0 0 8 140 768 2330 850 0 0 0 16 181 847 2565 487 0 0 0 15 160 810 2582 529 0
0 0 246 581 558 2028 683 0 0 2 433 445 646 2185 385 0 0 0 294 580 643 2192 387 0
298 2803 732 233 26 4 0 0 1771 1527 620 154 21 3 0 0 1217 2014 656 185 20 4 0 0
554 2546 678 273 41 4 0 0 1882 1328 591 256 34 5 0 0 1498 1651 617 291 35 4 0 0
165 3108 576 196 44 6 1 0 308 3088 471 181 41 6 1 0 186 3109 523 219 51 7 1 0
1 605 461 706 1096 999 227 1 1 728 305 896 1243 770 153 0 1 621 392 836 1301 831 114 0
0 0 183 741 1023 2130 19 0 0 0 290 813 1077 1908 8 0 0 0 274 835 1317 1662 8 0
0 0 18 525 1160 2384 9 0 0 0 40 828 1129 2099 0 0 0 0 24 804 1298 1970 0 0
0 0 19 369 1255 2435 18 0 0 0 34 730 1262 2065 5 0 0 0 37 638 1505 1912 4 0
0 0 15 530 1165 2365 21 0 0 0 31 668 1339 2052 6 0 0 0 29 639 1540 1881 7 0
0 0 10 500 1385 2189 12 0 0 0 33 833 1426 1801 3 0 0 0 25 750 1568 1749 4 0
0 0 18 340 1155 2579 4 0 0 0 35 542 1324 2195 0 0 0 0 30 474 1397 2195 0 0
0 108 314 371 1138 2165 0 0 0 0 49 543 1756 1746 2 0 0 0 85 741 1568 1701 1 0
4084 12 0 0 0 0 0 0 4070 26 0 0 0 0 0 0 4096 0 0 0 0 0 0 0
3758 211 52 31 24 16 4 0 3935 93 23 23 16 6 0 0 3973 50 26 24 14 9 0 0
3121 623 125 105 95 27 0 0 3187 506 193 103 107 0 0 0 3310 456 125 127 78 0 0 0
3879 189 26 2 0 0 0 0 3878 193 25 0 0 0 0 0 3956 127 13 0 0 0 0 0
3253 801 40 2 0 0 0 0 3741 344 11 0 0 0 0 0 3886 205 5 0 0 0 0 0
3798 244 49 5 0 0 0 0 3911 126 44 15 0 0 0 0 4009 65 22 0 0 0 0 0
2326 1203 484 81 2 0 0 0 2241 1194 550 108 3 0 0 0 3242 588 231 35 0 0 0 0
1146 1013 921 645 169 190 12 0 1211 1037 833 649 235 131 0 0 1659 883 844 383 226 101 0 0
29 763 911 933 556 791 113 0 71 805 954 929 543 761 33 0 910 804 653 580 552 587 10 0
12 295 1047 550 526 1485 181 0 12 368 1099 533 536 1470 78 0 82 496 941 542 564 1420 51 0
0 183 947 346 336 2112 172 0 2 229 938 317 403 2132 75 0 3 197 920 365 444 2105 62 0
10 190 444 581 921 1354 588 8 39 252 473 629 990 1363 348 2 46 283 443 644 1019 1355 303 3
0 96 783 1020 663 945 585 4 0 162 805 1003 735 976 414 1 0 137 882 974 767 970 365 1
0 10 497 1083 1149 1221 129 7 0 16 608 1151 1217 1014 85 5 0 17 627 1316 1359 703 69 5
0 5 88 668 1418 1600 305 12 0 6 150 765 1502 1424 245 4 0 9 212 926 1590 1152 201 6
0 1 174 490 1041 1496 886 8 0 13 243 559 1161 1507 612 1 0 7 266 582 1190 1488 562 1
0 0 14 357 978 1645 1083 19 0 0 69 483 1086 1755 700 3 0 41 151 434 1126 1768 575 1
1 9 258 1314 1199 872 432 11 1 29 587 1453 931 809 285 1 47 378 945 1003 782 758 181 2
0 75 880 1875 786 380 100 0 2 182 1198 1653 687 321 53 0 20 360 1247 1491 621 315 42 0
0 0 323 1388 1257 1049 79 0 0 0 516 1392 1288 870 30 0 0 0 247 1525 1362 918 44 0
0 0 6 381 822 2105 782 0 0 0 21 473 939 2359 304 0 0 0 18 428 950 2385 315 0
0 41 1643 475 483 773 677 4 0 289 1588 353 463 871 531 1 0 241 1582 386 482 870 532 3
0 0 63 272 753 2217 785 6 0 0 91 335 754 2432 484 0 0 0 93 308 777 2440 478 0
0 1 46 216 718 2206 906 3 0 2 68 261 757 2493 515 0 0 2 63 259 744 2484 543 1
0 0 2 159 742 2186 1006 1 0 0 7 208 813 2567 501 0 0 0 7 195 806 2577 510 1
0 0 10 132 725 2266 962 1 0 0 16 206 776 2602 495 1 0 0 13 190 778 2669 446 0
0 0 6 154 703 2321 910 2 0 0 10 196 784 2618 488 0 0 0 9 185 772 2653 476 1
0 0 10 135 755 2348 845 3 0 0 16 188 840 2615 435 2 0 0 12 175 823 2622 462 2
0 0 184 573 567 2082 689 1 0 3 402 412 650 2222 407 0 0 0 235 569 663 2244 384 1
194 2850 772 238 40 2 0 0 1321 1933 652 155 33 2 0 0 827 2350 704 179 34 2 0 0
514 2565 688 299 23 7 0 0 1778 1400 618 276 18 6 0 0 1137 1963 657 308 27 4 0 0
86 3107 657 209 34 3 0 0 222 3165 482 192 32 3 0 0 104 3088 618 246 37 3 0 0
0 396 703 706 1091 957 243 0 1 593 500 882 1259 722 139 0 0 343 723 872 1332 740 86 0
0 0 127 698 1116 2145 10 0 0 0 278 798 1219 1794 7 0 0 0 288 821 1584 1401 2 0
0 0 10 408 1232 2433 13 0 0 0 26 700 1291 2077 2 0 0 0 25 668 1465 1938 0 0
0 0 12 268 1194 2611 11 0 0 0 19 673 1262 2140 2 0 0 0 19 627 1406 2042 2 0
0 0 8 437 1103 2533 15 0 0 0 28 631 1273 2161 3 0 0 0 27 619 1450 1996 4 0
0 0 7 501 1290 2285 13 0 0 0 33 822 1587 1652 2 0 0 0 30 788 1858 1420 0 0
0 0 13 354 1233 2493 3 0 0 0 36 550 1381 2127 2 0 0 0 30 512 1605 1948 1 0
0 134 321 414 1077 2148 2 0 0 1 50 556 1799 1689 1 0 0 0 115 825 1683 1472 1 0
4086 10 0 0 0 0 0 0 4085 11 0 0 0 0 0 0 4096 0 0 0 0 0 0 0
4087 9 0 0 0 0 0 0 4090 6 0 0 0 0 0 0 4090 6 0 0 0 0 0 0
3316 417 102 104 123 34 0 0 3412 264 184 142 94 0 0 0 3428 286 149 134 99 0 0 0
4095 1 0 0 0 0 0 0 4095 1 0 0 0 0 0 0 4096 0 0 0 0 0 0 0
3273 780 43 0 0 0 0 0 3718 358 20 0 0 0 0 0 3877 207 12 0 0 0 0 0
2940 806 334 16 0 0 0 0 3174 568 336 18 0 0 0 0 3302 571 218 5 0 0 0 0
2143 1700 251 2 0 0 0 0 1812 1878 386 20 0 0 0 0 3451 619 26 0 0 0 0 0
1862 1563 484 94 44 49 0 0 2016 1493 415 88 68 16 0 0 2922 871 175 57 58 13 0 0
365 1735 1212 497 165 114 8 0 778 1679 969 435 153 76 6 0 1647 1570 521 186 126 45 1 0
137 602 1245 715 593 703 101 0 242 666 1260 663 643 609 13 0 308 669 1211 758 733 404 13 0
0 176 1089 668 493 1483 187 0 0 230 1127 675 482 1514 68 0 0 199 1101 706 577 1468 45 0
5 441 903 1050 740 658 290 9 29 701 798 1060 652 654 200 2 22 694 872 1075 650 633 148 2
0 134 843 1112 717 793 483 14 0 219 841 1181 671 832 348 4 0 217 943 1142 692 835 264 3
0 28 456 920 932 1510 244 6 0 41 516 977 1080 1366 111 5 0 49 569 1087 1332 1015 44 0
0 0 73 431 1092 2043 449 8 0 1 105 507 1217 1990 270 6 0 2 173 690 1500 1591 138 2
0 6 202 570 1149 1451 708 10 0 33 248 629 1215 1475 491 5 1 32 321 688 1284 1427 341 2
0 1 34 350 1006 1840 849 16 0 1 60 445 1129 1876 578 7 1 3 106 532 1278 1800 374 2
7 317 831 1446 904 438 151 2 54 460 1047 1417 649 381 88 0 209 866 1200 984 512 280 45 0
0 59 701 1789 976 505 65 1 1 96 987 1721 849 413 29 0 14 177 1132 1600 804 354 15 0
0 0 389 1367 1386 912 42 0 0 0 633 1335 1415 697 16 0 0 0 436 1469 1462 713 16 0
1 108 387 1006 1061 1316 217 0 2 168 429 1090 1086 1224 97 0 5 168 426 1084 1169 1166 78 0
1 91 1548 1091 445 600 315 5 2 243 1616 961 408 658 208 0 6 215 1569 1027 412 675 192 0
0 49 282 1196 646 1477 445 1 0 90 363 1205 592 1598 248 0 3 84 301 1272 609 1627 200 0
0 0 47 235 710 2064 1038 2 0 1 74 286 768 2459 507 1 0 1 70 290 773 2483 478 1
0 0 8 163 761 2085 1079 0 0 0 19 246 860 2545 426 0 0 0 21 222 869 2596 388 0
0 0 8 140 732 2131 1085 0 0 0 17 204 812 2661 402 0 0 0 15 207 810 2713 351 0
0 0 6 154 748 2213 975 0 0 0 17 221 810 2636 412 0 0 0 15 214 823 2662 382 0
0 0 6 165 798 2225 898 4 0 0 12 243 850 2558 433 0 0 0 13 229 864 2606 384 0
0 0 178 498 596 1931 891 2 0 0 482 275 732 2187 420 0 0 0 305 447 737 2258 349 0
340 2626 854 240 31 5 0 0 997 2241 662 169 24 3 0 0 691 2419 751 204 28 3 0 0
169 2873 721 305 25 3 0 0 716 2466 622 268 21 3 0 0 247 2831 677 310 28 3 0 0
225 2199 1185 438 46 2 1 0 463 2761 672 180 19 1 0 0 574 2260 1030 204 25 3 0 0
77 526 673 649 952 993 225 1 254 599 429 818 1150 677 169 0 295 404 553 828 1228 690 98 0
0 0 110 740 1092 2140 14 0 0 0 260 860 1178 1793 5 0 0 0 270 877 1507 1439 3 0
0 0 11 421 1247 2392 25 0 0 0 31 851 1209 1996 9 0 0 0 34 807 1606 1645 4 0
0 0 8 256 1195 2623 14 0 0 0 13 655 1348 2078 2 0 0 0 15 608 1546 1926 1 0
0 0 7 434 1140 2488 26 1 0 0 33 659 1322 2070 11 1 0 0 30 655 1480 1923 8 0
0 0 13 547 1438 2083 15 0 0 0 35 903 1749 1407 2 0 0 0 35 888 2121 1050 2 0
0 0 8 421 1306 2357 4 0 0 0 31 614 1574 1877 0 0 0 0 29 637 1810 1620 0 0
2 124 305 343 1164 2153 5 0 0 0 59 462 2003 1571 1 0 0 0 121 679 1966 1330 0 0
4080 15 1 0 0 0 0 0 4088 7 1 0 0 0 0 0 4090 5 1 0 0 0 0 0
3971 115 9 1 0 0 0 0 4067 24 4 1 0 0 0 0 4067 24 4 1 0 0 0 0
2756 844 190 122 142 42 0 0 3015 624 191 137 129 0 0 0 3308 419 118 134 117 0 0 0
2184 1727 179 6 0 0 0 0 2734 1286 76 0 0 0 0 0 3978 115 3 0 0 0 0 0
1797 1692 489 113 5 0 0 0 2558 1489 47 2 0 0 0 0 3829 263 4 0 0 0 0 0
1228 1873 714 276 5 0 0 0 2306 1670 119 1 0 0 0 0 3561 525 10 0 0 0 0 0
576 2037 1004 434 45 0 0 0 1584 2124 350 38 0 0 0 0 2983 1001 110 2 0 0 0 0
1089 1462 898 436 211 0 0 0 2230 1216 425 222 3 0 0 0 3014 775 189 118 0 0 0 0
384 1625 1023 258 782 24 0 0 967 1735 475 858 55 6 0 0 1940 1096 512 509 33 6 0 0
85 600 878 480 1740 281 32 0 199 907 665 1783 374 166 2 0 579 784 1054 1240 339 100 0 0
0 370 1734 486 1408 74 24 0 3 606 1679 1625 102 76 5 0 486 790 1659 1021 76 63 1 0
0 123 781 1548 1392 189 61 2 42 295 1240 1964 358 151 46 0 93 563 1663 1380 243 127 27 0
8 419 1107 1509 914 113 26 0 108 679 1420 1533 271 67 18 0 219 802 1814 1068 124 54 15 0
59 615 953 1263 853 289 62 2 188 830 1144 1226 470 195 43 0 510 911 1261 912 316 166 20 0
133 1034 1205 848 434 315 121 6 275 964 1275 847 361 281 90 3 738 1359 888 493 357 208 52 1
62 982 1747 773 389 113 30 0 116 817 1814 816 400 110 23 0 720 1524 1053 390 301 96 12 0
35 542 1491 751 593 532 145 7 61 420 1507 834 673 487 110 4 467 1394 740 408 636 404 47 0
126 1706 1463 646 125 24 6 0 313 1801 1252 595 104 22 9 0 1069 1748 955 274 27 21 2 0
9 307 1059 1413 815 403 87 3 58 472 1177 1298 719 329 42 1 128 597 1323 1126 640 259 23 0
31 304 741 1615 863 459 73 10 114 396 892 1531 754 349 57 3 134 457 828 1544 778 305 48 2
53 761 816 869 758 731 86 22 225 784 776 832 818 596 45 20 371 725 661 892 883 512 39 13
2 239 1046 1209 506 848 202 44 77 288 1477 751 522 857 85 39 114 346 1403 778 555 809 62 29
23 386 211 520 722 1802 370 62 181 297 228 596 756 1807 182 49 276 244 228 637 809 1733 134 35
11 282 115 224 757 1950 710 47 106 232 112 341 795 2155 330 25 164 182 136 377 845 2124 254 14
1 106 75 228 883 2097 624 82 51 100 77 313 947 2299 236 73 73 83 85 351 1012 2253 195 44
0 1 19 181 841 2213 776 65 1 7 24 275 983 2436 312 58 1 8 33 327 1060 2403 233 31
0 0 6 184 834 2391 676 5 0 0 22 273 968 2589 241 3 0 0 24 310 1025 2533 204 0
0 0 8 226 972 2440 450 0 0 0 20 342 1055 2500 179 0 0 0 20 384 1110 2448 134 0
0 0 64 539 722 2072 697 2 0 1 307 403 855 2250 279 1 0 0 250 471 902 2268 205 0
826 2054 972 210 30 4 0 0 1226 2109 601 139 19 2 0 0 1125 2103 691 153 21 3 0 0
67 2811 878 301 33 6 0 0 412 2762 621 274 23 4 0 0 198 2845 710 311 27 5 0 0
630 2003 962 392 95 7 2 5 1443 1789 602 217 34 5 2 4 1477 1732 676 164 39 2 3 3
221 544 984 694 628 852 171 2 453 965 566 605 784 597 126 0 678 898 434 614 837 560 75 0
0 0 176 694 1098 2119 9 0 0 2 333 844 1334 1582 1 0 0 1 362 869 1786 1078 0 0
0 0 6 414 1205 2453 18 0 0 0 36 830 1306 1918 6 0 0 0 35 847 1701 1510 3 0
0 0 12 286 1089 2699 10 0 0 0 23 661 1405 2006 1 0 0 0 23 660 1714 1697 2 0
0 0 9 431 1169 2468 19 0 0 0 42 708 1372 1970 4 0 0 0 42 707 1750 1594 3 0
0 0 16 448 1238 2381 13 0 0 0 40 836 1705 1512 3 0 0 0 41 840 2094 1118 3 0
0 0 8 441 1267 2375 5 0 0 0 40 668 1630 1758 0 0 0 0 35 687 1952 1422 0 0
0 122 275 378 1083 2234 4 0 0 0 43 471 2149 1433 0 0 0 0 125 668 2226 1077 0 0
1773 1875 244 161 43 0 0 0 2724 1114 139 119 0 0 0 0 3644 255 183 14 0 0 0 0
1574 1411 332 204 575 0 0 0 2386 899 104 692 15 0 0 0 3157 188 452 298 1 0 0 0
661 1433 552 349 1076 25 0 0 1363 1148 319 1128 138 0 0 0 2070 567 504 872 83 0 0 0
71 646 855 1095 1429 0 0 0 442 1581 283 1790 0 0 0 0 1590 624 1557 325 0 0 0 0
2 709 562 1138 1685 0 0 0 175 1414 319 2188 0 0 0 0 1270 469 1719 638 0 0 0 0
7 818 540 662 2068 1 0 0 108 1054 469 2434 31 0 0 0 993 497 1498 1108 0 0 0 0
0 979 478 606 2033 0 0 0 499 777 439 2373 8 0 0 0 1136 434 1765 761 0 0 0 0
140 1324 288 391 1953 0 0 0 274 1312 273 2235 2 0 0 0 1555 240 1550 751 0 0 0 0
43 860 1115 445 1632 1 0 0 406 1624 312 1707 47 0 0 0 1854 381 779 1082 0 0 0 0
1 821 1027 714 1530 3 0 0 461 1559 476 1545 55 0 0 0 1691 634 1040 731 0 0 0 0
4 721 1559 1145 644 13 4 6 208 1855 1177 805 32 11 1 7 1601 1298 953 214 13 6 5 6
42 833 1444 1212 516 48 1 0 368 1642 1258 732 91 5 0 0 1337 1712 799 221 22 5 0 0
7 457 1366 1347 851 68 0 0 252 1631 1345 789 79 0 0 0 738 1784 1276 258 40 0 0 0
11 499 1430 1576 520 54 5 1 300 1991 1177 521 97 7 3 0 810 1970 932 314 62 7 1 0
59 712 1469 1344 439 67 6 0 344 1485 1442 670 140 15 0 0 910 1674 1030 393 72 17 0 0
183 530 1096 1276 896 107 8 0 400 798 1384 1037 436 40 1 0 564 967 1347 840 331 45 2 0
1349 1097 773 620 215 40 2 0 1706 1106 759 384 118 21 2 0 2136 891 652 291 106 18 2 0
124 818 1814 1094 187 50 8 1 296 1579 1789 325 63 34 9 1 478 1823 1511 195 50 28 11 0
42 607 2232 1092 111 12 0 0 149 1165 2327 406 46 3 0 0 194 1399 1963 491 48 1 0 0
27 414 1930 1179 375 159 12 0 56 460 2107 993 362 115 3 0 61 450 1648 1359 473 87 18 0
100 701 856 1249 643 444 101 2 148 476 1287 1001 722 412 50 0 201 461 1206 766 816 509 137 0
6 275 1519 1662 322 239 66 7 0 210 2128 1115 326 274 39 4 8 305 2046 794 477 335 123 8
7 134 750 1894 983 202 98 28 2 157 1518 1446 532 312 89 40 19 599 1702 751 367 388 196 74
0 155 588 1961 1234 112 39 7 11 349 1284 1957 249 206 37 3 73 590 2279 685 167 143 148 11
1 233 348 1791 1089 446 175 13 12 312 1255 1588 476 352 97 4 75 549 2050 596 468 304 53 1
0 310 780 1374 1090 350 169 23 58 470 1325 1410 433 314 73 13 110 935 1672 663 409 249 52 6
5 403 671 1430 1125 301 127 34 52 558 1280 1491 364 245 89 17 105 928 1843 595 352 202 63 8
0 345 904 1723 697 253 141 33 40 560 1784 1105 263 221 113 10 91 1130 1865 474 272 184 79 1
5 375 716 1685 594 538 151 32 33 524 1551 1023 346 513 89 17 113 891 1649 542 377 458 60 6
450 1052 739 1135 606 93 19 2 753 996 1216 702 370 46 11 2 705 981 1385 694 297 29 3 2
29 998 1228 1055 588 155 37 6 139 1334 1242 866 402 93 18 2 87 1243 1561 747 392 52 13 1
187 505 1556 1322 388 111 22 5 426 1602 1379 438 160 71 19 1 843 1774 969 301 139 62 8 0
93 2257 1151 310 235 50 0 0 1497 1703 409 242 189 56 0 0 2383 910 392 221 178 12 0 0
0 0 161 731 1205 1951 48 0 0 1 304 907 1545 1325 14 0 0 3 353 994 2092 649 5 0
0 0 11 421 1300 2344 20 0 0 0 44 865 1568 1612 7 0 0 0 59 1005 2175 853 4 0
0 0 4 288 1160 2633 11 0 0 0 21 665 1473 1934 3 0 0 1 29 751 2192 1122 1 0
0 0 11 390 1246 2432 17 0 0 0 43 730 1465 1853 5 0 0 0 42 814 2248 990 2 0
0 0 14 372 1390 2310 10 0 0 0 30 823 1748 1492 3 0 0 0 34 847 2351 862 2 0
0 0 3 436 1382 2272 3 0 0 0 31 673 1891 1501 0 0 0 0 31 712 2535 818 0 0
0 135 344 394 1155 2061 7 0 0 0 48 574 2211 1263 0 0 0 0 141 753 2433 769 0 0
0 47 525 2506 1017 1 0 0 27 269 1497 2299 4 0 0 0 96 695 3121 184 0 0 0 0
184 615 475 1532 1289 1 0 0 131 678 955 2304 28 0 0 0 747 667 2132 550 0 0 0 0
377 1752 909 643 412 3 0 0 252 1812 1180 793 59 0 0 0 1909 1213 742 220 12 0 0 0
451 2114 761 238 505 27 0 0 397 2176 928 586 9 0 0 0 2201 1179 454 262 0 0 0 0
840 2331 597 182 146 0 0 0 634 2330 851 230 51 0 0 0 2645 1093 256 83 19 0 0 0
626 2570 555 206 114 25 0 0 679 2346 743 230 97 1 0 0 2832 861 231 132 40 0 0 0
118 1705 884 1030 213 144 2 0 895 1808 700 507 164 22 0 0 2133 934 779 182 67 1 0 0
738 1940 1010 354 48 5 1 0 1178 2495 410 8 4 1 0 0 3709 352 30 2 3 0 0 0
705 2252 704 206 225 4 0 0 1263 1986 624 222 1 0 0 0 3668 199 141 88 0 0 0 0
52 1049 1515 877 555 46 2 0 602 2238 712 518 25 1 0 0 2722 729 386 250 9 0 0 0
44 1222 1360 971 446 45 6 2 501 2010 864 627 79 13 2 0 2325 1009 571 176 13 2 0 0
296 1874 1009 448 390 74 5 0 644 1985 828 472 153 14 0 0 2615 837 466 150 27 1 0 0
519 1916 1127 380 150 4 0 0 698 1987 1114 274 23 0 0 0 2880 936 245 33 2 0 0 0
355 1211 1237 1111 180 1 1 0 597 1624 1483 359 31 2 0 0 1653 1507 811 117 7 1 0 0
654 1263 1022 863 259 34 1 0 779 1247 1059 758 218 33 2 0 1539 1157 759 446 159 34 2 0
526 1380 1212 730 187 52 8 1 624 1493 1153 614 164 43 4 1 1671 1321 747 252 81 23 1 0
1602 1204 633 459 163 27 8 0 1657 1137 645 514 118 19 6 0 2655 928 330 129 38 15 1 0
584 1865 876 481 248 40 2 0 698 2089 829 353 104 23 0 0 2115 1361 450 123 34 13 0 0
120 1103 1488 1018 354 13 0 0 160 1604 1581 655 80 16 0 0 1063 1967 819 149 45 46 7 0
288 1417 1214 877 289 11 0 0 73 1325 1599 785 255 56 3 0 406 813 987 919 647 262 58 4
536 1252 1140 702 421 41 3 1 63 710 1472 1384 420 38 6 3 150 632 1088 1135 756 292 36 7
197 1413 1881 497 95 5 6 2 9 529 1554 1384 524 85 5 6 59 473 1122 998 722 605 111 6
799 1471 1375 337 85 22 4 3 2 93 1683 913 1117 254 27 7 1 24 202 1343 995 1115 385 31
123 825 1527 1092 503 24 2 0 32 396 1548 824 840 443 9 4 215 829 629 656 455 596 702 14
40 600 668 1126 1079 437 137 9 179 1140 1230 668 474 345 57 3 875 1346 730 308 499 267 70 1
2 106 397 1158 1438 740 238 17 79 450 871 1331 679 565 118 3 314 814 1130 583 697 479 76 3
0 61 149 1242 1857 593 184 10 0 11 574 2274 629 521 83 4 0 29 2159 797 691 377 43 0
0 0 38 1517 2225 233 75 8 0 4 807 2828 239 177 35 6 0 44 3110 556 227 138 21 0
0 37 170 1569 2095 154 66 5 10 227 989 2547 148 134 39 2 68 409 2882 449 166 105 17 0
0 36 232 1379 1425 776 229 19 1 169 994 1578 615 595 140 4 60 375 1854 559 702 470 74 2
4 96 309 1105 1422 825 310 25 3 169 676 1647 698 709 178 16 9 195 1583 811 786 608 98 6
31 748 1151 931 634 413 179 9 431 1461 684 651 401 343 118 7 1074 1032 815 396 407 317 54 1
5 1067 942 763 609 549 154 7 578 1310 559 679 454 439 72 5 1269 793 750 402 512 333 37 0
0 0 7 1500 2039 417 129 4 0 0 637 2683 395 320 61 0 0 15 2676 718 400 257 30 0
0 0 15 2111 1816 126 28 0 0 2 1012 2848 142 85 7 0 0 15 3397 497 126 61 0 0
2 59 216 1261 2018 468 69 3 0 213 610 2475 431 332 33 2 11 246 2436 699 482 203 18 1
0 49 194 991 1426 1127 300 9 5 93 533 1443 924 934 159 5 7 146 1267 812 1101 707 56 0
0 0 29 1086 1352 1339 283 7 0 2 540 1290 1157 963 142 2 0 16 1114 848 1341 703 73 1
0 0 51 1099 1490 1254 198 4 0 5 528 1303 1331 825 102 2 0 14 1117 905 1465 553 42 0
0 102 428 1150 1192 1114 105 5 0 5 511 1297 1412 814 56 1 0 12 1050 1051 1493 460 30 0
0 23 166 1880 2027 0 0 0 0 69 615 3412 0 0 0 0 27 186 3254 629 0 0 0 0
2 497 290 1221 2086 0 0 0 26 600 400 3070 0 0 0 0 501 281 2596 718 0 0 0 0
117 1152 220 651 1956 0 0 0 96 1102 414 2482 2 0 0 0 1155 331 1764 846 0 0 0 0
197 1252 551 943 1146 7 0 0 175 1351 731 1820 19 0 0 0 1343 693 1849 211 0 0 0 0
64 1156 784 1105 987 0 0 0 622 1052 992 1396 34 0 0 0 1354 961 1385 394 2 0 0 0
38 1232 1396 1067 354 9 0 0 1155 1551 790 573 26 1 0 0 2122 1094 679 196 5 0 0 0
477 2459 655 406 95 4 0 0 1131 2595 286 80 4 0 0 0 3616 381 91 8 0 0 0 0
1925 1390 617 155 8 1 0 0 2642 1385 67 2 0 0 0 0 3958 132 6 0 0 0 0 0
536 740 1469 1206 139 6 0 0 2375 1562 150 9 0 0 0 0 3288 759 46 3 0 0 0 0
0 85 1328 2295 378 10 0 0 1162 2517 378 38 1 0 0 0 2473 1472 147 4 0 0 0 0
0 221 1787 1830 239 18 1 0 893 2557 587 49 9 1 0 0 2751 1233 95 13 4 0 0 0
120 2165 1415 325 64 7 0 0 707 2578 715 67 28 1 0 0 3649 352 75 16 4 0 0 0
541 2609 886 58 2 0 0 0 698 2282 1052 63 1 0 0 0 3949 143 4 0 0 0 0 0
820 2254 785 183 54 0 0 0 1368 1631 873 163 59 2 0 0 3410 485 137 57 7 0 0 0
1018 1482 891 547 143 15 0 0 1115 1393 913 510 148 17 0 0 2237 1108 514 192 41 4 0 0
1521 1630 574 298 63 10 0 0 1479 1620 603 314 70 10 0 0 3133 674 228 55 5 1 0 0
1364 1744 744 220 22 2 0 0 1257 1721 825 263 28 2 0 0 3137 757 179 21 2 0 0 0
1152 1139 431 899 469 6 0 0 925 1240 482 780 660 9 0 0 3263 717 113 3 0 0 0 0
201 1466 1183 986 245 10 4 1 148 1356 1236 1007 341 4 3 1 3194 775 116 7 3 0 1 0
139 2353 1157 309 134 4 0 0 158 2428 1329 171 10 0 0 0 3157 667 195 55 22 0 0 0
348 2053 1210 394 83 8 0 0 323 1874 1492 349 56 2 0 0 2573 918 336 230 36 3 0 0
270 1186 1955 661 16 7 1 0 64 1183 2431 397 17 4 0 0 530 1307 1516 696 44 3 0 0
655 793 1085 1383 127 36 15 2 8 493 2737 742 75 28 12 1 231 862 1444 941 581 28 8 1
605 1285 838 963 393 12 0 0 916 1382 1352 430 16 0 0 0 1859 1356 797 77 7 0 0 0
1427 1190 639 615 220 5 0 0 1908 1110 826 246 6 0 0 0 2768 1062 257 9 0 0 0 0
335 1047 1197 1061 402 40 14 0 707 1360 1256 630 104 29 10 0 1168 1288 1152 352 108 22 6 0
3 283 1014 1484 640 515 155 2 19 536 1470 1010 555 437 67 2 44 529 1497 1019 603 370 33 1
2 339 810 1563 866 405 106 5 76 1024 1265 866 513 301 51 0 612 1049 937 764 490 226 18 0
15 241 805 1380 990 504 145 16 37 665 1237 1056 657 355 85 4 446 1004 1091 692 571 248 44 0
1 187 712 1721 1180 235 54 6 55 862 1615 945 421 168 28 2 491 1477 1141 562 298 113 14 0
2 99 570 2211 725 364 122 3 10 370 1924 1026 415 283 66 2 47 690 2114 549 450 222 23 1
0 184 851 2562 448 36 15 0 69 927 2159 854 62 20 5 0 473 1200 2133 231 41 15 3 0
1 559 972 2203 352 9 0 0 181 1189 1918 781 21 6 0 0 670 1180 2070 160 14 2 0 0
33 695 888 1942 525 11 2 0 118 855 1831 1253 31 6 2 0 109 771 2901 284 24 5 2 0
3 35 390 1995 1136 456 81 0 2 84 1334 1693 655 281 47 0 6 147 2272 824 628 201 18 0
1 17 147 1662 1320 788 158 3 2 61 744 1833 853 545 58 0 5 105 1788 929 893 351 25 0
0 4 90 1761 1136 924 181 0 1 19 939 1509 904 666 57 1 0 76 1630 930 985 455 20 0
1 10 209 1857 1071 825 122 1 2 55 1220 1402 836 534 47 0 1 83 2015 738 912 326 21 0
23 257 470 1893 796 534 123 0 59 320 1640 1022 588 424 42 1 41 321 2050 766 636 267 15 0
26 848 874 1138 738 421 51 0 94 1039 869 852 820 393 29 0 85 1089 1164 766 796 187 9 0
6 453 264 2269 1104 0 0 0 20 595 906 2575 0 0 0 0 525 296 2821 454 0 0 0 0
0 2 43 1611 2440 0 0 0 1 22 457 3616 0 0 0 0 7 76 2777 1236 0 0 0 0
0 0 0 766 3330 0 0 0 0 0 134 3962 0 0 0 0 0 0 2267 1829 0 0 0 0
0 0 0 1090 3006 0 0 0 0 0 171 3925 0 0 0 0 0 0 2456 1640 0 0 0 0
0 0 0 984 3112 0 0 0 0 0 236 3858 2 0 0 0 0 0 2063 2033 0 0 0 0
0 0 1 570 3525 0 0 0 0 0 62 4033 1 0 0 0 0 1 2262 1833 0 0 0 0
862 1372 369 638 855 0 0 0 804 1350 555 1387 0 0 0 0 2391 324 1166 215 0 0 0 0
788 1542 262 512 992 0 0 0 1053 1439 361 1243 0 0 0 0 2380 247 1156 313 0 0 0 0
22 1064 617 739 1650 4 0 0 166 1558 417 1948 7 0 0 0 1477 494 1455 670 0 0 0 0
27 1128 718 1045 1168 10 0 0 394 2105 299 1293 5 0 0 0 2052 640 821 583 0 0 0 0
20 1055 1022 1452 538 9 0 0 454 2643 449 550 0 0 0 0 2356 1074 481 185 0 0 0 0
212 1316 1133 1208 215 10 2 0 779 2591 594 124 7 1 0 0 2751 1190 123 28 3 1 0 0
334 622 1097 1558 474 11 0 0 1425 1898 402 337 34 0 0 0 2565 1085 371 75 0 0 0 0
78 1506 1209 1003 297 3 0 0 1001 2307 446 311 31 0 0 0 2754 788 405 146 3 0 0 0
154 3196 580 148 16 2 0 0 983 2813 285 15 0 0 0 0 3746 336 13 1 0 0 0 0
409 2196 1030 422 35 4 0 0 1321 2619 150 6 0 0 0 0 3725 350 21 0 0 0 0 0
542 1373 1115 913 137 15 1 0 1119 2382 484 108 2 1 0 0 3184 834 69 7 2 0 0 0
88 745 1065 1499 595 100 4 0 758 1901 527 402 462 46 0 0 2792 1104 173 27 0 0 0 0
142 1321 1185 1238 198 11 1 0 827 2219 651 310 86 3 0 0 3281 749 57 8 1 0 0 0
561 3119 405 11 0 0 0 0 784 2879 426 7 0 0 0 0 3943 152 1 0 0 0 0 0
980 2856 248 12 0 0 0 0 921 2716 448 11 0 0 0 0 3975 119 2 0 0 0 0 0
686 2677 638 92 3 0 0 0 902 2385 740 66 3 0 0 0 3657 386 45 7 1 0 0 0
290 3028 721 57 0 0 0 0 539 2964 566 27 0 0 0 0 3748 339 9 0 0 0 0 0
556 3304 174 57 5 0 0 0 838 3037 193 25 3 0 0 0 3880 181 33 2 0 0 0 0
1909 1681 302 140 46 14 1 3 2498 1356 151 53 31 3 1 3 3702 261 94 28 4 3 4 0
1051 1375 642 891 117 13 3 4 2243 714 917 177 31 8 3 3 2652 701 651 61 17 10 2 2
533 939 696 1373 247 301 7 0 1507 571 1317 347 293 61 0 0 1781 741 1124 208 238 4 0 0
65 1105 1556 1159 207 4 0 0 362 1528 1507 582 117 0 0 0 1978 1492 576 47 3 0 0 0
144 1716 1194 639 292 109 2 0 427 1785 1104 562 195 23 0 0 2482 1065 386 132 31 0 0 0
334 1405 1173 899 273 12 0 0 350 1564 1446 621 114 1 0 0 2245 1261 541 49 0 0 0 0
157 991 1374 1275 289 10 0 0 165 1277 2028 527 74 25 0 0 1540 1617 798 104 37 0 0 0
37 452 1600 1443 417 137 10 0 53 741 1912 831 329 198 32 0 803 1543 1044 425 218 59 4 0
7 544 1533 1635 354 23 0 0 123 980 1725 821 274 172 1 0 470 1633 1401 354 227 11 0 0
1 546 1406 1776 356 10 1 0 36 1080 2060 771 145 3 1 0 106 1358 2050 503 75 3 1 0
0 70 718 2330 731 192 37 18 1 236 2272 953 475 118 28 13 1 560 2224 834 355 86 26 10
0 8 300 2331 995 361 70 31 0 68 1961 1058 717 211 51 30 7 365 1891 1034 579 149 43 28
0 0 239 2283 974 533 50 17 0 47 1948 898 858 290 36 19 0 320 1838 912 798 188 23 17
0 28 311 1994 1215 505 42 1 2 83 1618 1258 880 238 17 0 3 302 1665 1225 754 142 5 0
1 133 1278 1503 838 314 29 0 2 196 1576 1118 835 362 7 0 5 357 1614 1228 726 164 2 0
20 1228 2173 632 26 9 4 4 36 2400 1248 390 12 2 2 6 58 2503 1231 290 4 2 2 6
34 788 799 1964 476 35 0 0 193 1028 1770 971 134 0 0 0 1151 2065 663 209 8 0 0 0
5 680 943 1871 563 34 0 0 21 1075 1717 1138 145 0 0 0 784 2036 1052 200 24 0 0 0
35 1176 679 1337 869 0 0 0 118 1465 1270 1225 18 0 0 0 1399 1335 941 421 0 0 0 0
19 982 724 979 1392 0 0 0 98 1358 813 1824 3 0 0 0 1090 899 1589 518 0 0 0 0
0 65 398 1251 2382 0 0 0 11 284 908 2891 2 0 0 0 102 493 2348 1153 0 0 0 0
0 0 12 1630 2454 0 0 0 0 0 811 3281 4 0 0 0 0 61 2862 1173 0 0 0 0
926 1883 577 491 219 0 0 0 910 1905 773 508 0 0 0 0 3084 397 556 59 0 0 0 0
1274 825 154 667 1176 0 0 0 1662 554 414 1466 0 0 0 0 2106 187 1422 381 0 0 0 0
0 0 1 1406 2689 0 0 0 0 1 517 3578 0 0 0 0 0 10 3209 877 0 0 0 0
0 0 0 506 3589 1 0 0 0 0 95 3995 6 0 0 0 0 0 1646 2450 0 0 0 0
0 5 4 761 3326 0 0 0 5 3 193 3895 0 0 0 0 5 3 1639 2449 0 0 0 0
1 47 95 929 3024 0 0 0 5 60 490 3531 10 0 0 0 43 119 1679 2255 0 0 0 0
3 320 301 1075 2397 0 0 0 7 431 741 2885 32 0 0 0 387 284 1796 1629 0 0 0 0
1 668 553 580 2294 0 0 0 11 992 525 2565 3 0 0 0 869 486 1391 1350 0 0 0 0
13 964 727 430 1950 12 0 0 192 1502 387 1923 92 0 0 0 1427 607 657 1405 0 0 0 0
13 899 898 1344 925 17 0 0 484 1960 593 967 92 0 0 0 1912 801 913 470 0 0 0 0
23 755 1208 1501 597 12 0 0 724 2212 535 618 7 0 0 0 2357 1053 511 175 0 0 0 0
15 703 1279 1870 225 4 0 0 947 2765 319 60 5 0 0 0 2866 1137 80 13 0 0 0 0
0 183 1399 2073 405 34 2 0 1225 2370 428 69 4 0 0 0 2584 1351 142 18 1 0 0 0
1 665 1686 1537 197 10 0 0 941 2847 293 15 0 0 0 0 2957 1067 67 5 0 0 0 0
531 893 983 1420 244 25 0 0 2089 1788 196 20 3 0 0 0 3183 844 64 5 0 0 0 0
512 609 936 1851 187 1 0 0 2038 1934 122 2 0 0 0 0 3164 918 14 0 0 0 0 0
260 1675 1391 687 83 0 0 0 1952 2059 83 2 0 0 0 0 3632 437 27 0 0 0 0 0
2433 1659 4 0 0 0 0 0 3264 832 0 0 0 0 0 0 4092 4 0 0 0 0 0 0
1080 1460 805 621 121 6 3 0 3021 932 130 8 5 0 0 0 3559 486 42 8 1 0 0 0
3 79 1346 2341 293 33 1 0 1055 2721 259 50 11 0 0 0 2546 1420 110 18 2 0 0 0
0 89 1243 2296 430 38 0 0 1067 2443 413 140 32 1 0 0 2414 1468 184 29 1 0 0 0
5 240 1171 2133 512 35 0 0 984 2276 581 188 56 11 0 0 2380 1437 229 46 4 0 0 0
35 1066 1961 911 122 1 0 0 444 2201 1319 124 8 0 0 0 3304 744 47 1 0 0 0 0
258 1718 1634 343 143 0 0 0 275 1439 1748 404 202 28 0 0 3363 634 51 27 21 0 0 0
166 2345 1330 209 46 0 0 0 267 2258 1354 201 16 0 0 0 3707 376 12 1 0 0 0 0
372 1699 1706 305 14 0 0 0 576 1476 1496 334 97 101 16 0 2973 762 138 90 86 47 0 0
34 1167 2180 634 81 0 0 0 273 1687 1371 445 227 89 4 0 2061 1342 316 232 133 12 0 0
61 854 1831 1152 186 12 0 0 359 2275 1025 302 130 5 0 0 1483 1980 442 139 52 0 0 0
11 744 1690 1135 482 34 0 0 380 1951 1068 554 139 4 0 0 1073 1939 849 215 20 0 0 0
5 552 1476 1285 714 64 0 0 251 1431 1265 779 367 3 0 0 706 1683 1104 566 37 0 0 0
1 104 978 1394 1164 394 32 29 81 1158 797 1108 812 84 29 27 386 1193 1065 1036 327 32 30 27
6 105 286 936 1730 949 71 13 21 252 793 1545 1012 436 26 11 112 728 1286 1266 622 57 14 11
31 389 972 460 1592 646 6 0 103 384 472 949 1939 249 0 0 189 507 619 1978 781 22 0 0
12 95 576 643 1720 981 48 21 44 412 497 1176 1696 212 39 20 72 520 827 2024 505 92 37 19
109 2151 1368 448 20 0 0 0 73 2303 1522 196 2 0 0 0 2883 1073 140 0 0 0 0 0
17 1488 1096 1453 42 0 0 0 18 1810 1762 506 0 0 0 0 2004 1442 646 4 0 0 0 0
75 1690 750 1547 34 0 0 0 12 1899 2021 164 0 0 0 0 2169 1789 138 0 0 0 0 0
61 1214 1081 1704 36 0 0 0 63 1488 2373 172 0 0 0 0 1895 2063 138 0 0 0 0 0
42 510 1700 1820 24 0 0 0 32 957 2900 180 27 0 0 0 1032 2597 456 11 0 0 0 0
13 579 2002 1423 79 0 0 0 60 1131 2658 237 10 0 0 0 1108 2507 456 25 0 0 0 0
1608 2312 176 0 0 0 0 0 1476 2380 240 0 0 0 0 0 4060 36 0 0 0 0 0 0
2272 915 182 510 217 0 0 0 2628 699 353 416 0 0 0 0 3210 230 644 12 0 0 0 0
128 803 499 1075 1591 0 0 0 307 855 919 2010 5 0 0 0 937 591 2329 239 0 0 0 0
0 15 185 1510 2386 0 0 0 0 116 1002 2977 1 0 0 0 44 318 2847 887 0 0 0 0
0 4 11 929 3152 0 0 0 2 13 447 3634 0 0 0 0 7 13 2055 2021 0 0 0 0
0 0 0 451 3645 0 0 0 0 0 97 3999 0 0 0 0 0 0 1721 2375 0 0 0 0
0 0 1 913 3182 0 0 0 0 0 394 3686 16 0 0 0 0 6 2133 1957 0 0 0 0
0 0 1 643 3452 0 0 0 0 1 153 3937 5 0 0 0 0 2 2398 1696 0 0 0 0
0 0 0 1382 2714 0 0 0 0 0 590 3506 0 0 0 0 0 11 2950 1135 0 0 0 0
0 0 12 975 3109 0 0 0 0 12 450 3634 0 0 0 0 3 27 3059 1007 0 0 0 0
0 0 0 618 3475 3 0 0 0 0 259 3834 3 0 0 0 0 0 2806 1290 0 0 0 0
2 64 76 713 3239 2 0 0 10 80 462 3484 60 0 0 0 88 84 2239 1685 0 0 0 0
5 198 416 725 2721 31 0 0 109 488 436 3014 42 7 0 0 452 332 2752 543 17 0 0 0
3 57 616 1098 2314 7 1 0 237 819 501 2527 12 0 0 0 739 714 2156 487 0 0 0 0
1 94 797 1614 1563 16 10 1 555 1416 518 1584 11 11 1 0 1309 929 1086 755 16 1 0 0
0 71 1233 1878 895 19 0 0 825 1981 365 917 8 0 0 0 1956 1028 687 424 1 0 0 0
1 50 1039 2397 573 31 4 1 887 2470 368 351 12 7 1 0 2158 1462 371 93 8 3 1 0
57 452 1173 1993 398 22 1 0 1441 2235 357 39 18 6 0 0 2568 1386 95 31 14 2 0 0
1 253 1152 2264 415 11 0 0 1352 2318 382 37 7 0 0 0 2570 1423 95 8 0 0 0 0
0 7 676 2871 532 10 0 0 864 2908 313 11 0 0 0 0 2329 1708 57 2 0 0 0 0
0 3 706 3021 344 22 0 0 880 2934 257 25 0 0 0 0 2448 1565 79 4 0 0 0 0
18 173 803 2584 504 14 0 0 846 2559 449 121 106 15 0 0 2175 1593 194 110 24 0 0 0
32 329 700 1320 1190 525 0 0 427 1243 491 403 1256 275 1 0 1625 1545 709 176 41 0 0 0
46 711 1035 934 1295 75 0 0 190 927 847 792 1266 72 2 0 2638 1302 148 8 0 0 0 0
684 1390 1013 782 203 23 1 0 1188 1588 666 496 144 14 0 0 3275 681 94 46 0 0 0 0
1693 2021 311 69 2 0 0 0 3177 767 131 21 0 0 0 0 3413 579 90 14 0 0 0 0
1714 1733 445 187 14 3 0 0 3007 978 100 11 0 0 0 0 3280 733 69 14 0 0 0 0
273 512 696 2048 391 166 10 0 1081 2335 377 114 154 35 0 0 1890 1775 191 123 110 7 0 0
21 428 689 1684 756 512 6 0 223 1925 588 414 853 93 0 0 876 1704 408 777 325 6 0 0
26 351 575 959 1330 847 8 0 68 568 664 1089 1468 232 7 0 238 708 925 1614 584 27 0 0
29 385 600 568 1495 970 49 0 36 413 508 1039 1691 382 27 0 108 576 652 1720 802 229 9 0
10 152 449 1113 1354 951 67 0 9 135 776 1294 1206 647 29 0 28 424 1140 1132 964 399 9 0
1 69 200 524 1351 1744 203 4 1 89 298 766 1714 1139 88 1 11 126 444 1143 1607 723 42 0
0 4 65 306 1475 2068 178 0 1 22 172 667 1902 1268 64 0 1 37 269 866 2198 702 23 0
116 2616 1141 207 16 0 0 0 112 2634 1196 148 6 0 0 0 3278 754 64 0 0 0 0 0
129 3131 809 27 0 0 0 0 96 3242 732 26 0 0 0 0 3734 354 8 0 0 0 0 0
108 3030 931 27 0 0 0 0 86 3094 875 38 3 0 0 0 3671 410 14 1 0 0 0 0
196 3059 817 24 0 0 0 0 214 3212 654 16 0 0 0 0 3692 397 7 0 0 0 0 0
276 3180 593 33 14 0 0 0 202 3121 704 59 10 0 0 0 3705 352 25 14 0 0 0 0
163 2383 1125 321 103 1 0 0 155 2408 1209 289 35 0 0 0 3002 829 187 77 1 0 0 0
1905 2050 95 42 4 0 0 0 1904 2041 113 36 2 0 0 0 4013 65 18 0 0 0 0 0
2995 799 164 104 29 5 0 0 3304 602 150 37 3 0 0 0 3820 206 56 14 0 0 0 0
66 1187 821 1554 434 28 6 0 654 1287 1363 688 100 4 0 0 1504 1611 706 269 1 5 0 0
4 354 1016 2201 493 23 5 0 177 986 2130 727 66 7 2 1 655 2223 1100 107 5 4 2 0
1 207 1201 1987 672 21 7 0 40 922 2240 846 31 13 4 0 372 2161 1395 146 15 7 0 0
1 350 1073 1553 1119 0 0 0 78 1073 1581 1357 7 0 0 0 570 1323 1921 282 0 0 0 0
0 8 239 2137 1687 16 9 0 7 186 1809 2067 11 12 4 0 73 851 2766 384 14 8 0 0
0 63 210 1275 2538 10 0 0 42 170 1032 2831 21 0 0 0 85 494 2030 1477 10 0 0 0
0 17 105 959 3015 0 0 0 3 93 589 3411 0 0 0 0 22 119 2186 1769 0 0 0 0
0 0 23 831 3242 0 0 0 0 6 444 3641 5 0 0 0 0 46 2646 1404 0 0 0 0
0 0 0 570 3526 0 0 0 0 0 203 3888 5 0 0 0 0 3 3108 985 0 0 0 0
0 8 16 623 3449 0 0 0 5 19 267 3800 5 0 0 0 13 29 3093 961 0 0 0 0
0 45 115 598 3338 0 0 0 34 115 279 3668 0 0 0 0 83 119 2363 1531 0 0 0 0
0 86 128 1194 2682 6 0 0 63 121 532 3369 11 0 0 0 79 127 2574 1316 0 0 0 0
0 48 79 1008 2961 0 0 0 23 87 509 3467 10 0 0 0 45 95 2078 1878 0 0 0 0
0 0 0 410 3686 0 0 0 0 0 127 3968 1 0 0 0 0 3 1321 2772 0 0 0 0
0 1 0 472 3623 0 0 0 1 0 163 3932 0 0 0 0 1 4 2129 1962 0 0 0 0
0 28 268 1159 2641 0 0 0 32 324 653 3081 6 0 0 0 156 338 2439 1163 0 0 0 0
0 39 473 998 2581 5 0 0 44 531 752 2754 15 0 0 0 326 604 2023 1136 7 0 0 0
2 81 647 1375 1914 33 32 12 188 1281 537 1903 128 27 31 1 749 925 1139 1187 47 33 16 0
138 793 821 1473 796 42 31 2 526 1458 667 1069 276 82 18 0 1167 1194 945 633 108 40 9 0
20 848 1156 1089 952 25 6 0 726 1721 608 907 98 34 2 0 1946 952 482 667 45 4 0 0
35 576 1113 1510 703 157 2 0 660 1945 676 448 309 58 0 0 2130 1341 392 226 6 1 0 0
46 606 837 1077 778 717 35 0 560 1475 558 262 810 429 2 0 1825 1109 738 408 14 2 0 0
47 785 977 1467 676 141 3 0 838 1959 649 338 287 25 0 0 1996 1341 436 282 40 1 0 0
14 172 639 2251 893 86 38 3 586 2434 446 482 92 38 18 0 1439 1880 501 207 23 36 10 0
0 52 547 2759 683 55 0 0 511 2952 553 80 0 0 0 0 1497 2322 267 10 0 0 0 0
11 1036 558 992 929 539 31 0 539 1742 432 424 875 67 16 1 832 1686 362 986 179 45 6 0
1 51 330 816 1548 1215 130 5 43 379 688 866 1585 465 68 2 126 547 815 1507 736 337 28 0
6 117 425 726 1420 1245 157 0 37 323 557 1091 1081 939 68 0 119 431 792 981 1102 646 25 0
0 0 69 346 1272 2091 316 2 0 23 186 637 1551 1590 109 0 0 43 219 731 1803 1256 44 0
0 0 32 197 1095 2495 270 7 0 7 82 420 1551 1912 124 0 0 8 100 528 1890 1512 58 0
0 0 32 213 1141 2520 186 4 0 4 81 424 1768 1749 67 3 0 3 97 557 2166 1232 39 2
0 1 21 315 1358 2221 180 0 0 3 114 614 1684 1619 62 0 0 3 145 708 1912 1302 26 0
32 2789 1210 61 4 0 0 0 59 3162 834 39 2 0 0 0 3624 454 18 0 0 0 0 0
9 2483 1552 52 0 0 0 0 33 3253 784 26 0 0 0 0 3559 527 10 0 0 0 0 0
20 2068 1346 571 91 0 0 0 139 2831 811 315 0 0 0 0 2943 707 446 0 0 0 0 0
13 1338 822 784 988 151 0 0 139 1698 939 1032 287 1 0 0 1742 743 999 591 21 0 0 0
187 1101 828 932 957 91 0 0 686 1014 865 1338 184 9 0 0 1667 730 1158 507 31 3 0 0
487 1042 1249 1050 264 4 0 0 1328 1697 712 332 27 0 0 0 2499 1002 498 97 0 0 0 0
1287 2394 393 22 0 0 0 0 1283 2479 332 2 0 0 0 0 4019 75 2 0 0 0 0 0
3242 812 42 0 0 0 0 0 3475 583 38 0 0 0 0 0 4088 8 0 0 0 0 0 0
998 788 1273 930 103 4 0 0 2609 1363 105 18 1 0 0 0 3322 734 37 3 0 0 0 0
0 179 1723 1848 332 14 0 0 1558 2109 379 50 0 0 0 0 2543 1390 159 4 0 0 0 0
0 62 1172 2399 419 32 7 5 899 1982 1117 51 23 19 4 1 1831 2075 122 31 20 12 5 0
1 139 1111 2567 278 0 0 0 450 1777 1750 119 0 0 0 0 1190 2625 281 0 0 0 0 0
2 105 1189 1664 664 454 18 0 284 1303 1191 662 573 81 2 0 712 1606 907 702 162 7 0 0
59 547 972 2332 186 0 0 0 405 666 1719 1296 10 0 0 0 542 1156 2075 318 5 0 0 0
11 148 824 2863 250 0 0 0 91 479 2249 1266 11 0 0 0 216 1443 2179 257 1 0 0 0
5 88 481 2957 565 0 0 0 36 327 2397 1327 9 0 0 0 146 1228 2540 182 0 0 0 0
0 5 119 2351 1618 3 0 0 2 71 1735 2283 5 0 0 0 16 655 2906 515 4 0 0 0
0 22 77 1754 2241 2 0 0 12 55 984 3037 8 0 0 0 25 203 2682 1183 3 0 0 0
0 0 1 1105 2990 0 0 0 0 0 603 3493 0 0 0 0 0 61 2237 1798 0 0 0 0
0 0 0 538 3558 0 0 0 0 0 225 3867 4 0 0 0 0 17 1540 2539 0 0 0 0
0 22 59 362 3653 0 0 0 23 53 127 3885 8 0 0 0 26 59 1662 2349 0 0 0 0
0 40 136 712 3207 1 0 0 22 135 413 3521 5 0 0 0 53 130 1700 2212 1 0 0 0
0 37 108 738 3211 2 0 0 21 92 402 3576 5 0 0 0 32 117 1748 2199 0 0 0 0
0 1 15 643 3437 0 0 0 0 0 359 3684 49 4 0 0 0 4 1811 2258 23 0 0 0
49 571 280 479 2716 1 0 0 134 222 373 3034 291 42 0 0 207 286 1536 1938 129 0 0 0
65 669 289 667 2406 0 0 0 122 404 526 2817 197 30 0 0 233 487 1567 1731 78 0 0 0
0 10 9 447 3630 0 0 0 3 9 293 3789 2 0 0 0 2 18 1678 2398 0 0 0 0
0 0 12 334 3743 7 0 0 2 15 205 3857 17 0 0 0 6 21 830 3233 6 0 0 0
0 0 0 177 3919 0 0 0 0 0 107 3987 2 0 0 0 0 1 904 3191 0 0 0 0
0 59 163 396 3478 0 0 0 50 196 276 3572 2 0 0 0 149 163 1227 2557 0 0 0 0
6 97 403 497 3067 23 3 0 84 535 351 3079 31 14 2 0 354 469 641 2606 21 5 0 0
0 35 292 826 2532 348 60 3 148 507 579 2283 294 257 26 2 308 519 843 1962 304 148 11 1
20 348 301 678 1144 1317 282 6 168 541 552 695 1087 943 105 5 287 583 543 783 1212 651 36 1
14 1025 274 459 878 1244 199 3 177 1006 398 553 942 925 93 2 202 1055 418 686 1092 612 31 0
0 32 178 452 1212 1894 325 3 2 113 307 614 1466 1471 123 0 3 147 348 707 1738 1117 36 0
0 1 76 436 1367 1912 299 5 0 20 253 721 1606 1405 91 0 0 29 316 832 1919 958 42 0
0 2 26 296 1362 2198 208 4 0 8 137 563 1825 1496 63 4 1 15 176 736 2109 1034 21 4
0 4 57 393 1400 2055 187 0 0 16 196 726 1695 1406 57 0 1 26 265 807 1977 1003 17 0
0 4 44 301 1063 2457 226 1 0 16 136 473 1506 1898 67 0 0 17 158 579 1971 1348 23 0
0 0 31 255 1182 2450 178 0 0 12 119 535 1713 1657 60 0 0 16 139 629 2021 1266 25 0
50 2495 1309 125 50 49 17 1 49 2887 957 114 71 18 0 0 3109 801 71 89 26 0 0 0
43 1668 1068 363 293 626 35 0 203 2026 731 379 541 216 0 0 2104 798 388 472 328 6 0 0
10 1264 1386 1374 62 0 0 0 658 1710 1226 502 0 0 0 0 1408 1907 753 28 0 0 0 0
4 658 1724 1366 312 30 2 0 1919 1579 442 132 19 5 0 0 2710 1074 258 35 15 4 0 0
0 293 1986 1566 231 15 4 1 1908 1892 240 36 12 4 4 0 2934 1011 126 8 13 4 0 0
12 787 2385 833 78 1 0 0 1468 2383 243 2 0 0 0 0 3445 630 20 1 0 0 0 0
1429 2386 278 3 0 0 0 0 1761 2145 188 2 0 0 0 0 4087 9 0 0 0 0 0 0
3075 904 101 16 0 0 0 0 3440 628 28 0 0 0 0 0 4062 34 0 0 0 0 0 0
858 841 1418 903 74 0 2 0 2929 1128 34 3 1 1 0 0 3607 483 2 2 1 1 0 0
8 385 2118 1331 226 27 1 0 2224 1611 232 22 5 2 0 0 3095 931 58 8 4 0 0 0
70 736 1525 1577 188 0 0 0 2176 1768 152 0 0 0 0 0 3092 966 38 0 0 0 0 0
20 737 1390 1739 204 6 0 0 1744 2053 291 8 0 0 0 0 2660 1352 84 0 0 0 0 0
0 170 1593 1998 322 12 1 0 1519 2250 317 6 4 0 0 0 2550 1460 82 4 0 0 0 0
37 221 1588 1907 330 13 0 0 1429 2282 378 7 0 0 0 0 2447 1560 89 0 0 0 0 0
71 590 1182 1572 646 32 3 0 1324 1730 554 414 58 16 0 0 1995 1340 564 146 40 11 0 0
119 455 1032 1746 726 17 1 0 992 1404 890 795 15 0 0 0 1603 1294 897 301 1 0 0 0
26 503 884 1794 829 59 1 0 678 1183 1016 1103 116 0 0 0 1147 1170 1077 688 14 0 0 0
22 327 1291 2176 276 4 0 0 169 594 2080 1219 34 0 0 0 473 1258 1929 431 5 0 0 0
0 215 651 2945 280 5 0 0 24 424 1678 1958 12 0 0 0 45 709 2806 532 4 0 0 0
0 4 118 3201 739 24 10 0 4 79 2051 1910 26 23 3 0 29 338 3609 86 20 14 0 0
0 83 102 2083 1828 0 0 0 44 123 830 3094 5 0 0 0 67 141 2816 1072 0 0 0 0
25 159 123 1153 2634 2 0 0 21 59 733 3084 162 37 0 0 31 124 1753 2109 79 0 0 0
126 631 326 857 2156 0 0 0 163 294 686 2614 269 70 0 0 231 463 1556 1705 141 0 0 0
72 711 265 538 2510 0 0 0 133 344 387 2986 231 15 0 0 230 426 1320 2039 81 0 0 0
32 113 35 554 3362 0 0 0 64 68 434 3530 0 0 0 0 82 114 2056 1844 0 0 0 0
0 0 0 321 3774 1 0 0 0 0 239 3855 2 0 0 0 0 9 2116 1971 0 0 0 0
0 0 0 241 3850 5 0 0 0 0 187 3899 10 0 0 0 0 6 1419 2671 0 0 0 0
0 0 0 165 3924 7 0 0 0 0 147 3925 24 0 0 0 0 0 984 3112 0 0 0 0
0 0 0 137 3951 8 0 0 0 0 107 3960 29 0 0 0 0 3 582 3511 0 0 0 0
0 0 0 193 3868 35 0 0 0 0 133 3903 60 0 0 0 0 0 559 3537 0 0 0 0
3 50 181 351 2725 656 130 0 15 156 276 2577 483 537 52 0 32 187 523 2368 578 390 18 0
0 20 157 531 1343 1598 430 17 8 99 353 921 1195 1311 204 5 37 110 481 900 1464 1009 94 1
1 15 50 338 999 2338 352 3 8 29 184 571 1344 1825 133 2 8 49 247 671 1733 1341 47 0
0 16 109 456 1189 1953 369 4 2 49 272 769 1325 1541 138 0 2 64 350 930 1585 1124 41 0
0 0 38 330 1146 2365 217 0 0 7 141 598 1574 1721 55 0 0 17 197 749 1951 1166 16 0
0 1 66 379 1291 2163 196 0 0 73 241 574 1670 1479 59 0 0 118 262 687 2011 1003 15 0
0 8 107 511 1465 1805 199 1 0 20 281 784 1587 1334 90 0 0 30 331 889 1850 963 33 0
0 2 58 406 1480 1949 201 0 0 7 172 720 1632 1463 102 0 0 10 202 828 1802 1205 49 0
0 12 91 468 1445 1882 198 0 1 69 327 708 1510 1412 69 0 1 84 397 762 1663 1164 25 0
0 0 50 270 1502 2109 161 4 0 21 168 542 1858 1443 64 0 0 29 192 624 2074 1145 32 0
100 813 617 1481 1039 45 1 0 117 1024 965 1747 237 5 1 0 863 566 1357 1242 64 4 0 0
10 144 322 2099 1486 31 4 0 99 391 965 2430 202 8 1 0 248 491 2370 948 31 8 0 0
20 494 1552 1219 800 11 0 0 1458 1321 376 794 147 0 0 0 2127 848 605 505 11 0 0 0
2 368 2235 1317 174 0 0 0 2313 1639 142 2 0 0 0 0 3198 861 37 0 0 0 0 0
5 301 2046 1584 158 2 0 0 2132 1775 175 14 0 0 0 0 3139 896 60 1 0 0 0 0
1 512 2436 1048 99 0 0 0 2264 1704 128 0 0 0 0 0 3310 772 14 0 0 0 0 0
1499 1188 1077 309 22 1 0 0 2983 1061 47 5 0 0 0 0 3840 242 14 0 0 0 0 0
2676 753 487 163 17 0 0 0 3559 497 40 0 0 0 0 0 3957 139 0 0 0 0 0 0
2009 941 779 339 28 0 0 0 3525 543 28 0 0 0 0 0 3855 234 7 0 0 0 0 0
902 1551 945 648 49 1 0 0 3292 747 55 2 0 0 0 0 3723 355 18 0 0 0 0 0
420 1274 895 1272 231 4 0 0 2493 1464 132 6 1 0 0 0 3283 788 24 1 0 0 0 0
16 417 1649 1690 303 21 0 0 1986 1819 268 22 1 0 0 0 2911 1089 90 6 0 0 0 0
0 108 1309 2250 404 25 0 0 1574 2221 259 37 4 1 0 0 2752 1216 115 11 2 0 0 0
0 59 1482 2281 253 21 0 0 1572 2280 202 35 7 0 0 0 2765 1226 93 12 0 0 0 0
0 106 1379 2227 382 2 0 0 1473 2401 220 2 0 0 0 0 2638 1417 40 1 0 0 0 0
2 137 1433 2156 350 18 0 0 1589 2209 270 28 0 0 0 0 2603 1380 104 9 0 0 0 0
1 68 1262 2459 299 7 0 0 1245 2497 298 55 1 0 0 0 2328 1618 142 8 0 0 0 0
13 288 673 2705 402 9 5 1 684 1464 1650 282 9 5 2 0 1134 1393 1519 42 4 4 0 0
2 116 321 3619 38 0 0 0 77 427 3386 206 0 0 0 0 127 519 3450 0 0 0 0 0
14 140 196 3731 15 0 0 0 11 90 3672 196 114 13 0 0 13 300 3575 154 54 0 0 0
272 711 374 2642 97 0 0 0 288 413 2438 618 285 54 0 0 343 629 2640 319 165 0 0 0
182 437 219 3020 238 0 0 0 179 285 2546 940 125 21 0 0 247 357 3140 298 54 0 0 0
0 0 80 3381 635 0 0 0 0 79 2841 1176 0 0 0 0 0 251 3555 290 0 0 0 0
0 4 113 3313 661 5 0 0 4 98 3078 911 5 0 0 0 6 445 3192 453 0 0 0 0
0 7 54 3232 803 0 0 0 6 52 2832 1205 1 0 0 0 13 61 3688 334 0 0 0 0
0 0 2 2232 1862 0 0 0 0 3 1970 2123 0 0 0 0 0 59 3154 883 0 0 0 0
0 0 0 1231 2863 2 0 0 0 0 864 3228 4 0 0 0 0 23 1940 2133 0 0 0 0
0 0 2 624 3457 13 0 0 0 2 378 3657 57 2 0 0 0 7 1012 3042 35 0 0 0
1 15 58 253 3719 43 7 0 1 35 161 3806 44 39 10 0 2 48 445 3523 37 37 4 0
0 24 164 512 2088 1132 175 1 0 72 343 1746 1002 857 75 1 0 87 561 1660 1127 642 19 0
0 31 177 480 1115 1899 386 8 4 72 316 604 1288 1628 178 6 5 77 346 726 1565 1299 77 1
0 0 100 394 1153 2078 369 2 0 17 245 603 1361 1753 116 1 1 25 325 649 1623 1420 53 0
0 11 76 411 1100 2118 379 1 2 24 221 626 1399 1653 169 2 2 26 272 716 1676 1325 79 0
0 7 72 377 1087 2193 360 0 0 14 214 607 1402 1702 157 0 0 36 250 700 1650 1396 64 0
0 0 67 348 1178 2189 313 1 0 11 158 571 1483 1772 100 1 0 14 187 654 1782 1419 40 0
0 0 48 291 1252 2272 232 1 0 7 124 550 1653 1651 111 0 0 8 143 645 1830 1425 45 0
0 6 56 374 1283 2121 253 3 1 15 183 708 1479 1619 91 0 0 18 216 790 1744 1284 44 0
0 4 91 452 1251 2028 268 2 0 7 224 725 1445 1572 123 0 0 8 237 803 1666 1314 68 0
0 8 48 232 1165 2401 242 0 0 15 118 432 1643 1828 60 0 0 12 135 481 1867 1563 38 0
0 0 36 329 1302 2213 216 0 0 11 128 604 1754 1504 95 0 0 7 150 688 1980 1221 50 0
2 264 768 1853 1187 22 0 0 68 655 848 2396 129 0 0 0 377 796 1941 971 11 0 0 0
13 645 1722 1356 359 1 0 0 954 1559 956 584 43 0 0 0 1488 1625 801 178 4 0 0 0
0 475 2146 1315 159 1 0 0 2078 1768 241 9 0 0 0 0 2999 1032 65 0 0 0 0 0
0 321 2400 1271 104 0 0 0 2221 1756 116 3 0 0 0 0 3205 870 21 0 0 0 0 0
0 592 2483 972 49 0 0 0 2700 1333 61 2 0 0 0 0 3525 552 19 0 0 0 0 0
0 296 1810 1811 177 2 0 0 1952 1968 171 5 0 0 0 0 2945 1103 47 1 0 0 0 0
6 264 1908 1571 292 55 0 0 2110 1676 223 77 10 0 0 0 3085 864 121 26 0 0 0 0
2 288 1725 1765 307 9 0 0 2058 1754 249 35 0 0 0 0 2953 1035 108 0 0 0 0 0
0 131 1742 1860 340 21 2 0 1974 1838 261 19 2 2 0 0 2947 1055 87 3 3 1 0 0
2 172 1492 2095 326 9 0 0 1817 2048 192 39 0 0 0 0 2887 1110 92 7 0 0 0 0
0 125 1203 2247 488 33 0 0 1599 2142 307 48 0 0 0 0 2673 1265 154 4 0 0 0 0
0 80 1305 2298 388 25 0 0 1665 2074 320 37 0 0 0 0 2793 1176 120 7 0 0 0 0
0 122 1577 2094 298 5 0 0 1895 2043 155 3 0 0 0 0 3028 1038 27 3 0 0 0 0
0 53 1403 2394 237 9 0 0 1612 2305 163 16 0 0 0 0 2972 1062 59 3 0 0 0 0
0 102 1512 2121 345 16 0 0 1727 1929 398 41 1 0 0 0 2735 1114 237 10 0 0 0 0
0 39 893 2900 259 5 0 0 930 1294 1759 113 0 0 0 0 1499 944 1636 17 0 0 0 0
0 13 217 3657 206 3 0 0 139 366 3244 347 0 0 0 0 236 454 3357 49 0 0 0 0
0 0 16 4017 63 0 0 0 0 11 3785 300 0 0 0 0 0 112 3962 22 0 0 0 0
59 407 256 3128 246 0 0 0 72 162 1818 1890 153 1 0 0 69 438 2691 820 77 1 0 0
307 723 414 2518 134 0 0 0 357 401 1899 1240 198 1 0 0 411 563 2506 534 82 0 0 0
0 2 82 3789 223 0 0 0 6 70 3057 963 0 0 0 0 8 127 3725 236 0 0 0 0
0 5 116 3919 56 0 0 0 7 126 3667 296 0 0 0 0 11 357 3664 64 0 0 0 0
0 0 44 3693 359 0 0 0 0 52 3290 754 0 0 0 0 1 202 3853 40 0 0 0 0
0 11 32 3570 395 66 20 2 10 29 2879 1051 61 57 9 0 11 43 3751 171 69 44 7 0
0 0 23 3498 575 0 0 0 0 42 2641 1413 0 0 0 0 0 148 3682 266 0 0 0 0
0 0 21 4003 72 0 0 0 0 72 3775 249 0 0 0 0 0 296 3782 18 0 0 0 0
0 0 36 3332 728 0 0 0 0 36 2565 1495 0 0 0 0 0 195 3747 154 0 0 0 0
1 46 183 2715 506 525 118 2 11 209 2269 768 311 471 57 0 29 270 2716 316 379 369 17 0
8 58 251 812 1286 1461 220 0 15 172 541 883 1306 1079 100 0 27 197 722 929 1453 728 40 0
2 31 160 596 1354 1662 290 1 8 70 388 885 1389 1248 108 0 10 97 514 1019 1536 896 24 0
0 14 110 390 1084 2169 321 8 1 34 225 594 1387 1732 119 4 1 46 283 679 1684 1350 49 4
0 6 79 362 1219 2104 319 7 0 33 193 568 1654 1483 163 2 0 45 209 667 1883 1209 83 0
0 11 99 444 1138 2054 345 5 2 30 244 625 1322 1746 127 0 3 20 268 689 1608 1452 56 0
0 8 89 328 1063 2278 329 1 1 27 180 519 1393 1863 113 0 1 29 210 594 1748 1470 44 0
0 13 90 401 1355 1972 255 10 0 26 272 658 1498 1504 135 3 0 26 300 700 1691 1290 87 2
0 4 57 375 1261 2102 297 0 0 16 188 539 1499 1737 117 0 0 10 191 611 1685 1534 65 0
2 18 128 406 1407 1856 277 2 4 61 220 626 1609 1473 103 0 3 57 230 692 1838 1224 52 0
0 2 36 240 1404 2275 138 1 0 10 106 470 1883 1568 59 0 0 10 111 525 2161 1249 40 0
0 2 71 415 1334 2109 164 1 0 13 228 662 1565 1598 30 0 0 12 250 731 1682 1402 19 0
0 6 68 429 1842 1659 92 0 0 8 164 830 1902 1179 13 0 0 4 176 905 2026 971 14 0
