1491 2498 71 21 6 5 2 2 1248 2714 89 25 8 8 0 4 2144 1825 71 21 15 5 6 9
1101 2588 357 39 6 1 2 2 501 3067 494 20 8 1 2 3 2036 1763 270 15 5 3 1 3
180 2047 1624 245 0 0 0 0 160 2322 1592 22 0 0 0 0 608 2732 748 8 0 0 0 0
262 2868 908 58 0 0 0 0 57 2180 1741 117 1 0 0 0 1432 2345 311 8 0 0 0 0
270 2397 1282 140 7 0 0 0 228 2221 1473 169 5 0 0 0 944 2601 491 60 0 0 0 0
384 2521 1052 133 4 2 0 0 227 1780 1924 157 5 3 0 0 1239 2409 417 27 2 2 0 0
113 2849 988 141 5 0 0 0 68 1838 1909 259 19 3 0 0 909 2761 375 47 4 0 0 0
437 3122 518 16 3 0 0 0 153 2517 1366 56 3 1 0 0 2028 1930 132 5 1 0 0 0
274 2895 832 92 3 0 0 0 68 2110 1728 182 8 0 0 0 1652 2182 249 13 0 0 0 0
367 2800 722 139 40 12 11 5 286 2597 971 156 50 19 9 8 1830 1899 233 68 35 12 12 7
626 2449 757 203 51 7 1 2 435 2544 908 172 27 6 2 2 1927 1881 217 40 17 10 2 2
120 1835 1335 593 191 20 2 0 78 1318 1782 678 207 30 3 0 1151 1904 784 219 32 6 0 0
223 1618 1481 579 181 14 0 0 108 1094 1755 811 286 40 2 0 1083 1763 941 272 32 5 0 0
819 2231 825 186 34 0 1 0 696 2088 938 293 73 7 1 0 1956 1659 433 42 4 2 0 0
221 1996 1086 486 168 77 39 23 179 1707 1110 690 234 93 49 34 857 1896 712 334 123 87 39 48
312 1797 1067 489 262 90 52 27 133 1281 1497 596 321 154 61 53 1063 1725 662 316 152 81 49 48
175 2271 1130 261 106 69 49 35 46 1426 1910 382 153 66 51 62 620 2215 656 246 151 78 58 72
204 2103 939 238 142 134 157 179 134 1599 1374 293 171 126 125 274 583 1782 573 285 192 146 153 382
92 3280 679 30 4 8 2 1 77 3388 589 23 8 4 4 3 516 3363 188 8 7 7 3 4
987 2080 548 200 99 93 57 32 663 2093 738 260 124 93 65 60 1184 1641 542 268 160 109 80 112
1198 2866 32 0 0 0 0 0 1134 2940 22 0 0 0 0 0 2163 1927 6 0 0 0 0 0
526 3111 382 57 15 5 0 0 277 3135 588 71 19 6 0 0 1684 2112 214 53 19 14 0 0
72 1557 1789 646 32 0 0 0 53 1861 1977 187 18 0 0 0 405 2291 1289 95 16 0 0 0
466 2866 732 31 1 0 0 0 105 2292 1597 100 2 0 0 0 1598 2269 226 3 0 0 0 0
221 2421 1312 137 5 0 0 0 147 2017 1774 154 4 0 0 0 1127 2408 514 44 3 0 0 0
883 2770 424 18 1 0 0 0 722 2797 524 51 2 0 0 0 2431 1570 90 4 1 0 0 0
410 3046 589 39 9 3 0 0 410 2718 869 80 15 4 0 0 1544 2365 157 22 6 2 0 0
557 2930 531 63 12 2 1 0 400 2836 737 98 22 2 1 0 1770 2006 260 44 12 3 1 0
343 2874 794 83 2 0 0 0 144 2684 1104 153 11 0 0 0 1730 2183 165 15 3 0 0 0
329 2813 785 145 19 4 0 1 363 2499 968 225 36 4 0 1 1687 2190 194 17 4 3 1 0
1252 1893 718 200 32 1 0 0 1164 1885 789 221 34 3 0 0 2312 1521 229 30 4 0 0 0
113 1470 1165 722 469 138 18 1 60 1158 1337 781 537 195 26 2 1200 1508 734 432 179 33 8 2
227 1177 1250 835 461 111 30 5 178 790 1263 962 651 202 46 4 772 1331 1045 625 237 43 26 17
934 2183 764 154 38 15 8 0 751 2031 970 245 63 25 8 3 2150 1542 290 70 22 13 9 0
205 2482 1155 247 7 0 0 0 105 2129 1325 487 50 0 0 0 1478 2209 358 51 0 0 0 0
274 2566 1033 196 26 1 0 0 171 2115 1392 335 75 7 1 0 1511 2310 247 26 2 0 0 0
497 2415 982 164 35 3 0 0 302 1798 1625 301 60 10 0 0 1861 1975 220 39 1 0 0 0
212 2654 813 328 76 10 3 0 124 2440 973 402 133 20 4 0 1460 2119 404 91 16 4 2 0
179 3352 556 9 0 0 0 0 178 3672 242 4 0 0 0 0 687 3368 41 0 0 0 0 0
394 2773 773 118 32 3 3 0 252 2615 1013 150 53 8 4 1 1884 1937 211 43 14 5 2 0
1054 3001 41 0 0 0 0 0 913 3172 11 0 0 0 0 0 1806 2275 15 0 0 0 0 0
734 2951 286 81 31 8 5 0 447 3034 454 105 37 12 7 0 1938 1900 167 51 23 8 6 3
78 1529 1836 650 3 0 0 0 82 1827 1994 193 0 0 0 0 300 2538 1228 30 0 0 0 0
410 2821 842 22 0 1 0 0 104 2117 1766 108 0 1 0 0 1516 2315 255 9 1 0 0 0
421 2633 1013 29 0 0 0 0 268 2676 1137 15 0 0 0 0 1572 2309 209 6 0 0 0 0
314 3297 479 6 0 0 0 0 107 2501 1448 40 0 0 0 0 1667 2299 129 1 0 0 0 0
215 3434 447 0 0 0 0 0 192 3021 882 1 0 0 0 0 1637 2413 46 0 0 0 0 0
561 3172 359 4 0 0 0 0 464 3208 412 12 0 0 0 0 2314 1739 43 0 0 0 0 0
743 2792 488 68 5 0 0 0 558 2753 733 52 0 0 0 0 2593 1435 61 7 0 0 0 0
242 3376 449 28 1 0 0 0 232 3177 643 42 2 0 0 0 1809 2218 64 5 0 0 0 0
1143 2481 430 40 2 0 0 0 1023 2367 613 90 3 0 0 0 2786 1276 34 0 0 0 0 0
166 1862 1523 427 108 10 0 0 119 1628 1633 573 131 12 0 0 2129 1554 323 85 5 0 0 0
79 1585 1568 605 187 37 17 18 73 1229 1589 826 283 57 19 20 1158 2034 615 186 49 22 12 20
647 2171 965 267 41 5 0 0 670 1877 1023 434 79 11 2 0 2302 1409 293 75 14 3 0 0
142 2668 1104 176 6 0 0 0 58 2211 1395 393 39 0 0 0 1319 2137 560 79 1 0 0 0
198 2472 786 247 178 166 47 2 148 2361 838 316 190 162 80 1 1308 1960 321 144 98 96 63 106
598 1419 845 665 329 177 57 6 533 1375 854 699 368 183 75 9 1223 1249 668 364 232 211 105 44
49 1775 1202 425 220 309 87 29 38 1734 1211 437 217 257 162 40 551 1786 593 355 219 172 142 278
118 1953 1956 38 13 10 5 3 140 2624 1260 34 18 11 6 3 404 3386 229 36 20 8 4 9
429 1675 653 224 356 536 93 130 432 1707 594 186 298 503 239 137 1016 1336 255 180 174 255 192 688
875 3048 173 0 0 0 0 0 776 3202 118 0 0 0 0 0 1644 2439 13 0 0 0 0 0
880 2919 234 41 16 6 0 0 635 3129 285 37 8 2 0 0 1935 1997 124 23 13 4 0 0
128 1400 1524 1040 4 0 0 0 159 1692 1907 338 0 0 0 0 245 2339 1425 87 0 0 0 0
1103 2728 259 6 0 0 0 0 599 3004 476 17 0 0 0 0 2557 1456 83 0 0 0 0 0
551 2685 821 16 17 6 0 0 558 2738 760 16 18 6 0 0 1555 2402 99 11 5 16 8 0
668 2580 433 119 238 40 18 0 645 2403 593 149 233 51 21 1 2024 1447 205 80 102 189 26 23
201 2589 772 253 241 34 6 0 226 2452 819 310 234 47 8 0 1276 1847 448 172 147 179 17 10
462 1400 1107 438 288 156 102 143 480 1128 1273 488 310 158 110 149 1157 1208 647 289 234 209 110 242
341 1541 1010 478 296 156 70 204 355 1348 1191 470 280 173 69 210 1215 1062 652 382 215 244 82 244
60 1837 770 501 336 155 126 311 37 1769 824 480 367 160 129 330 730 1512 441 398 286 198 140 391
577 1517 748 318 342 144 99 351 603 1396 802 334 370 130 108 353 1341 998 503 254 255 246 93 406
125 1913 862 385 226 157 106 322 116 1673 1040 425 234 166 107 335 1500 1051 399 277 179 185 113 392
86 1400 1048 484 273 218 150 437 85 1204 1116 574 284 236 159 438 778 1327 565 347 190 208 149 532
260 2128 604 316 147 142 132 367 302 1965 647 369 168 141 137 367 898 1609 514 239 142 122 124 448
133 1842 657 313 164 162 259 566 162 1543 778 419 195 166 234 599 505 1600 509 281 133 133 201 734
102 1771 617 460 292 224 266 364 99 1758 575 472 309 226 243 414 494 1607 529 331 228 200 212 495
396 1051 902 609 220 188 187 543 382 1057 947 539 228 186 199 558 814 1188 594 282 187 167 156 708
43 1021 1832 544 202 164 190 100 59 1189 1768 435 190 148 183 124 518 1745 843 305 161 133 163 228
267 1221 2333 205 42 20 6 2 275 1409 2239 99 48 19 5 2 417 2348 1209 64 30 18 5 5
881 1872 353 225 476 240 48 1 759 1879 470 214 458 271 40 5 1348 1180 335 351 480 328 65 9
821 2672 509 65 29 0 0 0 810 2694 505 75 12 0 0 0 1656 2246 110 55 29 0 0 0
760 2762 396 97 80 1 0 0 704 2658 565 120 49 0 0 0 1691 2055 171 90 88 1 0 0
146 1186 1506 1232 26 0 0 0 195 1544 1850 506 1 0 0 0 302 2157 1437 199 1 0 0 0
416 1976 697 539 337 75 54 2 336 1981 706 514 375 108 62 14 1046 1369 559 423 330 219 85 65
110 1231 1278 627 583 245 22 0 128 1211 1249 598 588 281 41 0 428 1163 937 468 446 447 161 46
592 1320 846 479 386 325 144 4 570 1284 792 528 372 318 214 18 854 1036 681 447 316 342 216 204
439 1178 914 567 553 280 130 35 439 1180 877 566 559 277 145 53 636 1007 777 471 528 332 181 164
215 1227 1324 604 279 232 151 64 272 1199 1290 564 300 231 166 74 536 1259 935 480 303 212 171 200
238 1026 860 815 678 264 106 109 269 951 915 812 669 247 116 117 487 811 733 709 691 325 147 193
148 1138 978 729 432 355 197 119 166 1169 798 751 446 389 213 164 390 1085 701 613 364 315 268 360
518 1374 696 564 286 241 116 301 478 1353 701 554 324 273 110 303 817 1180 599 496 241 170 212 381
226 1254 766 598 373 185 234 460 230 1175 824 595 395 210 218 449 826 996 607 414 303 187 168 595
166 528 760 821 549 379 342 551 158 485 688 850 609 375 365 566 302 672 707 556 442 297 348 772
253 897 905 777 494 278 193 299 271 849 838 796 520 317 185 320 307 850 802 678 447 339 226 447
174 1192 1103 722 372 207 138 188 148 1073 1096 795 404 230 149 201 269 1152 952 691 337 192 171 332
134 1183 1210 918 300 93 106 152 101 1122 1170 996 334 110 101 162 138 1094 1063 905 424 138 85 249
281 1213 1399 899 192 74 29 9 186 1187 1316 1003 280 79 35 10 240 1121 1179 884 477 109 45 41
189 2296 1225 309 39 34 3 1 94 2318 1478 126 40 31 8 1 1612 1795 572 33 33 35 12 4
400 909 2139 605 29 14 0 0 279 991 2583 193 33 17 0 0 807 1370 1811 62 27 16 3 0
420 3216 282 117 48 13 0 0 255 3258 368 143 56 16 0 0 1918 1783 227 115 44 9 0 0
333 3217 546 0 0 0 0 0 267 2932 897 0 0 0 0 0 1648 2412 36 0 0 0 0 0
87 3540 464 5 0 0 0 0 50 3327 716 3 0 0 0 0 1606 2438 52 0 0 0 0 0
32 1009 1618 1317 120 0 0 0 35 1445 1709 907 0 0 0 0 182 2223 1294 397 0 0 0 0
204 1510 1400 585 274 122 1 0 218 1332 1488 633 281 143 1 0 499 1612 875 582 302 129 75 22
193 1065 1268 924 412 179 55 0 168 1053 1272 962 402 184 55 0 268 1142 1105 832 460 197 86 6
274 1412 1074 701 351 191 92 1 255 1388 1097 698 352 202 103 1 510 1447 825 621 348 225 107 13
152 1109 1245 774 472 220 114 10 170 1149 1174 784 455 241 111 12 293 1272 961 669 451 295 127 28
137 808 1051 833 502 415 227 123 152 818 1006 857 479 394 262 128 249 970 803 746 437 334 308 249
219 780 1142 969 512 330 135 9 213 763 1154 955 509 335 156 11 281 899 1002 859 462 318 220 55
98 1019 1445 921 442 150 21 0 85 934 1465 909 469 193 40 1 407 1293 922 699 428 241 82 24
468 1571 1363 506 178 10 0 0 453 1508 1398 536 187 14 0 0 943 1890 805 337 118 3 0 0
269 1607 1471 582 154 13 0 0 329 1627 1384 594 149 13 0 0 909 1891 878 327 88 3 0 0
202 1186 1228 739 361 309 65 6 277 1237 1146 687 348 238 156 7 578 1435 785 483 372 106 282 55
441 969 1029 773 484 172 141 87 389 921 1052 770 539 162 162 101 478 1032 902 718 485 149 147 185
322 1124 1198 931 474 47 0 0 299 1122 1205 932 490 48 0 0 421 1202 1113 885 412 62 1 0
250 1073 1204 1100 464 5 0 0 226 1070 1188 1080 529 3 0 0 203 1102 1112 1087 559 33 0 0
144 1041 1323 1340 247 1 0 0 123 1008 1268 1335 361 1 0 0 126 983 1221 1146 545 75 0 0
20 2377 1189 509 1 0 0 0 55 2599 1299 143 0 0 0 0 752 2603 735 6 0 0 0 0
228 1237 1525 1106 0 0 0 0 321 1322 1931 522 0 0 0 0 711 1547 1770 68 0 0 0 0
332 3650 114 0 0 0 0 0 308 3743 45 0 0 0 0 0 2236 1860 0 0 0 0 0 0
375 2679 1031 11 0 0 0 0 480 2699 917 0 0 0 0 0 1723 2241 132 0 0 0 0 0
159 3604 330 3 0 0 0 0 265 3413 395 23 0 0 0 0 1761 2311 24 0 0 0 0 0
6 777 1534 1368 408 3 0 0 15 1105 1899 1045 31 1 0 0 254 1808 1428 578 24 4 0 0
42 1254 1758 636 287 119 0 0 25 1101 1843 712 282 132 1 0 366 1643 983 595 306 134 66 3
118 901 1281 1023 503 202 67 1 108 929 1356 984 455 199 64 1 216 1091 1120 850 468 244 87 20
112 821 1413 938 439 219 141 13 100 817 1440 922 446 222 139 10 290 1223 1117 688 382 225 146 25
148 1002 1187 822 492 273 151 21 182 1068 1111 824 488 257 146 20 316 1199 898 734 426 303 177 43
130 672 1046 931 612 476 210 19 150 698 1005 920 601 462 234 26 193 782 966 776 542 413 343 81
168 782 1034 960 536 411 186 19 178 798 1011 956 523 418 188 24 259 895 945 864 450 412 223 48
61 799 1366 948 618 272 32 0 76 827 1310 917 568 365 31 2 287 1148 985 647 514 371 127 17
98 906 1790 969 296 37 0 0 118 972 1754 949 274 29 0 0 564 1571 1350 470 134 7 0 0
140 1125 1591 910 296 34 0 0 192 1283 1630 773 205 13 0 0 611 1707 1178 473 122 5 0 0
142 858 1259 989 500 298 46 4 174 1019 1293 790 453 229 128 10 511 1300 890 602 350 138 258 47
53 509 1195 1148 729 413 45 4 102 683 1260 978 690 322 49 12 153 754 1130 916 674 332 90 47
64 479 1285 1182 848 222 16 0 129 768 1348 1080 676 93 2 0 120 751 1332 1054 690 141 8 0
173 709 1133 1223 811 46 1 0 218 871 1175 1171 649 11 1 0 142 775 1157 1192 782 47 1 0
27 562 1282 1602 612 11 0 0 99 856 1317 1409 414 1 0 0 54 679 1206 1323 788 46 0 0
3 724 1819 1521 29 0 0 0 220 1769 1879 224 4 0 0 0 373 2070 1603 49 1 0 0 0
2 477 1851 1735 31 0 0 0 77 1153 2031 835 0 0 0 0 210 1518 2269 99 0 0 0 0
236 3142 592 126 0 0 0 0 375 3441 271 9 0 0 0 0 1740 2158 197 1 0 0 0 0
156 2021 1798 119 2 0 0 0 163 1934 1738 259 2 0 0 0 1215 2710 169 2 0 0 0 0
68 2260 1668 100 0 0 0 0 63 1383 2289 361 0 0 0 0 1309 2515 272 0 0 0 0 0
40 566 1374 1414 693 9 0 0 28 593 1915 1493 64 3 0 0 227 1457 1457 937 17 1 0 0
25 800 1805 923 377 166 0 0 88 1034 1723 795 324 132 0 0 379 1548 1026 615 300 164 64 0
77 736 1267 1105 580 258 73 0 90 897 1394 969 465 222 59 0 180 949 1235 848 504 252 117 11
64 653 1323 1016 592 277 159 12 169 1013 1260 828 454 240 127 5 278 1131 1047 745 431 282 159 23
60 559 1052 1082 765 344 186 48 189 852 1143 884 580 267 162 19 213 868 1005 828 591 337 185 69
46 313 1009 1064 867 483 258 56 85 510 1054 995 729 480 220 23 96 512 1061 902 713 439 316 57
85 384 1014 1080 678 444 322 89 160 637 1085 954 539 423 255 43 116 580 1048 965 541 416 326 104
18 238 1056 1466 894 332 86 6 61 622 1284 1084 666 314 61 4 127 708 1223 895 634 383 91 35
33 327 1290 1588 680 167 11 0 148 928 1709 971 305 35 0 0 222 1147 1617 817 264 29 0 0
17 355 1211 1620 712 173 8 0 145 888 1745 982 310 24 2 0 226 1070 1628 853 284 33 2 0
15 262 1071 1491 732 397 66 62 86 656 1353 1050 493 290 108 60 155 785 1323 854 479 222 187 91
162 420 756 951 783 429 314 281 175 528 859 836 717 407 302 272 70 440 817 811 726 546 235 451
66 197 612 890 1188 678 461 4 93 316 750 782 1110 619 425 1 44 247 644 689 784 863 555 270
14 244 1038 1415 1236 145 4 0 56 512 1259 1389 842 38 0 0 34 384 1151 1367 1024 128 7 1
12 187 1135 1860 866 36 0 0 40 553 1336 1698 458 11 0 0 32 341 1161 1509 992 58 3 0
3 400 1652 1951 88 2 0 0 108 1404 1823 758 3 0 0 0 241 1689 1970 196 0 0 0 0
8 399 1662 1970 57 0 0 0 117 1049 1570 1356 4 0 0 0 191 1231 2303 371 0 0 0 0
208 3333 472 83 0 0 0 0 346 3480 236 32 2 0 0 0 1360 2522 192 22 0 0 0 0
73 781 1495 1479 262 6 0 0 191 1453 2108 330 14 0 0 0 533 1890 1521 143 9 0 0 0
416 942 1104 1303 324 7 0 0 675 1294 1616 491 20 0 0 0 1009 1733 1196 153 5 0 0 0
10 186 849 1888 1156 7 0 0 57 417 1605 1923 94 0 0 0 107 803 1925 1257 4 0 0 0
2 135 1037 1817 867 235 3 0 15 560 1858 1178 379 106 0 0 47 909 1533 969 397 206 35 0
60 427 769 1450 931 365 93 1 80 526 1226 1313 625 269 57 0 90 532 1166 1142 700 329 117 20
20 205 871 1454 891 403 219 33 36 455 1397 1131 630 295 147 5 75 515 1285 1008 646 330 207 30
8 148 924 1345 964 444 204 59 34 424 1346 1132 676 305 161 18 41 414 1288 966 736 389 195 67
2 128 719 1224 1032 618 302 71 20 300 988 1096 852 553 258 29 11 227 930 1029 854 573 368 104
1 75 503 1063 1057 861 429 107 11 226 809 1207 835 700 282 26 7 163 708 1060 949 613 507 89
1 30 364 1076 1200 807 494 124 9 183 790 1202 1177 559 169 7 13 192 705 1126 1154 610 238 58
0 41 406 1032 953 845 617 202 21 278 1058 1195 985 469 88 2 20 341 1062 1232 943 431 66 1
4 103 518 1043 994 743 527 164 41 368 1048 1285 891 378 83 2 81 473 1044 1174 869 377 77 1
160 163 404 719 527 516 306 1301 200 258 606 691 473 412 317 1139 217 305 531 681 468 383 205 1306
556 175 210 351 425 405 874 1100 537 163 216 333 410 536 958 943 472 205 193 342 348 435 593 1508
4 9 7 93 1755 881 912 435 7 10 5 330 1781 699 1054 210 1 10 6 10 1274 1173 633 989
18 188 807 1231 1548 295 9 0 50 395 1072 1268 1168 140 3 0 19 249 910 1156 1336 375 51 0
10 237 1142 1749 887 70 1 0 58 513 1372 1688 450 15 0 0 40 363 1011 1597 1013 72 0 0
12 543 1720 1728 83 10 0 0 140 1237 1651 1054 11 3 0 0 378 1670 1763 276 8 1 0 0
44 1165 1187 1619 81 0 0 0 72 1250 1433 1322 19 0 0 0 478 1378 1807 433 0 0 0 0
433 3088 560 15 0 0 0 0 484 3036 569 7 0 0 0 0 1649 2381 66 0 0 0 0 0
0 24 1024 2632 389 27 0 0 2 155 2380 1506 49 4 0 0 96 1749 2055 188 8 0 0 0
0 5 806 2322 939 24 0 0 0 197 2252 1570 76 1 0 0 77 1382 2177 456 4 0 0 0
0 0 587 2165 1332 12 0 0 0 60 1740 2151 144 1 0 0 6 528 2039 1491 32 0 0 0
0 137 1168 1864 767 156 4 0 1 399 1923 1355 357 61 0 0 11 889 1591 1068 362 162 13 0
7 144 613 1347 1239 560 175 11 7 251 991 1444 970 351 82 0 35 306 871 1225 916 493 211 39
17 242 854 1238 1046 433 234 32 41 421 1098 1118 878 370 163 7 47 456 1030 928 650 461 413 111
9 133 507 772 986 970 530 189 20 270 787 1019 1052 649 270 29 32 265 690 968 1013 734 310 84
1 12 117 590 1216 1173 734 253 4 54 345 1119 1308 914 322 30 1 52 338 985 1302 884 437 97
0 1 25 176 739 1361 1224 570 1 24 200 826 1394 1084 506 61 4 31 191 776 1312 1061 613 108
0 1 14 224 742 1141 1313 661 0 17 130 745 1690 1111 377 26 3 18 186 730 1571 1133 420 35
0 0 7 51 346 1008 1606 1078 0 14 224 825 1455 1159 387 32 1 37 280 910 1471 1067 308 22
0 0 3 39 230 1013 1757 1054 2 12 148 728 1620 1262 310 14 3 21 173 820 1665 1154 254 6
281 221 959 299 405 690 758 483 276 439 905 610 813 601 254 198 255 159 1127 665 835 543 176 336
710 575 709 793 739 438 129 3 742 606 703 792 760 392 100 1 535 597 686 771 739 521 219 28
97 942 776 540 774 436 354 177 191 1016 762 588 745 318 369 107 44 592 1038 620 654 499 285 364
12 119 243 556 1373 1357 410 26 34 194 522 1320 1665 345 16 0 8 131 378 1061 1731 746 41 0
0 92 914 1063 916 802 287 22 6 561 1110 1298 870 233 18 0 8 520 976 1151 1053 359 29 0
0 116 1880 1905 170 18 7 0 11 1140 1373 1520 40 11 1 0 30 1420 1983 632 21 9 1 0
11 512 1607 1885 72 7 2 0 116 979 1716 1263 19 3 0 0 244 1140 2231 471 8 2 0 0
12 870 2369 745 96 4 0 0 217 2370 1362 136 11 0 0 0 368 2544 1090 90 4 0 0 0
0 19 1673 2147 250 7 0 0 0 29 876 3009 177 5 0 0 52 1709 2167 162 6 0 0 0
0 12 573 2699 754 50 8 0 0 56 1144 2590 288 17 1 0 60 1390 2154 449 40 3 0 0
0 12 764 2568 678 57 17 0 0 31 1226 2555 232 36 15 1 4 683 2324 972 79 28 6 0
2 416 1559 1296 620 178 22 3 4 648 2000 973 353 103 15 0 58 1240 1355 823 353 209 49 9
2 60 362 1022 1421 831 303 95 14 250 955 1239 1016 457 125 40 17 284 904 1121 826 536 276 132
0 7 37 373 876 1015 920 868 2 54 269 786 1010 753 614 608 7 64 305 577 698 747 744 954
0 0 17 183 689 1407 1211 589 1 58 407 1039 1272 927 369 23 2 92 485 1033 1192 859 392 41
0 0 11 291 678 1027 1176 913 1 7 157 731 1290 1202 619 89 1 16 177 737 1212 1192 625 136
0 0 0 28 289 869 1451 1459 0 5 49 432 1086 1374 976 174 0 8 63 439 1069 1311 993 213
0 1 11 112 619 764 1284 1305 1 18 89 481 1399 1275 722 111 1 24 95 512 1350 1284 717 113
0 0 5 27 139 583 1455 1887 1 10 70 421 1264 1508 696 126 2 19 115 569 1320 1443 556 72
0 0 2 27 184 735 1450 1698 0 12 78 491 1253 1506 650 106 0 29 158 651 1347 1378 484 49
0 26 67 192 241 917 1482 1171 1 55 101 515 1460 1410 501 53 2 40 120 567 1537 1371 420 39
18 139 231 323 617 869 1191 708 23 167 246 690 1311 1190 431 38 3 80 261 655 1197 1301 552 47
3 99 137 225 534 1142 1388 568 4 123 296 689 1357 1278 329 20 1 46 287 582 1206 1421 522 31
0 4 114 764 827 1054 1211 122 3 52 717 841 1206 1128 149 0 10 64 670 681 1138 963 570 0
0 55 1982 1439 320 177 105 18 6 955 2335 473 181 117 28 1 19 1209 2146 409 160 88 65 0
0 46 887 2814 259 63 22 5 2 386 1432 2147 93 26 10 0 37 617 2574 777 62 20 9 0
0 125 2128 1627 176 36 4 0 30 599 2612 804 42 9 0 0 76 1275 2456 259 26 4 0 0
10 347 1925 1539 232 30 12 1 110 1470 2103 351 46 12 4 0 162 1713 1884 285 38 9 5 0
0 5 452 2677 937 25 0 0 0 30 483 2897 674 12 0 0 10 714 2806 546 20 0 0 0
0 0 277 2509 1205 105 0 0 0 3 200 2889 996 8 0 0 4 985 2438 641 28 0 0 0
0 25 518 2266 1214 70 3 0 0 35 360 2730 951 20 0 0 26 1238 1880 910 41 1 0 0
0 64 578 2504 893 57 0 0 0 129 431 2801 717 17 1 0 64 1181 2269 556 26 0 0 0
0 1 75 1344 1926 597 124 29 5 14 218 1699 1924 205 31 0 8 218 1995 1428 337 96 13 1
0 0 43 632 1886 1008 407 120 0 8 178 1274 1932 370 250 84 7 189 1095 1729 473 190 175 238
0 4 148 521 874 869 913 767 3 18 282 1025 1045 635 721 367 16 270 745 825 579 536 612 513
0 0 61 463 780 704 1080 1008 1 14 188 715 1028 827 855 468 2 65 219 662 1029 744 753 622
1 10 51 280 411 852 1236 1255 6 30 169 571 925 1278 878 239 7 50 264 494 795 1212 970 304
0 0 19 117 615 912 1237 1196 0 3 52 364 1198 1383 880 216 0 6 46 316 1090 1337 984 317
0 0 0 5 82 475 1353 2181 0 1 30 244 924 1601 1096 200 0 2 43 288 976 1627 1017 143
0 0 0 7 79 374 1234 2402 0 0 37 202 830 1553 1179 295 0 1 47 219 814 1570 1175 270
0 0 6 107 310 555 1221 1897 0 0 27 289 984 1653 939 204 0 0 21 279 794 1765 1046 191
1 7 49 281 526 743 1216 1273 4 30 137 558 1060 1360 846 101 17 38 130 416 869 1381 1051 194
1 37 211 906 974 731 699 537 10 145 760 1130 943 694 338 76 66 264 959 909 736 684 400 78
0 1 183 2585 1070 195 39 23 2 56 2030 1586 319 80 21 2 5 95 2129 1548 259 44 16 0
0 54 684 1994 1149 164 44 7 6 213 1730 1785 283 68 10 1 41 612 1853 1328 215 36 11 0
2 40 542 2531 980 1 0 0 4 100 937 2211 843 1 0 0 47 240 1340 2049 420 0 0 0
0 211 1653 1991 237 4 0 0 13 599 1505 1774 204 1 0 0 89 733 1766 1390 117 1 0 0
1 295 2129 1484 151 23 13 0 31 1257 2404 349 41 14 0 0 99 1583 2161 222 25 6 0 0
1 56 1492 2119 427 1 0 0 0 0 140 2902 1045 9 0 0 131 2063 1739 163 0 0 0 0
0 5 1025 2482 561 20 3 0 0 0 81 2844 1168 3 0 0 56 1992 1927 114 7 0 0 0
0 58 1394 2194 386 62 2 0 0 2 218 2820 973 80 3 0 192 2145 1582 149 28 0 0 0
0 45 1394 2301 269 51 32 4 0 20 215 2871 924 62 4 0 127 2075 1718 119 33 23 1 0
0 18 677 2187 1076 130 8 0 0 16 176 2403 1461 40 0 0 35 1117 2210 681 51 2 0 0
0 7 847 1809 1194 237 2 0 0 3 107 2430 1494 57 5 0 42 1194 1886 865 102 7 0 0
0 36 1420 2001 581 58 0 0 0 0 110 2840 1111 30 5 0 70 1968 1773 261 23 1 0 0
1 89 828 1681 1009 367 110 11 1 10 268 2052 1250 344 148 23 92 873 1535 694 413 264 154 71
0 96 1379 1685 526 317 72 21 0 5 579 2644 441 326 84 17 176 1707 1265 334 156 215 220 23
0 4 227 1643 1639 408 113 62 0 9 232 2070 1478 207 57 43 21 593 2146 985 200 69 42 40
0 0 9 156 1061 1309 744 817 0 6 90 709 1683 717 482 409 6 43 514 1463 773 543 384 370
0 0 2 20 257 904 1274 1639 0 1 12 304 1157 1329 806 487 0 3 83 587 1048 1190 752 433
0 0 9 83 383 727 1306 1588 0 2 31 333 1025 1347 959 399 0 4 78 449 882 1299 896 488
0 1 26 269 1342 1337 692 429 0 10 94 908 1675 939 355 115 6 46 508 1186 1044 874 332 100
2 18 177 1370 1955 439 94 41 2 30 255 1640 1849 228 69 23 31 421 2164 1157 209 81 26 7
1 19 364 2452 1128 99 26 7 5 60 668 2370 935 36 13 9 30 716 2587 674 62 18 9 0
1 110 1435 1726 748 58 15 3 2 197 1341 1964 531 49 12 0 244 1613 1720 469 37 13 0 0
4 280 2057 1298 400 23 14 20 3 449 1895 1395 294 25 16 19 625 1909 972 497 50 16 13 14
5 688 1764 1168 407 58 6 0 5 909 1430 1514 224 14 0 0 931 1508 1239 390 25 3 0 0
5 365 1406 1552 590 134 38 6 13 785 2011 1072 201 11 3 0 352 1344 1840 501 51 5 3 0
0 8 722 2589 743 33 1 0 0 5 129 2469 1470 23 0 0 41 1278 2350 409 18 0 0 0
0 28 1812 2164 86 6 0 0 0 0 86 2765 1238 7 0 0 96 2431 1550 19 0 0 0 0
0 33 1634 2218 197 12 2 0 0 0 133 2990 959 14 0 0 83 2039 1848 120 6 0 0 0
0 3 968 2622 482 21 0 0 0 0 135 2499 1449 13 0 0 81 1686 2125 197 7 0 0 0
0 13 990 2383 608 91 11 0 0 2 91 2282 1657 58 6 0 38 1799 1910 299 46 4 0 0
0 26 1687 2125 224 27 7 0 0 0 76 2736 1258 23 3 0 149 2495 1372 71 9 0 0 0
0 8 1121 2404 507 53 3 0 0 3 93 2576 1375 47 2 0 41 2126 1739 165 25 0 0 0
0 48 1443 2045 430 113 13 4 0 8 279 2531 1182 83 12 1 131 2115 1567 233 42 5 3 0
0 49 934 1956 825 296 33 3 0 12 291 2161 1381 236 15 0 138 1562 1524 534 291 44 3 0
0 2 73 1565 1990 424 36 6 0 1 34 1129 2663 248 18 3 5 320 2359 1284 114 11 3 0
0 0 12 578 1787 1341 268 110 0 0 18 882 2435 597 119 45 2 104 1253 1781 745 159 48 4
0 0 0 24 577 2427 875 193 0 0 11 288 2498 1082 166 51 0 3 103 1391 2098 366 115 20
0 0 0 16 694 2494 735 157 0 0 12 484 2530 913 128 29 0 2 130 1707 1875 302 72 8
0 0 3 608 2183 1153 120 29 0 0 13 1143 2659 232 41 8 0 36 1316 2122 555 49 15 3
0 0 98 1615 2000 313 36 34 0 0 42 1624 2283 100 32 15 0 348 2304 1250 140 29 22 3
11 451 478 1930 706 32 47 441 7 433 129 1867 1137 44 46 433 123 1101 1982 390 20 7 50 423
24 455 435 1926 772 46 50 388 9 431 179 1794 1212 33 44 394 144 1102 1959 424 27 4 39 397
24 749 917 1182 287 73 109 755 21 725 507 1638 330 23 98 754 176 1567 1192 280 29 0 112 740
12 519 1743 1295 227 22 28 250 10 414 1157 2034 194 11 25 251 184 2027 1480 119 10 0 28 248
8 220 2065 1496 264 17 9 17 6 152 1467 2265 171 12 13 10 223 2119 1561 149 18 12 11 3
0 1 803 2641 563 37 49 2 0 0 26 2289 1694 70 17 0 7 1230 2464 321 38 35 1 0
0 16 1491 2285 290 14 0 0 0 4 69 2618 1374 31 0 0 41 2062 1833 157 3 0 0 0
0 83 2172 1583 193 61 4 0 0 8 246 3005 819 16 2 0 212 2540 1177 136 29 2 0 0
0 62 1055 2050 773 103 35 18 0 1 161 2335 1504 71 15 9 102 1340 2203 371 49 17 11 3
0 7 693 2683 656 39 12 6 0 4 104 2039 1886 50 13 0 17 1238 2403 396 32 9 1 0
1 10 348 1985 1458 248 38 8 0 5 107 1626 2172 168 15 3 29 607 2384 933 133 7 3 0
0 2 345 2010 1397 336 6 0 0 1 51 1522 2378 140 4 0 13 618 2269 1079 114 3 0 0
0 4 128 1149 2100 679 36 0 0 0 16 814 3011 255 0 0 3 302 1659 1883 248 1 0 0
0 2 36 924 2265 822 44 3 0 0 35 820 2866 366 9 0 3 113 1558 2031 371 19 1 0
0 0 11 319 2314 1327 103 22 0 0 11 466 3080 493 42 4 0 34 961 2406 648 40 7 0
0 0 0 37 961 2414 639 45 0 0 0 109 2467 1442 71 7 0 0 141 1735 1971 231 16 2
0 0 2 103 967 2325 642 57 0 0 2 135 2160 1701 73 25 0 6 206 1606 2005 234 26 13
0 0 2 146 1864 1820 247 17 0 0 5 200 2814 1031 43 3 0 5 363 2468 1171 84 5 0
0 0 55 1073 2290 577 67 34 0 0 31 879 2768 358 43 17 0 118 1844 1809 251 50 24 0
0 12 667 2022 1223 142 29 1 0 1 109 2219 1683 58 25 1 28 1128 2193 674 42 25 6 0
0 5 1095 2076 789 86 30 15 0 0 53 2497 1437 77 28 4 8 1460 2087 453 55 28 5 0
0 21 1040 2305 653 74 3 0 0 3 154 2833 1043 60 3 0 32 1499 2245 296 21 3 0 0
0 3 827 2734 504 25 3 0 0 0 118 2960 994 23 1 0 8 1236 2649 197 6 0 0 0
0 112 1982 1742 175 20 24 41 0 1 347 3304 370 15 57 2 140 2379 1409 91 20 41 13 3
0 861 2242 922 71 0 0 0 0 17 1604 2339 136 0 0 0 693 2461 908 34 0 0 0 0
