0 0 0 0 0 0 0 4096 0 0 0 0 0 0 0 4096 0 0 0 0 0 0 0 4096
0 0 0 0 0 0 0 4096 0 0 0 0 0 0 0 4096 0 0 0 0 0 0 0 4096
0 0 0 0 0 0 0 4096 0 0 0 0 0 0 0 4096 0 0 0 0 0 0 0 4096
0 0 0 0 0 0 0 4096 0 0 0 0 0 0 0 4096 0 0 0 0 0 0 0 4096
0 0 0 0 0 0 73 4023 0 0 0 0 0 0 32 4064 0 0 0 0 0 0 3 4093
0 0 0 0 0 0 118 3978 0 0 0 0 0 0 22 4074 0 0 0 0 0 0 0 4096
0 0 0 0 0 0 109 3987 0 0 0 0 0 0 8 4088 0 0 0 0 0 0 0 4096
0 0 0 0 0 0 64 4032 0 0 0 0 0 0 0 4096 0 0 0 0 0 0 0 4096
0 0 0 0 0 0 56 4040 0 0 0 0 0 0 0 4096 0 0 0 0 0 0 0 4096
0 0 0 0 0 0 44 4052 0 0 0 0 0 0 0 4096 0 0 0 0 0 0 0 4096
0 0 0 0 0 0 43 4053 0 0 0 0 0 0 0 4096 0 0 0 0 0 0 0 4096
0 0 0 0 0 0 2 4094 0 0 0 0 0 0 0 4096 0 0 0 0 0 0 0 4096
0 0 0 0 0 0 1 4095 0 0 0 0 0 0 0 4096 0 0 0 0 0 0 0 4096
0 0 0 0 0 0 2 4094 0 0 0 0 0 0 0 4096 0 0 0 0 0 0 0 4096
0 0 0 0 0 0 2 4094 0 0 0 0 0 0 0 4096 0 0 0 0 0 0 0 4096
0 0 0 0 0 0 0 4096 0 0 0 0 0 0 0 4096 0 0 0 0 0 0 0 4096
0 0 0 0 0 0 0 4096 0 0 0 0 0 0 0 4096 0 0 0 0 0 0 0 4096
0 0 0 0 0 0 0 4096 0 0 0 0 0 0 0 4096 0 0 0 0 0 0 0 4096
0 0 0 0 0 0 5 4091 0 0 0 0 0 0 0 4096 0 0 0 0 0 0 0 4096
0 0 0 0 0 0 0 4096 0 0 0 0 0 0 0 4096 0 0 0 0 0 0 0 4096
0 0 0 0 0 0 0 4096 0 0 0 0 0 0 0 4096 0 0 0 0 0 0 0 4096
0 0 0 0 0 0 0 4096 0 0 0 0 0 0 0 4096 0 0 0 0 0 0 0 4096
0 0 0 0 0 0 0 4096 0 0 0 0 0 0 0 4096 0 0 0 0 0 0 0 4096
0 0 0 0 0 0 0 4096 0 0 0 0 0 0 0 4096 0 0 0 0 0 0 0 4096
0 0 0 0 0 0 11 4085 0 0 0 0 0 0 0 4096 0 0 0 0 0 0 0 4096
0 0 0 0 0 0 10 4086 0 0 0 0 0 0 0 4096 0 0 0 0 0 0 0 4096
0 0 0 0 0 0 28 4068 0 0 0 0 0 0 5 4091 0 0 0 0 0 0 1 4095
0 0 0 0 0 0 55 4041 0 0 0 0 0 0 0 4096 0 0 0 0 0 0 0 4096
0 0 0 0 0 0 28 4068 0 0 0 0 0 0 0 4096 0 0 0 0 0 0 0 4096
0 0 0 0 0 0 52 4044 0 0 0 0 0 0 0 4096 0 0 0 0 0 0 0 4096
0 0 0 0 0 0 61 4035 0 0 0 0 0 0 21 4075 0 0 0 0 0 0 0 4096
0 0 0 0 0 0 68 4028 0 0 0 0 0 0 17 4079 0 0 0 0 0 0 0 4096
0 0 0 0 0 0 103 3993 0 0 0 0 0 0 19 4077 0 0 0 0 0 0 2 4094
0 0 0 0 0 0 23 4073 0 0 0 0 0 0 0 4096 0 0 0 0 0 0 0 4096
0 0 0 0 0 0 42 4054 0 0 0 0 0 0 0 4096 0 0 0 0 0 0 0 4096
0 0 0 0 0 0 108 3988 0 0 0 0 0 0 5 4091 0 0 0 0 0 0 0 4096
0 0 0 0 0 0 208 3888 0 0 0 0 0 0 21 4075 0 0 0 0 0 0 0 4096
0 0 0 0 0 0 313 3783 0 0 0 0 0 0 92 4004 0 0 0 0 0 0 0 4096
0 0 3 369 231 368 581 2544 0 0 0 201 376 322 510 2687 0 0 0 8 349 271 450 3018
0 0 186 839 286 63 966 1756 0 0 1 928 362 85 504 2216 0 0 0 492 699 176 385 2344
0 0 0 0 0 0 0 4096 0 0 0 0 0 0 0 4096 0 0 0 0 0 0 0 4096
0 0 0 0 0 0 0 4096 0 0 0 0 0 0 0 4096 0 0 0 0 0 0 0 4096
0 0 0 0 0 0 0 4096 0 0 0 0 0 0 0 4096 0 0 0 0 0 0 0 4096
0 0 0 0 0 0 0 4096 0 0 0 0 0 0 0 4096 0 0 0 0 0 0 0 4096
0 0 0 0 0 0 4 4092 0 0 0 0 0 0 1 4095 0 0 0 0 0 0 0 4096
0 0 0 0 0 3 1004 3089 0 0 0 0 0 0 746 3350 0 0 0 0 0 0 713 3383
0 0 0 0 0 0 1397 2699 0 0 0 0 0 0 715 3381 0 0 0 0 0 0 887 3209
0 0 0 0 0 0 1340 2756 0 0 0 0 0 0 442 3654 0 0 0 0 0 0 734 3362
0 0 0 0 0 0 1420 2676 0 0 0 0 0 0 1003 3093 0 0 0 0 0 0 1116 2980
0 0 0 0 0 0 1491 2605 0 0 0 0 0 0 1150 2946 0 0 0 0 0 0 1216 2880
0 0 0 0 0 38 1470 2588 0 0 0 0 0 1 1283 2812 0 0 0 0 0 11 1373 2712
0 0 0 0 0 80 1535 2481 0 0 0 0 0 12 1440 2644 0 0 0 0 0 82 1447 2567
0 0 0 0 0 112 1517 2467 0 0 0 0 0 22 1319 2755 0 0 0 0 0 79 1456 2561
0 0 0 0 0 138 1467 2491 0 0 0 0 0 82 1231 2783 0 0 0 0 0 166 1331 2599
0 0 0 0 0 184 1478 2434 0 0 0 0 0 76 1283 2737 0 0 0 0 0 138 1457 2501
0 0 0 0 0 204 1512 2380 0 0 0 0 0 155 1378 2563 0 0 0 0 0 243 1438 2415
0 0 0 0 0 414 1364 2318 0 0 0 0 0 366 1355 2375 0 0 0 0 0 493 1281 2322
0 0 0 0 15 504 1288 2289 0 0 0 0 12 456 1312 2316 0 0 0 0 8 582 1224 2282
0 0 0 0 0 498 1357 2241 0 0 0 0 0 460 1299 2337 0 0 0 0 0 592 1221 2283
0 0 0 0 1 486 1379 2230 0 0 0 0 1 435 1323 2337 0 0 0 0 0 525 1321 2250
0 0 0 0 0 371 1518 2207 0 0 0 0 1 344 1368 2383 0 0 0 0 0 462 1361 2273
0 0 0 0 8 449 1458 2181 0 0 0 0 4 403 1421 2268 0 0 0 0 1 545 1350 2200
0 0 0 0 19 443 1486 2148 0 0 0 0 18 445 1437 2196 0 0 0 0 7 584 1375 2130
0 0 0 0 2 428 1504 2162 0 0 0 0 3 411 1426 2256 0 0 0 0 0 475 1421 2200
0 0 0 0 0 299 1634 2163 0 0 0 0 0 272 1420 2404 0 0 0 0 0 293 1505 2298
0 0 0 0 0 226 1748 2122 0 0 0 0 0 172 1473 2451 0 0 0 0 0 193 1592 2311
0 0 0 0 0 220 1775 2101 0 0 0 0 0 180 1521 2395 0 0 0 0 0 224 1535 2337
0 0 0 0 0 400 1642 2054 0 0 0 0 0 252 1604 2240 0 0 0 0 0 286 1651 2159
0 0 0 0 4 276 1739 2077 0 0 0 0 1 177 1539 2379 0 0 0 0 0 165 1664 2267
0 0 0 0 0 101 1884 2111 0 0 0 0 0 54 1528 2514 0 0 0 0 0 38 1620 2438
0 0 0 0 0 121 1859 2116 0 0 0 0 0 53 1494 2549 0 0 0 0 0 52 1597 2447
0 0 0 0 0 188 1780 2128 0 0 0 0 0 87 1466 2543 0 0 0 0 0 78 1545 2473
0 0 0 0 0 382 1659 2055 0 0 0 0 0 194 1469 2433 0 0 0 0 0 211 1563 2322
0 0 0 0 0 484 1564 2048 0 0 0 0 0 239 1610 2247 0 0 0 0 0 254 1660 2182
0 0 0 0 0 490 1561 2045 0 0 0 0 0 268 1571 2257 0 0 0 0 0 209 1676 2211
0 0 0 0 3 572 1526 1995 0 0 0 0 2 366 1529 2199 0 0 0 0 1 459 1476 2160
0 0 0 0 6 693 1447 1950 0 0 0 0 2 528 1434 2132 0 0 0 0 1 588 1405 2102
0 0 0 0 7 977 1163 1949 0 0 0 0 1 774 1207 2114 0 0 0 0 3 855 1140 2098
0 0 0 0 18 1105 1267 1706 0 0 0 0 6 877 1077 2136 0 0 0 0 15 1025 987 2069
0 0 0 0 137 1172 1692 1095 0 0 0 0 56 927 1120 1993 0 0 0 0 157 943 1163 1833
0 0 0 0 0 0 72 4024 0 0 0 0 0 0 0 4096 0 0 0 0 0 0 0 4096
0 0 0 0 0 0 0 4096 0 0 0 0 0 0 0 4096 0 0 0 0 0 0 0 4096
0 0 0 0 0 0 0 4096 0 0 0 0 0 0 0 4096 0 0 0 0 0 0 0 4096
0 0 0 0 0 0 0 4096 0 0 0 0 0 0 0 4096 0 0 0 0 0 0 0 4096
0 0 0 0 0 0 50 4046 0 0 0 0 0 0 7 4089 0 0 0 0 0 0 0 4096
0 0 0 0 0 1 711 3384 0 0 0 0 0 0 575 3521 0 0 0 0 0 0 318 3778
0 0 0 0 0 16 1437 2643 0 0 0 0 0 0 1300 2796 0 0 0 0 0 0 939 3157
0 0 0 0 7 405 1508 2176 0 0 0 0 10 525 1382 2179 0 0 0 0 11 378 1277 2430
0 0 0 0 1119 2202 739 36 0 0 0 0 1529 1570 958 39 0 0 0 0 1543 1608 877 68
0 0 0 1 1793 1684 510 108 0 0 0 0 2529 761 700 106 0 0 0 0 2501 873 571 151
0 0 0 0 1562 1878 427 229 0 0 0 0 2468 891 513 224 0 0 0 0 2478 964 385 269
0 0 0 0 1880 1709 278 229 0 0 0 0 2586 943 344 223 0 0 0 0 2586 946 288 276
0 0 0 0 1825 1529 366 376 0 0 0 0 2458 867 422 349 0 0 0 2 2538 834 312 410
0 0 0 0 1806 1484 362 444 0 0 0 0 2496 828 361 411 0 0 0 29 2470 814 323 460
0 0 0 0 1356 1900 380 460 0 0 0 0 2133 1160 372 431 0 0 0 70 2206 1010 324 486
0 0 0 0 1248 1838 459 551 0 0 0 0 1901 1259 418 518 0 0 0 166 1957 1060 348 565
0 0 0 0 1870 1243 342 641 0 0 0 6 2699 469 319 603 0 0 0 310 2420 434 303 629
0 0 0 2 1883 1155 335 721 0 0 0 2 2670 417 329 678 0 0 0 265 2469 331 313 718
0 0 0 0 1965 978 395 758 0 0 0 1 2671 326 379 719 0 0 0 234 2464 304 338 756
0 0 0 0 1949 931 371 845 0 0 0 2 2611 333 336 814 0 0 0 121 2561 258 301 855
0 0 0 0 1570 1287 348 891 0 0 0 1 2584 321 347 843 0 0 0 104 2518 305 263 906
0 0 0 0 1550 1345 332 869 0 0 0 6 2589 381 278 842 0 0 0 109 2554 291 245 897
0 0 0 0 1768 1148 188 992 0 0 0 0 2746 199 179 972 0 0 0 2 2736 216 113 1029
0 0 0 0 1800 1000 273 1023 0 0 0 2 2525 312 245 1012 0 0 0 10 2514 312 202 1058
0 0 0 0 1278 1523 307 988 0 0 0 0 2399 461 256 980 0 0 0 1 2355 474 238 1028
0 0 0 0 925 1846 291 1034 0 0 0 0 2221 653 193 1029 0 0 0 0 2197 663 164 1072
0 0 0 0 695 2055 251 1095 0 0 0 0 1638 1255 120 1083 0 0 0 0 1687 1186 93 1130
0 0 0 0 1090 1625 305 1076 0 0 0 0 1456 1408 164 1068 0 0 0 0 1417 1410 137 1132
0 0 0 0 323 2297 383 1093 0 0 0 0 499 2273 226 1098 0 0 0 0 697 2080 173 1146
0 0 0 0 117 2447 328 1204 0 0 0 0 162 2592 139 1203 0 0 0 0 241 2443 165 1247
0 0 0 0 155 2409 402 1130 0 0 0 0 178 2639 154 1125 0 0 0 0 407 2352 157 1180
0 0 0 0 222 2315 439 1120 0 0 0 0 217 2556 212 1111 0 0 0 0 331 2442 151 1172
0 0 0 0 288 2434 292 1082 0 0 0 0 326 2460 229 1081 0 0 0 0 510 2244 197 1145
0 0 0 0 897 1784 326 1089 0 0 0 0 734 1979 300 1083 0 0 0 0 640 2044 275 1137
0 0 0 0 1301 1330 281 1184 0 0 0 0 1343 1313 259 1181 0 0 0 0 1259 1363 249 1225
0 0 0 0 1632 1073 268 1123 0 0 0 0 1931 759 283 1123 0 0 0 0 2112 533 254 1197
0 0 0 3 1715 998 246 1134 0 0 0 0 2287 411 274 1124 0 0 0 2 2331 355 225 1183
0 0 0 26 1757 929 263 1121 0 0 0 8 2374 318 275 1121 0 0 0 17 2380 305 225 1169
0 0 0 602 1382 768 209 1135 0 0 0 687 1680 373 229 1127 0 0 0 798 1572 348 208 1170
0 0 0 1443 659 629 139 1226 0 0 0 1630 820 283 142 1221 0 0 0 2023 450 258 111 1254
0 0 0 0 0 0 1267 2829 0 0 0 0 0 0 997 3099 0 0 0 0 0 0 475 3621
0 0 0 0 14 247 1275 2560 0 0 0 0 0 140 906 3050 0 0 0 0 0 15 472 3609
0 0 0 0 0 0 1310 2786 0 0 0 0 0 0 915 3181 0 0 0 0 0 0 424 3672
0 0 0 0 0 0 1387 2709 0 0 0 0 0 0 968 3128 0 0 0 0 0 0 625 3471
0 0 0 0 153 136 1276 2531 0 0 0 0 24 208 868 2996 0 0 0 0 0 118 581 3397
0 0 0 0 0 18 1488 2590 0 0 0 0 0 0 1076 3020 0 0 0 0 0 0 852 3244
0 0 0 0 0 33 1556 2507 0 0 0 0 0 3 1247 2846 0 0 0 0 0 2 1053 3041
0 0 0 36 171 164 1644 2081 0 0 0 2 160 164 1339 2431 0 0 0 0 60 245 1227 2564
0 0 0 0 0 173 1656 2267 0 0 0 0 0 49 1609 2438 0 0 0 0 0 56 1418 2622
0 0 0 3 37 370 1486 2200 0 0 0 1 25 119 1489 2462 0 0 0 1 21 165 1251 2658
0 0 0 171 81 132 1519 2193 0 0 0 104 138 81 1243 2530 0 0 0 4 202 102 1124 2664
0 0 0 0 2 366 1505 2223 0 0 0 0 2 113 1494 2487 0 0 0 0 3 180 1239 2674
0 0 20 222 116 200 1432 2106 0 0 7 203 135 143 1220 2388 0 0 0 104 240 137 1099 2516
0 0 3 410 150 151 1454 1928 0 0 0 295 243 135 1127 2296 0 0 0 66 431 171 1094 2334
0 0 0 20 71 497 1523 1985 0 0 0 14 71 358 1407 2246 0 0 0 1 56 427 1247 2365
0 0 2 63 73 467 1524 1967 0 0 3 70 64 342 1347 2270 0 0 0 42 101 387 1253 2313
0 0 3 62 72 552 1552 1855 0 0 3 60 74 408 1397 2154 0 0 0 33 104 439 1272 2248
0 0 0 0 0 660 1458 1978 0 0 0 0 0 609 1261 2226 0 0 0 0 3 641 1164 2288
0 0 20 132 65 700 1464 1715 0 0 5 137 63 599 1314 1978 0 0 0 128 77 635 1180 2076
0 0 3 77 34 694 1447 1841 0 0 3 69 35 585 1293 2111 0 0 0 46 60 582 1177 2231
0 0 0 0 4 764 1531 1797 0 0 0 0 1 642 1450 2003 0 0 0 0 0 647 1321 2128
0 0 11 161 52 466 1573 1833 0 0 5 157 53 367 1443 2071 0 0 0 85 125 419 1336 2131
0 0 1 11 14 589 1450 2031 0 0 1 9 16 512 1312 2246 0 0 0 11 14 549 1137 2385
0 0 0 0 2 645 1519 1930 0 0 0 0 0 546 1322 2228 0 0 0 0 0 543 1187 2366
0 0 0 107 120 292 1640 1937 0 0 0 53 149 209 1494 2191 0 0 0 2 183 171 1367 2373
0 0 0 0 0 444 1605 2047 0 0 0 0 0 143 1657 2296 0 0 0 0 0 127 1491 2478
0 0 0 0 0 204 1815 2077 0 0 0 0 0 56 1657 2383 0 0 0 0 0 73 1487 2536
0 0 0 87 105 172 1789 1943 0 0 0 14 163 125 1520 2274 0 0 0 0 121 173 1354 2448
0 0 0 0 42 170 1699 2185 0 0 0 0 32 109 1460 2495 0 0 0 0 10 101 1305 2680
0 0 0 0 32 303 1390 2371 0 0 0 0 26 177 1214 2679 0 0 0 0 7 171 1059 2859
0 0 0 61 159 654 1067 2155 0 0 0 7 152 418 1138 2381 0 0 0 0 69 464 961 2602
0 0 0 0 0 387 1375 2334 0 0 0 0 0 39 1454 2603 0 0 0 0 0 46 1231 2819
0 0 0 0 189 329 1639 1939 0 0 0 0 165 218 1378 2335 0 0 0 0 17 325 1198 2556
0 0 0 0 163 474 1645 1814 0 0 0 0 113 270 1464 2249 0 0 0 0 69 290 1274 2463
0 0 0 0 22 567 1541 1966 0 0 0 0 11 125 1648 2312 0 0 0 0 0 84 1564 2448
0 0 0 2 126 632 1474 1862 0 0 0 1 76 367 1543 2109 0 0 0 0 19 343 1389 2345
0 0 0 0 9 792 1140 2155 0 0 0 0 1 412 1423 2260 0 0 0 0 0 287 1323 2486
0 0 0 0 0 744 1090 2262 0 0 0 0 0 355 1339 2402 0 0 0 0 0 157 1339 2600
0 0 0 24 153 912 956 2051 0 0 0 9 107 663 1188 2129 0 0 0 0 49 587 1188 2272
0 0 0 0 25 974 775 2322 0 0 0 0 15 749 997 2335 0 0 0 0 2 645 1077 2372
0 0 0 0 0 0 437 3659 0 0 0 0 0 0 0 4096 0 0 0 0 0 0 0 4096
0 0 0 0 0 0 158 3938 0 0 0 0 0 0 0 4096 0 0 0 0 0 0 0 4096
0 0 0 0 0 0 217 3879 0 0 0 0 0 0 3 4093 0 0 0 0 0 0 0 4096
0 0 0 0 0 0 126 3970 0 0 0 0 0 0 0 4096 0 0 0 0 0 0 0 4096
0 0 0 0 0 0 0 4096 0 0 0 0 0 0 0 4096 0 0 0 0 0 0 0 4096
0 0 0 0 0 0 28 4068 0 0 0 0 0 0 0 4096 0 0 0 0 0 0 0 4096
0 0 0 0 0 0 70 4026 0 0 0 0 0 0 0 4096 0 0 0 0 0 0 0 4096
0 0 0 0 0 0 73 4023 0 0 0 0 0 0 0 4096 0 0 0 0 0 0 0 4096
0 0 0 0 0 0 180 3916 0 0 0 0 0 0 0 4096 0 0 0 0 0 0 0 4096
0 0 0 0 0 0 32 4064 0 0 0 0 0 0 6 4090 0 0 0 0 0 0 0 4096
0 0 0 0 0 0 0 4096 0 0 0 0 0 0 0 4096 0 0 0 0 0 0 0 4096
0 0 0 0 0 0 0 4096 0 0 0 0 0 0 0 4096 0 0 0 0 0 0 0 4096
0 0 0 0 0 0 0 4096 0 0 0 0 0 0 0 4096 0 0 0 0 0 0 0 4096
0 0 0 0 0 0 0 4096 0 0 0 0 0 0 0 4096 0 0 0 0 0 0 0 4096
0 0 0 0 0 0 5 4091 0 0 0 0 0 0 1 4095 0 0 0 0 0 0 1 4095
0 0 0 0 0 0 0 4096 0 0 0 0 0 0 0 4096 0 0 0 0 0 0 0 4096
0 0 0 0 0 0 0 4096 0 0 0 0 0 0 0 4096 0 0 0 0 0 0 0 4096
0 0 0 0 0 0 0 4096 0 0 0 0 0 0 0 4096 0 0 0 0 0 0 0 4096
0 0 0 0 0 0 0 4096 0 0 0 0 0 0 0 4096 0 0 0 0 0 0 0 4096
0 0 0 0 0 0 0 4096 0 0 0 0 0 0 0 4096 0 0 0 0 0 0 0 4096
0 0 0 0 0 0 4 4092 0 0 0 0 0 0 0 4096 0 0 0 0 0 0 0 4096
0 0 0 0 0 0 0 4096 0 0 0 0 0 0 0 4096 0 0 0 0 0 0 0 4096
0 0 0 0 0 0 0 4096 0 0 0 0 0 0 0 4096 0 0 0 0 0 0 0 4096
0 0 0 0 0 0 0 4096 0 0 0 0 0 0 0 4096 0 0 0 0 0 0 0 4096
0 0 0 0 0 0 0 4096 0 0 0 0 0 0 0 4096 0 0 0 0 0 0 0 4096
0 0 0 0 0 0 0 4096 0 0 0 0 0 0 0 4096 0 0 0 0 0 0 0 4096
0 0 0 0 0 0 0 4096 0 0 0 0 0 0 0 4096 0 0 0 0 0 0 0 4096
0 0 0 0 0 0 0 4096 0 0 0 0 0 0 0 4096 0 0 0 0 0 0 0 4096
0 0 0 0 0 0 0 4096 0 0 0 0 0 0 0 4096 0 0 0 0 0 0 0 4096
0 0 0 0 0 0 0 4096 0 0 0 0 0 0 0 4096 0 0 0 0 0 0 0 4096
0 0 0 0 0 0 0 4096 0 0 0 0 0 0 0 4096 0 0 0 0 0 0 0 4096
0 0 0 0 0 0 0 4096 0 0 0 0 0 0 0 4096 0 0 0 0 0 0 0 4096
0 0 0 0 0 0 15 4081 0 0 0 0 0 0 3 4093 0 0 0 0 0 0 0 4096
0 0 0 0 0 0 42 4054 0 0 0 0 0 0 0 4096 0 0 0 0 0 0 0 4096
0 0 0 0 0 0 195 3901 0 0 0 0 0 0 0 4096 0 0 0 0 0 0 0 4096
0 0 0 0 0 0 300 3796 0 0 0 0 0 0 0 4096 0 0 0 0 0 0 0 4096
0 0 0 0 0 0 502 3594 0 0 0 0 0 0 10 4086 0 0 0 0 0 0 0 4096
0 0 0 0 0 0 541 3555 0 0 0 0 0 0 3 4093 0 0 0 0 0 0 0 4096
0 0 0 0 0 0 750 3346 0 0 0 0 0 0 69 4027 0 0 0 0 0 0 4 4092
0 0 0 0 0 0 890 3206 0 0 0 0 0 0 195 3901 0 0 0 0 0 0 49 4047
0 0 0 0 454 167 211 3264 0 0 0 0 433 126 183 3354 0 0 0 0 328 220 138 3410
0 0 0 54 653 1248 81 2060 0 0 0 27 510 1395 67 2097 0 0 0 7 449 1481 62 2097
0 0 0 4 1853 182 69 1988 0 0 0 55 1662 303 55 2021 0 0 0 171 1539 311 59 2016
0 0 0 917 1138 86 75 1880 0 0 0 1440 458 226 47 1925 0 0 0 1498 388 241 53 1916
0 0 0 1857 338 38 86 1777 0 0 0 1884 252 78 56 1826 0 0 4 1875 270 71 58 1818
0 0 38 2009 238 47 82 1682 0 0 76 1958 230 52 49 1731 0 0 20 2018 238 47 56 1717
0 0 1 2138 227 39 68 1623 0 0 38 2088 215 55 54 1646 0 0 144 1982 228 45 57 1640
0 0 49 2125 273 39 66 1544 0 0 449 1727 245 51 58 1566 0 0 666 1511 274 31 56 1558
0 0 15 2221 294 46 52 1468 0 0 183 2047 276 58 44 1488 0 0 498 1741 282 52 50 1473
0 0 28 2345 248 42 59 1374 0 0 758 1616 225 57 52 1388 0 0 1124 1266 231 40 60 1375
0 0 100 2433 182 36 54 1291 0 0 1608 926 165 43 46 1308 0 0 1708 849 164 34 50 1291
0 0 470 2111 215 46 55 1199 0 0 1909 677 199 51 38 1222 0 0 2125 498 175 43 59 1196
0 0 511 2090 270 45 62 1118 0 0 2018 580 261 56 48 1133 0 0 2228 397 258 33 59 1121
0 0 612 2063 281 36 52 1052 0 0 2160 520 261 43 48 1064 0 0 2411 297 262 29 55 1042
0 0 346 2441 251 33 56 969 0 0 2227 560 238 42 51 978 0 0 2516 287 240 44 55 954
0 0 28 2872 193 44 47 912 0 0 2200 700 183 53 40 920 0 0 2487 467 159 30 58 895
0 0 310 2680 169 41 47 849 0 0 2481 513 156 45 38 863 0 0 2792 236 141 31 59 837
0 0 700 2445 73 33 43 802 0 0 2760 379 73 33 35 816 0 0 2846 325 56 39 47 783
0 0 607 2638 37 33 47 734 0 0 2769 470 35 29 35 758 0 0 2974 288 35 31 65 703
0 0 779 2485 64 23 42 703 0 0 2787 477 64 17 47 704 0 0 2918 361 49 50 62 656
0 0 1011 2168 157 56 53 651 0 0 2900 276 152 64 38 666 0 0 2958 267 139 28 64 640
0 0 1487 1651 250 31 50 627 0 0 2920 214 236 35 51 640 0 0 2942 240 210 45 57 602
0 0 900 2249 254 53 64 576 0 0 2518 649 225 64 45 595 0 0 2650 543 222 41 64 576
0 0 1101 2084 271 2 62 576 0 0 2147 1043 243 23 64 576 0 0 2239 962 251 31 42 571
0 0 409 2774 273 44 20 576 0 0 1461 1717 277 4 61 576 0 0 1547 1648 261 64 30 546
0 0 353 2784 319 64 4 572 0 0 637 2500 316 38 29 576 0 0 629 2511 315 65 37 539
0 0 311 2817 324 64 9 571 0 0 349 2782 280 61 48 576 0 0 271 2864 307 78 30 546
0 0 298 2831 325 45 24 573 0 0 275 2855 288 41 61 576 0 0 190 2941 312 74 32 547
0 0 275 2897 261 36 54 573 0 0 274 2899 190 93 64 576 0 0 204 2973 231 83 38 567
0 0 264 3112 80 41 55 544 0 0 295 3077 81 3 64 576 0 0 97 3280 79 59 60 521
0 0 262 3129 65 53 62 525 0 0 280 3112 64 0 64 576 0 0 14 3376 66 62 64 514
0 0 156 3167 129 5 79 560 0 0 133 3192 103 28 63 577 0 0 24 3326 100 17 72 557
0 0 225 2967 122 30 59 693 0 0 214 2979 93 57 38 715 0 0 38 3106 164 37 46 705
0 0 177 3015 60 29 50 765 0 0 170 3020 49 29 52 776 0 0 77 3073 112 11 57 766
0 0 214 2903 84 48 49 798 0 0 197 2927 76 33 32 831 0 0 110 2960 132 39 50 805
0 0 226 2882 57 35 64 832 0 0 230 2856 56 46 35 873 0 0 246 2816 87 44 50 853
0 0 410 2662 59 20 81 864 0 0 1163 1909 39 25 45 915 0 0 1148 1922 55 11 64 896
0 1 1200 1852 21 44 82 896 0 0 2181 843 48 14 45 965 0 0 2249 783 40 34 60 930
0 4 2097 886 40 30 81 958 0 0 2666 304 43 22 37 1024 0 0 2562 411 43 22 40 1018
0 38 2301 605 38 26 108 980 0 30 2662 241 29 32 17 1085 0 66 2509 356 33 34 38 1060
0 0 0 0 901 289 358 2548 0 0 0 0 902 141 486 2567 0 0 0 1 872 160 500 2563
0 0 0 100 1820 2176 0 0 0 0 0 75 1524 2497 0 0 0 0 0 49 1435 2612 0 0
0 0 1761 813 1518 4 0 0 0 0 1277 1369 1436 14 0 0 0 0 314 2583 1186 13 0 0
0 0 1828 1562 643 63 0 0 0 0 1717 1836 428 115 0 0 0 0 1232 2325 456 83 0 0
0 0 2015 1677 281 123 0 0 0 0 1879 1748 298 171 0 0 0 0 1752 1871 318 155 0 0
0 18 2113 1618 296 51 0 0 0 0 2098 1563 327 108 0 0 0 0 2087 1581 347 81 0 0
0 16 2284 1466 275 55 0 0 0 0 2343 1341 312 100 0 0 0 0 2472 1218 337 69 0 0
0 40 2371 1376 289 20 0 0 0 2 2462 1217 362 53 0 0 0 0 2643 1059 359 35 0 0
0 329 2176 1316 275 0 0 0 0 20 2402 1310 351 13 0 0 0 8 2709 1039 337 3 0 0
0 721 1805 1328 242 0 0 0 0 32 2699 1027 338 0 0 0 0 2 2883 905 306 0 0 0
0 605 2139 1165 187 0 0 0 0 65 3045 727 259 0 0 0 0 19 3139 678 260 0 0 0
0 1654 1510 718 214 0 0 0 0 700 2603 506 287 0 0 0 0 125 3108 606 257 0 0 0
0 1636 1782 460 218 0 0 0 0 671 2614 538 273 0 0 0 0 69 3183 582 262 0 0 0
0 1830 1383 652 231 0 0 0 0 836 2429 530 301 0 0 0 0 197 3040 580 279 0 0 0
0 1660 1503 743 190 0 0 0 0 709 2548 582 257 0 0 0 0 180 3026 665 225 0 0 0
0 1363 1861 674 198 0 0 0 0 563 2688 588 257 0 0 0 0 165 3023 695 213 0 0 0
0 1039 2319 530 208 0 0 0 0 308 2923 587 278 0 0 0 0 70 3093 686 247 0 0 0
0 951 2414 524 207 0 0 0 0 337 2909 576 274 0 0 0 0 36 3177 654 229 0 0 0
0 1211 2182 519 184 0 0 0 0 315 2943 587 251 0 0 0 0 70 3126 707 193 0 0 0
0 48 3368 519 161 0 0 0 0 105 3220 573 198 0 0 0 0 37 3210 682 167 0 0 0
0 71 2420 1444 148 13 0 0 0 13 3452 437 172 22 0 0 0 3 3415 483 177 18 0 0
0 115 1432 2472 77 0 0 0 0 30 2524 1448 94 0 0 0 0 0 3393 622 81 0 0 0
0 871 2577 532 116 0 0 0 0 270 3025 621 180 0 0 0 0 4 3210 764 118 0 0 0
0 477 2895 607 117 0 0 0 0 96 3142 630 228 0 0 0 0 0 3178 717 201 0 0 0
0 247 3079 608 162 0 0 0 0 8 3201 620 267 0 0 0 0 0 3092 788 216 0 0 0
0 65 3168 687 176 0 0 0 0 4 3115 701 276 0 0 0 0 0 2967 868 261 0 0 0
0 20 3181 680 215 0 0 0 0 0 3046 775 275 0 0 0 0 0 2771 1039 286 0 0 0
0 7 3227 649 213 0 0 0 0 0 3042 760 294 0 0 0 0 0 2732 1052 312 0 0 0
0 3 2180 1226 654 33 0 0 0 0 1877 1397 674 148 0 0 0 0 1498 1728 734 136 0 0
0 1 3002 898 195 0 0 0 0 0 2592 1222 282 0 0 0 0 0 1824 1995 277 0 0 0
0 0 2934 1011 151 0 0 0 0 0 2674 1160 262 0 0 0 0 0 1807 2024 265 0 0 0
0 0 2685 1281 130 0 0 0 0 0 2385 1465 246 0 0 0 0 0 1547 2312 237 0 0 0
0 0 2845 1113 138 0 0 0 0 0 2565 1253 278 0 0 0 0 0 1797 2059 240 0 0 0
0 0 2756 1308 32 0 0 0 0 0 2544 1405 147 0 0 0 0 0 1985 1989 122 0 0 0
0 0 3326 769 1 0 0 0 0 0 3004 1074 18 0 0 0 0 0 2504 1567 25 0 0 0
0 49 3463 584 0 0 0 0 0 0 3235 851 10 0 0 0 0 0 2924 1168 4 0 0 0
0 216 3478 402 0 0 0 0 0 0 3415 681 0 0 0 0 0 0 3286 810 0 0 0 0
0 549 3259 288 0 0 0 0 0 91 3536 469 0 0 0 0 0 26 3583 487 0 0 0 0
0 1116 2701 255 24 0 0 0 0 536 3175 308 77 0 0 0 0 199 3511 319 67 0 0 0
0 1192 2502 402 0 0 0 0 0 1123 2927 46 0 0 0 0 0 1069 3002 25 0 0 0 0
0 0 0 18 747 899 279 2153 0 0 0 71 578 760 501 2186 0 0 0 34 607 691 547 2217
0 0 0 114 1167 2801 14 0 0 0 0 360 859 2857 20 0 0 0 0 88 1086 2901 21 0
0 15 2342 608 737 394 0 0 0 0 2031 808 606 651 0 0 0 0 1854 1004 665 573 0 0
0 221 3855 20 0 0 0 0 0 89 3843 164 0 0 0 0 0 26 3880 190 0 0 0 0
0 507 3589 0 0 0 0 0 0 611 3459 26 0 0 0 0 0 244 3793 59 0 0 0 0
0 2276 1820 0 0 0 0 0 0 2291 1805 0 0 0 0 0 0 904 3189 3 0 0 0 0
0 2875 1221 0 0 0 0 0 0 2668 1428 0 0 0 0 0 0 1537 2559 0 0 0 0 0
0 3133 963 0 0 0 0 0 0 2863 1233 0 0 0 0 0 0 1938 2158 0 0 0 0 0
0 3857 239 0 0 0 0 0 0 3350 746 0 0 0 0 0 0 2462 1634 0 0 0 0 0
0 2975 357 421 303 40 0 0 0 2682 558 461 284 111 0 0 0 1450 1688 486 364 108 0 0
0 1097 871 529 643 796 160 0 0 806 1019 508 644 737 382 0 0 486 1333 544 614 661 456 2
0 3173 890 33 0 0 0 0 0 2805 1161 130 0 0 0 0 0 2146 1810 140 0 0 0 0
0 2729 1292 75 0 0 0 0 0 2115 1789 192 0 0 0 0 0 1726 2152 218 0 0 0 0
0 3372 660 64 0 0 0 0 0 3244 728 124 0 0 0 0 0 2866 1083 147 0 0 0 0
0 3387 675 34 0 0 0 0 0 3268 752 76 0 0 0 0 0 2714 1280 102 0 0 0 0
0 3264 765 67 0 0 0 0 0 3092 895 109 0 0 0 0 0 2467 1482 147 0 0 0 0
0 3109 917 70 0 0 0 0 0 2854 1110 132 0 0 0 0 0 2003 1940 153 0 0 0 0
0 3144 842 110 0 0 0 0 0 2781 1125 190 0 0 0 0 0 1675 2184 237 0 0 0 0
0 3074 913 109 0 0 0 0 0 2721 1191 184 0 0 0 0 0 1134 2730 232 0 0 0 0
0 356 3495 227 18 0 0 0 0 663 3182 228 23 0 0 0 0 653 3201 219 23 0 0 0
0 295 1578 1315 628 271 9 0 0 157 2121 923 523 348 24 0 0 45 2447 703 564 320 17 0
0 249 614 2222 997 14 0 0 0 147 1075 2377 471 26 0 0 0 19 2049 1533 479 16 0 0
0 3274 822 0 0 0 0 0 0 2766 1330 0 0 0 0 0 0 993 3103 0 0 0 0 0
0 3018 1078 0 0 0 0 0 0 2104 1992 0 0 0 0 0 0 537 3559 0 0 0 0 0
0 2324 1772 0 0 0 0 0 0 1259 2837 0 0 0 0 0 0 291 3805 0 0 0 0 0
0 2163 1933 0 0 0 0 0 0 715 3381 0 0 0 0 0 0 138 3958 0 0 0 0 0
0 1292 2804 0 0 0 0 0 0 308 3788 0 0 0 0 0 0 64 4032 0 0 0 0 0
0 283 3813 0 0 0 0 0 0 25 4071 0 0 0 0 0 0 3 4093 0 0 0 0 0
0 45 1609 773 872 773 24 0 0 1 1468 794 698 1080 55 0 0 1 1401 806 840 986 62 0
0 45 3308 728 15 0 0 0 0 1 3003 1055 37 0 0 0 0 2 2667 1385 42 0 0 0
0 67 3715 314 0 0 0 0 0 0 3650 446 0 0 0 0 0 0 3569 526 1 0 0 0
0 99 3657 340 0 0 0 0 0 2 3650 444 0 0 0 0 0 2 3576 518 0 0 0 0
0 188 3685 223 0 0 0 0 0 1 3756 339 0 0 0 0 0 0 3665 431 0 0 0 0
0 189 3609 298 0 0 0 0 0 6 3688 402 0 0 0 0 0 1 3647 448 0 0 0 0
0 191 3750 155 0 0 0 0 0 13 3800 283 0 0 0 0 0 2 3802 292 0 0 0 0
0 1067 2874 155 0 0 0 0 0 178 3669 249 0 0 0 0 0 25 3765 306 0 0 0 0
0 1522 2489 85 0 0 0 0 0 456 3483 157 0 0 0 0 0 209 3739 148 0 0 0 0
0 1185 2785 124 2 0 0 0 0 697 3209 181 9 0 0 0 0 417 3487 186 6 0 0 0
0 1467 1454 772 400 3 0 0 0 1316 1912 392 435 41 0 0 0 1094 2154 408 427 13 0 0
0 1422 540 2134 0 0 0 0 0 1465 1765 866 0 0 0 0 0 1456 2597 43 0 0 0 0
0 0 2 1172 2066 753 88 15 0 0 0 598 1907 1398 172 21 0 0 0 874 1874 1055 268 25
0 0 0 187 1281 2384 244 0 0 0 6 958 505 2323 304 0 0 0 0 849 573 2317 357 0
0 71 2093 310 648 968 6 0 0 33 2002 361 474 1223 3 0 0 20 1967 409 525 1171 4 0
0 683 3335 78 0 0 0 0 0 567 3354 159 16 0 0 0 0 518 3449 125 4 0 0 0
0 1781 2315 0 0 0 0 0 0 2644 1452 0 0 0 0 0 0 2312 1784 0 0 0 0 0
0 3023 1073 0 0 0 0 0 0 3183 913 0 0 0 0 0 0 3151 945 0 0 0 0 0
0 3883 213 0 0 0 0 0 0 4047 49 0 0 0 0 0 0 3989 107 0 0 0 0 0
0 4086 10 0 0 0 0 0 0 4092 4 0 0 0 0 0 0 4064 32 0 0 0 0 0
0 4095 1 0 0 0 0 0 0 4093 3 0 0 0 0 0 0 4082 14 0 0 0 0 0
0 3101 206 209 336 244 0 0 0 3082 157 234 243 376 4 0 0 2757 405 259 255 416 4 0
25 891 581 492 603 738 766 0 3 775 594 483 517 605 1119 0 12 547 810 470 500 594 1156 7
7 3126 773 190 0 0 0 0 3 2850 963 280 0 0 0 0 3 2579 1207 306 1 0 0 0
1 2762 1069 264 0 0 0 0 1 2513 1157 425 0 0 0 0 0 2321 1328 446 1 0 0 0
1 3416 499 177 3 0 0 0 0 3362 490 240 4 0 0 0 0 3309 505 274 8 0 0 0
0 3420 492 184 0 0 0 0 0 3371 479 245 1 0 0 0 0 3346 489 259 2 0 0 0
0 3415 437 239 5 0 0 0 0 3348 450 289 9 0 0 0 0 3291 490 304 11 0 0 0
1 3327 497 261 10 0 0 0 0 3255 509 312 20 0 0 0 0 3139 611 320 26 0 0 0
0 3329 474 291 2 0 0 0 0 3278 478 335 5 0 0 0 0 3099 635 357 5 0 0 0
0 3300 488 299 9 0 0 0 0 3222 509 350 15 0 0 0 0 2834 865 373 24 0 0 0
0 812 2852 419 13 0 0 0 0 1550 2145 387 14 0 0 0 0 1625 2095 365 11 0 0 0
0 314 764 811 1621 521 65 0 0 190 1128 1365 773 532 108 0 0 112 1306 1448 593 545 92 0
0 228 404 771 2469 224 0 0 0 190 468 1309 2066 63 0 0 0 55 634 2514 847 46 0 0
0 4093 3 0 0 0 0 0 0 4089 7 0 0 0 0 0 0 3630 466 0 0 0 0 0
0 4084 12 0 0 0 0 0 0 4084 12 0 0 0 0 0 0 3331 765 0 0 0 0 0
0 4054 42 0 0 0 0 0 0 4016 80 0 0 0 0 0 0 2816 1280 0 0 0 0 0
0 4003 93 0 0 0 0 0 0 3799 297 0 0 0 0 0 0 2570 1526 0 0 0 0 0
0 3945 151 0 0 0 0 0 0 3715 381 0 0 0 0 0 0 2348 1748 0 0 0 0 0
0 3261 835 0 0 0 0 0 0 2512 1584 0 0 0 0 0 0 1185 2911 0 0 0 0 0
0 247 1392 551 856 976 74 0 0 151 1363 543 748 1161 130 0 0 32 1443 568 831 1085 137 0
0 609 2416 949 120 2 0 0 0 142 2620 1152 174 8 0 0 0 37 2549 1211 291 8 0 0
0 770 2867 451 8 0 0 0 0 183 3405 496 12 0 0 0 0 85 3486 515 10 0 0 0
0 793 2868 434 1 0 0 0 0 188 3427 479 2 0 0 0 0 122 3501 473 0 0 0 0
0 1753 2008 333 2 0 0 0 0 531 3138 422 5 0 0 0 0 311 3363 415 7 0 0 0
0 1368 2262 463 3 0 0 0 0 409 3184 498 5 0 0 0 0 262 3342 487 5 0 0 0
0 1389 2292 412 3 0 0 0 0 689 2962 440 5 0 0 0 0 329 3356 407 4 0 0 0
0 2174 1600 320 2 0 0 0 0 1734 1972 387 3 0 0 0 0 618 3095 379 4 0 0 0
0 2006 1654 436 0 0 0 0 0 1749 2003 335 9 0 0 0 0 1187 2622 284 3 0 0 0
3 1098 1995 950 50 0 0 0 0 895 2604 509 87 1 0 0 2 779 2787 448 80 0 0 0
0 1500 1296 826 473 1 0 0 0 1436 1496 543 580 41 0 0 0 1363 1670 469 564 30 0 0
0 1387 116 2408 185 0 0 0 0 1420 497 2179 0 0 0 0 0 1416 2135 545 0 0 0 0
0 0 257 1445 1492 854 48 0 0 0 53 1107 1460 1246 230 0 0 0 22 1108 1387 1296 283 0
0 0 0 292 1380 2316 108 0 0 0 53 1241 392 2250 160 0 0 0 11 1218 424 2116 327 0
0 302 1742 187 477 1363 25 0 0 407 1579 220 253 1551 86 0 0 468 1433 268 340 1520 67 0
0 679 3172 137 108 0 0 0 0 614 3139 174 165 4 0 0 0 1104 2699 160 133 0 0 0
0 2444 1652 0 0 0 0 0 0 3128 968 0 0 0 0 0 0 3514 582 0 0 0 0 0
0 2664 1432 0 0 0 0 0 0 3078 1018 0 0 0 0 0 0 3430 666 0 0 0 0 0
0 3380 716 0 0 0 0 0 0 4026 70 0 0 0 0 0 0 4067 29 0 0 0 0 0
0 4078 18 0 0 0 0 0 0 4093 3 0 0 0 0 0 0 4094 2 0 0 0 0 0
0 4092 4 0 0 0 0 0 0 4094 2 0 0 0 0 0 0 4095 1 0 0 0 0 0
0 3232 93 184 229 358 0 0 0 3227 73 179 205 401 11 0 0 3025 244 162 222 437 6 0
3 621 462 468 1116 914 512 0 0 534 405 462 962 849 882 2 0 382 534 481 815 931 927 26
29 2756 840 445 23 3 0 0 11 2505 1022 510 43 5 0 0 19 2391 1122 512 47 5 0 0
4 2520 902 639 31 0 0 0 1 2277 1043 709 66 0 0 0 0 2174 1125 727 70 0 0 0
13 3333 377 337 36 0 0 0 6 3284 393 361 52 0 0 0 3 3279 397 362 55 0 0 0
16 3379 367 318 16 0 0 0 4 3354 353 353 32 0 0 0 2 3348 354 351 41 0 0 0
5 3386 339 316 50 0 0 0 2 3332 347 342 73 0 0 0 1 3297 373 348 77 0 0 0
3 3363 344 332 54 0 0 0 1 3330 343 343 79 0 0 0 0 3302 365 353 76 0 0 0
2 3314 388 375 17 0 0 0 1 3297 375 378 45 0 0 0 0 3260 399 389 48 0 0 0
0 3331 369 335 61 0 0 0 1 3277 371 361 86 0 0 0 0 3240 406 361 89 0 0 0
0 1032 2575 444 45 0 0 0 0 1692 1945 417 42 0 0 0 0 1741 1915 408 32 0 0 0
1 369 726 675 1275 932 118 0 0 280 902 832 1119 776 187 0 0 180 1125 1415 418 782 176 0
0 174 313 469 1828 1312 0 0 0 135 312 633 2928 88 0 0 0 68 359 1677 1921 71 0 0
0 4096 0 0 0 0 0 0 0 4095 1 0 0 0 0 0 0 4079 17 0 0 0 0 0
0 4096 0 0 0 0 0 0 0 4095 1 0 0 0 0 0 0 4069 27 0 0 0 0 0
0 4096 0 0 0 0 0 0 0 4095 1 0 0 0 0 0 0 4061 35 0 0 0 0 0
0 4095 1 0 0 0 0 0 0 4093 3 0 0 0 0 0 0 4014 82 0 0 0 0 0
0 4096 0 0 0 0 0 0 0 4096 0 0 0 0 0 0 0 4005 91 0 0 0 0 0
0 4091 5 0 0 0 0 0 0 4088 8 0 0 0 0 0 0 3884 212 0 0 0 0 0
0 743 993 396 806 1032 126 0 0 694 952 395 754 1109 192 0 0 573 1134 360 714 1158 157 0
0 1302 1548 961 277 8 0 0 0 1000 1656 968 443 29 0 0 0 444 2046 1003 582 21 0 0
0 2002 1657 420 17 0 0 0 0 1878 1719 471 28 0 0 0 0 1362 2232 475 27 0 0 0
0 1503 2142 431 20 0 0 0 0 1379 2217 473 27 0 0 0 0 1200 2424 445 27 0 0 0
0 2442 1237 407 10 0 0 0 0 2205 1402 467 22 0 0 0 0 1861 1756 466 13 0 0 0
0 1931 1740 411 14 0 0 0 0 1845 1772 455 24 0 0 0 0 1617 2034 422 23 0 0 0
0 1813 1740 525 18 0 0 0 0 1698 1913 457 28 0 0 0 0 1515 2128 433 20 0 0 0
0 2358 1330 395 13 0 0 0 0 2295 1351 424 26 0 0 0 0 1812 1857 405 22 0 0 0
0 2050 1303 732 11 0 0 0 0 1968 1521 583 24 0 0 0 0 1597 2023 457 19 0 0 0
20 1112 1536 1386 42 0 0 0 5 977 2339 714 60 1 0 0 14 838 2621 573 47 3 0 0
0 1593 979 768 750 6 0 0 0 1519 1147 748 614 68 0 0 0 1443 1322 672 554 105 0 0
0 1334 134 1386 1240 2 0 0 0 1387 223 2369 117 0 0 0 0 1373 1179 1544 0 0 0 0
0 0 36 166 1468 398 876 1152 0 0 9 103 800 1080 714 1390 0 0 8 76 578 1230 736 1468
0 0 50 969 1760 1251 66 0 0 0 111 1740 922 1255 68 0 0 0 54 1713 992 1206 131 0
0 738 1144 680 493 914 127 0 0 854 968 713 351 1051 159 0 0 744 1021 735 384 1034 178 0
0 1125 2539 164 268 0 0 0 0 1275 2320 169 327 5 0 0 0 1841 1788 162 303 2 0 0
0 3282 814 0 0 0 0 0 0 3703 393 0 0 0 0 0 0 3811 285 0 0 0 0 0
4 3235 840 9 8 0 0 0 2 3501 574 11 8 0 0 0 3 3711 364 10 8 0 0 0
0 3695 401 0 0 0 0 0 0 4013 83 0 0 0 0 0 0 4090 6 0 0 0 0 0
1 4045 50 0 0 0 0 0 1 4087 8 0 0 0 0 0 0 4094 2 0 0 0 0 0
0 4096 0 0 0 0 0 0 0 4096 0 0 0 0 0 0 0 4096 0 0 0 0 0 0
0 3356 58 83 197 375 27 0 0 3352 54 75 153 360 102 0 0 3214 163 54 134 401 130 0
34 733 501 473 505 1153 697 0 5 659 449 492 444 871 1160 16 0 532 560 488 440 791 1219 66
38 2648 917 417 68 8 0 0 7 2442 1057 435 143 12 0 0 17 2357 1131 446 134 11 0 0
3 2232 1018 715 128 0 0 0 0 2005 1122 721 247 1 0 0 0 1895 1208 762 228 3 0 0
29 3323 333 311 100 0 0 0 18 3310 320 315 133 0 0 0 8 3314 314 321 139 0 0 0
36 3297 311 326 126 0 0 0 19 3287 306 327 155 2 0 0 11 3283 313 320 167 2 0 0
26 3346 270 310 143 1 0 0 12 3326 273 311 173 1 0 0 5 3309 292 305 183 2 0 0
15 3340 292 315 134 0 0 0 10 3318 299 306 163 0 0 0 3 3329 281 313 170 0 0 0
19 3294 305 343 135 0 0 0 12 3273 295 330 185 1 0 0 6 3264 306 334 185 1 0 0
23 3350 280 306 137 0 0 0 9 3328 286 303 168 2 0 0 4 3306 315 294 176 1 0 0
8 2446 1088 410 136 8 0 0 3 2527 977 402 179 8 0 0 1 2380 1127 400 180 8 0 0
13 342 996 742 720 1067 207 9 7 288 1265 506 876 829 317 8 2 226 1275 648 814 848 281 2
0 130 797 1062 804 770 525 8 0 110 1286 634 1209 327 519 11 0 65 1369 722 1220 191 520 9
0 4096 0 0 0 0 0 0 0 4096 0 0 0 0 0 0 0 4072 24 0 0 0 0 0
0 4096 0 0 0 0 0 0 0 4096 0 0 0 0 0 0 0 4096 0 0 0 0 0 0
0 4096 0 0 0 0 0 0 0 4096 0 0 0 0 0 0 0 4096 0 0 0 0 0 0
0 4096 0 0 0 0 0 0 0 4096 0 0 0 0 0 0 0 4096 0 0 0 0 0 0
0 4096 0 0 0 0 0 0 0 4096 0 0 0 0 0 0 0 4096 0 0 0 0 0 0
0 4096 0 0 0 0 0 0 0 4096 0 0 0 0 0 0 0 4096 0 0 0 0 0 0
0 818 694 473 1134 904 73 0 0 752 675 454 941 1148 126 0 0 761 708 427 937 1183 80 0
0 1418 930 803 725 220 0 0 0 1287 902 795 720 392 0 0 1 932 1159 799 735 470 0 0
1 3102 503 424 66 0 0 0 0 2892 654 455 95 0 0 0 0 2242 1309 446 99 0 0 0
0 1819 1817 424 36 0 0 0 0 1258 2305 463 70 0 0 0 0 1214 2379 449 54 0 0 0
0 1337 2259 459 41 0 0 0 0 948 2571 508 69 0 0 0 0 923 2608 512 53 0 0 0
0 1139 2465 451 41 0 0 0 0 1065 2455 493 83 0 0 0 0 978 2541 503 74 0 0 0
0 1122 2397 534 43 0 0 0 0 1084 2311 623 78 0 0 0 0 942 2450 632 72 0 0 0
0 1111 2305 634 46 0 0 0 0 1108 2007 882 99 0 0 0 0 931 2189 888 88 0 0 0
0 1213 1488 1357 38 0 0 0 0 1227 619 2172 78 0 0 0 0 1101 880 2050 65 0 0 0
1 982 1469 1569 65 10 0 0 1 873 1100 2016 78 28 0 0 3 760 1211 2028 69 25 0 0
0 322 1328 778 1321 347 0 0 0 432 1135 577 1427 525 0 0 0 603 895 805 1453 340 0 0
0 1463 1070 109 313 1132 9 0 0 2027 534 142 155 1218 20 0 0 1949 641 147 173 1167 19 0
0 0 34 396 1204 521 931 1010 0 0 16 248 1000 698 814 1320 0 0 9 199 971 774 779 1364
0 0 4 406 3509 177 0 0 0 0 4 571 3505 16 0 0 0 0 4 845 3241 6 0 0
0 188 499 1487 1770 152 0 0 0 101 496 1547 1799 152 1 0 0 107 415 1900 1479 193 2 0
0 193 1019 2449 400 35 0 0 0 138 979 2482 400 97 0 0 0 328 916 2400 363 89 0 0
0 20 3126 950 0 0 0 0 0 58 2431 1607 0 0 0 0 0 525 2044 1527 0 0 0 0
0 175 3921 0 0 0 0 0 0 153 3943 0 0 0 0 0 0 195 3901 0 0 0 0 0
0 2590 1506 0 0 0 0 0 0 526 3570 0 0 0 0 0 0 1394 2702 0 0 0 0 0
0 3987 109 0 0 0 0 0 0 3368 728 0 0 0 0 0 0 3509 587 0 0 0 0 0
0 4095 1 0 0 0 0 0 0 4094 2 0 0 0 0 0 0 4088 8 0 0 0 0 0
7 3095 150 175 381 286 2 0 0 3087 138 166 285 407 13 0 0 3046 149 163 271 450 17 0
5 528 419 492 569 1310 773 0 2 458 384 441 563 977 1263 8 0 344 465 423 526 930 1380 28
28 2413 988 373 204 55 35 0 11 2264 1077 385 263 44 52 0 26 2214 1103 386 273 50 44 0
6 2100 1044 716 230 0 0 0 0 1956 1085 700 353 2 0 0 1 1860 1152 732 345 6 0 0
46 3313 284 284 169 0 0 0 21 3316 272 270 215 2 0 0 6 3318 278 275 216 3 0 0
50 3298 259 270 214 5 0 0 30 3293 264 258 239 12 0 0 12 3296 264 253 253 18 0 0
72 3310 261 262 189 2 0 0 42 3315 259 263 210 7 0 0 31 3332 248 265 212 8 0 0
71 3329 228 255 211 2 0 0 41 3340 217 264 229 5 0 0 23 3346 224 262 237 4 0 0
70 3297 252 253 222 2 0 0 57 3286 241 250 255 7 0 0 21 3314 253 255 245 8 0 0
58 3314 236 261 224 3 0 0 41 3303 228 258 259 7 0 0 23 3316 236 248 265 8 0 0
4 2331 1247 306 207 1 0 0 2 2155 1370 317 251 1 0 0 0 2002 1531 319 242 2 0 0
13 319 838 371 376 785 1302 92 7 260 831 391 383 610 1501 113 4 179 778 495 409 698 1474 59
0 29 326 325 639 46 2346 385 0 15 299 310 654 84 2253 481 0 0 241 320 699 101 2282 453
0 4095 1 0 0 0 0 0 0 4087 9 0 0 0 0 0 0 4041 55 0 0 0 0 0
0 4096 0 0 0 0 0 0 0 4096 0 0 0 0 0 0 0 4096 0 0 0 0 0 0
0 4096 0 0 0 0 0 0 0 4096 0 0 0 0 0 0 0 4096 0 0 0 0 0 0
0 4096 0 0 0 0 0 0 0 4096 0 0 0 0 0 0 0 4096 0 0 0 0 0 0
1 4095 0 0 0 0 0 0 0 4096 0 0 0 0 0 0 0 4096 0 0 0 0 0 0
0 4096 0 0 0 0 0 0 0 4096 0 0 0 0 0 0 0 4096 0 0 0 0 0 0
0 919 804 387 621 1201 164 0 0 823 803 436 514 1245 275 0 0 807 870 417 600 1222 180 0
19 1496 1185 787 537 72 0 0 9 1337 1115 806 669 160 0 0 17 1143 1155 834 722 225 0 0
1 3148 414 388 145 0 0 0 0 2969 551 370 204 2 0 0 0 2592 912 389 201 2 0 0
0 1945 1580 495 75 1 0 0 0 1006 2449 512 128 1 0 0 0 1026 2450 511 108 1 0 0
0 603 2923 505 65 0 0 0 0 60 3366 545 125 0 0 0 0 184 3286 529 97 0 0 0
0 19 3446 535 96 0 0 0 0 0 3370 574 151 1 0 0 0 12 3385 577 121 1 0 0
0 3 3402 607 84 0 0 0 0 0 3275 663 157 1 0 0 0 2 3252 706 136 0 0 0
0 0 2902 1117 77 0 0 0 0 0 2117 1811 168 0 0 0 0 0 2415 1553 128 0 0 0
0 0 864 3168 64 0 0 0 0 0 145 3805 146 0 0 0 0 0 412 3568 116 0 0 0
0 74 781 3118 105 18 0 0 0 11 531 3360 168 26 0 0 0 3 524 3377 166 26 0 0
0 18 446 545 2187 899 1 0 0 0 327 492 2238 1032 7 0 0 0 243 710 2257 883 3 0
0 1528 70 26 111 2333 28 0 0 1501 96 21 66 2353 59 0 0 1150 402 52 56 2342 94 0
0 0 4 501 1314 709 827 741 0 0 0 260 1265 651 868 1052 0 0 0 196 1467 816 656 961
0 0 0 60 2956 1078 2 0 0 0 0 49 4010 37 0 0 0 0 0 81 3988 27 0 0
0 56 319 1074 2312 335 0 0 0 15 277 808 2983 13 0 0 0 12 223 1006 2820 35 0 0
0 109 463 2913 476 135 0 0 0 28 384 3005 457 222 0 0 0 18 403 3034 414 219 8 0
0 0 2480 1616 0 0 0 0 0 0 1654 2442 0 0 0 0 0 0 1758 2338 0 0 0 0
0 107 3989 0 0 0 0 0 0 18 4078 0 0 0 0 0 0 47 4049 0 0 0 0 0
0 2342 1754 0 0 0 0 0 0 881 3215 0 0 0 0 0 0 1405 2691 0 0 0 0 0
0 4025 71 0 0 0 0 0 0 3524 572 0 0 0 0 0 0 3726 370 0 0 0 0 0
0 4095 1 0 0 0 0 0 0 4095 1 0 0 0 0 0 0 4093 3 0 0 0 0 0
11 3585 46 56 126 266 6 0 9 3583 50 54 111 273 16 0 0 3545 78 41 85 311 36 0
31 659 405 438 520 956 1087 0 19 582 417 342 531 724 1470 11 0 505 514 303 518 672 1520 64
69 2239 975 344 257 135 77 0 35 2163 1000 361 311 103 123 0 46 2095 1052 370 306 113 114 0
14 1894 1171 692 321 4 0 0 4 1794 1167 687 434 10 0 0 2 1778 1173 690 438 15 0 0
42 3331 247 253 213 10 0 0 22 3322 247 250 237 18 0 0 10 3329 243 257 237 20 0 0
46 3334 248 221 232 15 0 0 28 3333 257 208 245 25 0 0 16 3338 242 225 241 34 0 0
96 3242 223 250 269 16 0 0 78 3242 227 244 276 29 0 0 63 3258 224 243 276 32 0 0
141 3228 227 220 269 11 0 0 94 3261 220 226 274 21 0 0 74 3280 215 225 277 25 0 0
119 3208 249 215 286 19 0 0 100 3208 239 226 286 37 0 0 78 3235 234 229 284 36 0 0
136 3175 228 226 313 18 0 0 87 3206 222 222 321 38 0 0 69 3219 230 233 311 34 0 0
9 2381 1130 303 266 7 0 0 5 2256 1223 307 286 19 0 0 5 2146 1345 301 283 16 0 0
7 285 913 381 343 809 656 702 8 229 875 438 331 656 833 726 5 142 797 582 360 757 738 715
0 2 236 348 693 60 516 2241 0 0 175 362 676 119 389 2375 0 0 103 373 693 160 369 2398
0 4048 48 0 0 0 0 0 0 4016 80 0 0 0 0 0 0 3968 128 0 0 0 0 0
0 4096 0 0 0 0 0 0 0 4096 0 0 0 0 0 0 0 4096 0 0 0 0 0 0
0 4096 0 0 0 0 0 0 0 4096 0 0 0 0 0 0 0 4096 0 0 0 0 0 0
0 4096 0 0 0 0 0 0 0 4096 0 0 0 0 0 0 0 4096 0 0 0 0 0 0
0 4096 0 0 0 0 0 0 0 4096 0 0 0 0 0 0 2 4094 0 0 0 0 0 0
0 4096 0 0 0 0 0 0 0 4096 0 0 0 0 0 0 0 4096 0 0 0 0 0 0
0 1011 798 380 616 1168 123 0 0 946 775 426 496 1250 203 0 0 959 942 301 605 1158 131 0
5 1434 1093 913 596 55 0 0 0 1339 997 883 766 111 0 0 9 1225 932 938 821 171 0 0
1 3223 351 341 180 0 0 0 0 3152 369 348 222 5 0 0 0 3007 513 374 201 1 0 0
0 2536 970 468 122 0 0 0 0 2010 1439 470 176 1 0 0 0 1838 1621 488 149 0 0 0
0 955 2539 469 133 0 0 0 0 323 3134 453 186 0 0 0 0 518 2937 484 157 0 0 0
0 99 3318 548 131 0 0 0 0 6 3330 550 210 0 0 0 0 59 3309 569 159 0 0 0
0 1 3395 576 123 1 0 0 0 0 3294 625 174 3 0 0 0 0 3280 670 145 1 0 0
0 0 2373 1554 169 0 0 0 0 0 1833 1994 269 0 0 0 0 0 2097 1792 207 0 0 0
0 0 700 3200 196 0 0 0 0 0 206 3603 285 2 0 0 0 0 627 3235 233 1 0 0
0 19 737 3154 159 27 0 0 0 2 445 3340 274 35 0 0 0 0 477 3340 242 37 0 0
0 7 453 496 2188 952 0 0 0 0 361 443 2209 1061 22 0 0 0 268 735 2180 912 1 0
0 1588 102 28 51 2288 39 0 0 1507 183 26 39 2245 96 0 0 1177 452 64 44 2258 101 0
0 0 22 1023 2014 972 64 1 0 0 2 434 1576 1785 281 18 0 0 18 1022 2465 560 25 6
0 0 4 268 2284 1523 17 0 0 0 3 334 3631 119 9 0 0 0 6 541 3491 55 3 0
0 59 344 1124 1695 874 0 0 0 21 286 1005 2762 22 0 0 0 16 253 1284 2541 2 0 0
0 68 385 2937 642 64 0 0 0 6 350 2938 655 147 0 0 0 4 349 2935 629 179 0 0
0 0 2069 2027 0 0 0 0 0 0 1172 2924 0 0 0 0 0 0 1459 2637 0 0 0 0
0 11 4085 0 0 0 0 0 0 0 4094 2 0 0 0 0 0 3 4091 2 0 0 0 0
0 1429 2667 0 0 0 0 0 0 404 3692 0 0 0 0 0 0 731 3365 0 0 0 0 0
0 3921 175 0 0 0 0 0 0 3329 767 0 0 0 0 0 0 3572 524 0 0 0 0 0
0 4096 0 0 0 0 0 0 0 4096 0 0 0 0 0 0 0 4096 0 0 0 0 0 0
21 3712 43 46 126 147 1 0 14 3718 43 45 125 149 2 0 1 3662 94 36 82 218 3 0
17 582 435 426 573 1069 994 0 8 522 434 331 532 925 1339 5 0 488 465 288 562 800 1478 15
63 2004 998 431 302 267 31 0 28 1963 999 458 301 269 78 0 44 1950 1020 451 288 271 72 0
27 1674 1258 775 353 9 0 0 18 1612 1193 817 440 16 0 0 9 1629 1227 793 411 27 0 0
32 3301 257 236 252 18 0 0 20 3285 256 236 264 35 0 0 14 3293 252 237 264 36 0 0
87 3238 230 249 271 21 0 0 65 3248 215 253 277 38 0 0 41 3268 222 251 275 39 0 0
115 3192 211 255 311 12 0 0 92 3196 220 258 308 22 0 0 67 3225 218 254 309 23 0 0
183 3155 206 198 306 48 0 0 164 3160 201 201 305 65 0 0 133 3189 208 203 306 57 0 0
233 3087 224 193 304 55 0 0 190 3116 217 195 295 83 0 0 171 3131 222 193 300 79 0 0
149 3188 200 209 313 37 0 0 116 3208 192 206 320 54 0 0 102 3216 207 206 319 46 0 0
21 2455 991 293 314 22 0 0 17 2438 988 295 322 36 0 0 8 2489 957 294 310 38 0 0
9 274 1011 343 340 802 351 966 10 209 996 382 343 670 526 960 1 166 892 514 367 785 430 941
0 1 129 365 736 24 55 2786 0 0 64 363 765 60 38 2806 0 0 18 310 851 71 39 2807
3 3852 174 40 15 9 3 0 1 3839 190 39 14 9 4 0 0 3811 216 42 15 8 4 0
0 4096 0 0 0 0 0 0 0 4096 0 0 0 0 0 0 1 4095 0 0 0 0 0 0
0 4096 0 0 0 0 0 0 0 4096 0 0 0 0 0 0 2 4094 0 0 0 0 0 0
0 4096 0 0 0 0 0 0 0 4096 0 0 0 0 0 0 2 4094 0 0 0 0 0 0
1 4095 0 0 0 0 0 0 1 4095 0 0 0 0 0 0 2 4094 0 0 0 0 0 0
2 4094 0 0 0 0 0 0 1 4095 0 0 0 0 0 0 2 4094 0 0 0 0 0 0
0 1023 737 426 633 1225 52 0 0 963 706 491 533 1278 125 0 0 981 861 392 615 1172 75 0
14 1452 959 956 638 77 0 0 7 1378 760 1020 753 178 0 0 10 1298 738 1042 744 264 0 0
1 3255 333 328 176 3 0 0 0 3191 354 332 214 5 0 0 1 3035 529 338 190 3 0 0
0 2876 605 426 188 1 0 0 0 2558 882 409 246 1 0 0 0 2265 1206 413 212 0 0 0
0 1908 1622 409 155 2 0 0 0 1199 2270 410 214 3 0 0 0 1506 1982 429 176 3 0 0
0 90 3278 556 172 0 0 0 0 11 3291 545 247 2 0 0 0 87 3231 588 190 0 0 0
0 1 3232 685 178 0 0 0 0 0 3118 708 268 2 0 0 0 0 3073 837 185 1 0 0
0 0 1793 2028 274 1 0 0 0 0 1272 2448 371 5 0 0 0 0 1738 2072 283 3 0 0
0 0 696 3193 207 0 0 0 0 0 196 3583 315 2 0 0 0 0 507 3328 261 0 0 0
0 16 514 3352 210 4 0 0 0 3 365 3357 364 7 0 0 0 2 371 3394 320 9 0 0
0 25 463 411 2159 1037 1 0 0 7 384 386 2229 1087 3 0 0 9 280 664 2155 988 0 0
0 1514 214 46 31 2257 34 0 0 1397 309 65 23 2253 49 0 0 1057 629 65 41 2222 82 0
0 0 213 1700 1616 549 18 0 0 0 33 1078 1841 1044 97 3 0 7 208 1612 1781 478 10 0
0 0 45 328 2901 822 0 0 0 0 17 345 3693 41 0 0 0 0 59 658 3373 6 0 0
0 115 273 1075 2216 417 0 0 0 46 295 1129 2623 3 0 0 0 46 260 1448 2340 2 0 0
0 55 532 2798 636 65 10 0 0 12 434 2832 687 119 12 0 0 12 414 2826 697 137 10 0
0 0 1435 2661 0 0 0 0 0 0 770 3326 0 0 0 0 0 0 969 3127 0 0 0 0
0 0 3720 376 0 0 0 0 0 0 3368 728 0 0 0 0 0 3 3446 647 0 0 0 0
0 584 3512 0 0 0 0 0 0 88 4008 0 0 0 0 0 0 254 3842 0 0 0 0 0
0 3657 439 0 0 0 0 0 0 2995 1101 0 0 0 0 0 0 3316 780 0 0 0 0 0
0 4096 0 0 0 0 0 0 0 4096 0 0 0 0 0 0 0 4096 0 0 0 0 0 0
16 3829 46 60 113 32 0 0 14 3831 43 58 104 46 0 0 4 3795 71 47 92 87 0 0
32 310 452 370 742 1581 609 0 22 284 419 290 663 1406 1010 2 0 245 466 288 651 1215 1231 0
16 1810 924 540 417 364 25 0 14 1750 925 519 418 389 81 0 16 1793 928 478 421 365 95 0
16 1607 1288 790 377 18 0 0 8 1544 1240 811 459 34 0 0 5 1566 1282 801 413 29 0 0
39 3234 234 265 297 27 0 0 33 3226 227 266 299 45 0 0 33 3222 232 266 299 44 0 0
52 3228 232 260 296 28 0 0 57 3212 232 257 300 38 0 0 58 3218 229 261 303 27 0 0
85 3238 193 210 329 41 0 0 84 3223 188 228 311 62 0 0 71 3244 193 219 323 46 0 0
170 3105 210 227 324 60 0 0 155 3113 203 221 317 87 0 0 156 3113 201 238 317 71 0 0
162 3178 186 217 292 61 0 0 129 3195 191 219 272 90 0 0 148 3196 188 211 296 57 0 0
176 3193 179 204 264 80 0 0 144 3210 180 206 265 91 0 0 96 3267 172 206 270 85 0 0
44 2486 971 238 281 76 0 0 35 2498 943 243 278 99 0 0 29 2438 1026 235 275 93 0 0
3 307 1014 390 297 935 318 832 6 252 967 459 280 839 463 830 0 168 931 575 282 932 392 816
0 0 75 359 694 46 73 2849 0 0 41 316 714 97 72 2856 0 0 10 262 816 76 66 2866
0 3849 189 58 0 0 0 0 0 3834 181 80 1 0 0 0 0 3806 176 112 2 0 0 0
1 4095 0 0 0 0 0 0 0 4096 0 0 0 0 0 0 2 4094 0 0 0 0 0 0
0 4096 0 0 0 0 0 0 1 4095 0 0 0 0 0 0 9 4087 0 0 0 0 0 0
1 4095 0 0 0 0 0 0 1 4095 0 0 0 0 0 0 10 4086 0 0 0 0 0 0
3 4093 0 0 0 0 0 0 2 4094 0 0 0 0 0 0 20 4076 0 0 0 0 0 0
4 4092 0 0 0 0 0 0 4 4092 0 0 0 0 0 0 19 4077 0 0 0 0 0 0
3 1036 703 481 645 1216 12 0 4 979 723 499 569 1295 27 0 20 994 866 412 680 1110 14 0
7 1265 1191 779 710 144 0 0 1 1169 1041 885 618 381 1 0 5 1034 1038 921 636 462 0 0
0 3150 364 404 177 1 0 0 0 3090 373 395 236 2 0 0 0 2986 503 428 178 1 0 0
0 2648 802 460 183 3 0 0 0 2306 1098 447 241 4 0 0 0 2158 1265 466 202 5 0 0
0 1329 2082 522 162 1 0 0 0 820 2536 510 228 2 0 0 0 1188 2206 525 175 2 0 0
0 59 3315 558 163 1 0 0 0 7 3296 551 238 4 0 0 0 80 3278 558 176 4 0 0
0 1 3121 767 206 1 0 0 0 0 2990 827 275 4 0 0 0 1 2948 916 229 2 0 0
0 0 1159 2685 252 0 0 0 0 0 807 2956 331 2 0 0 0 0 1376 2437 283 0 0 0
0 0 19 3774 303 0 0 0 0 0 8 3684 404 0 0 0 0 0 78 3712 306 0 0 0
0 11 562 3213 308 2 0 0 0 1 411 3197 472 15 0 0 0 0 471 3226 384 15 0 0
0 22 410 407 2089 1066 102 0 0 2 327 404 2162 833 368 0 0 1 257 596 2120 878 244 0
0 1229 465 200 49 1800 353 0 0 1091 514 282 48 1321 840 0 0 847 637 364 58 1272 916 2
0 0 135 1104 1830 820 152 55 0 0 60 725 1814 1229 216 52 0 1 139 1262 1900 671 111 12
0 0 90 306 1999 1614 86 1 0 0 50 367 3241 372 66 0 0 0 80 638 3138 216 24 0
0 74 91 609 2297 1025 0 0 0 46 91 572 3361 26 0 0 0 38 119 922 3017 0 0 0
0 136 576 2734 601 49 0 0 0 36 546 2753 650 111 0 0 0 11 507 2757 700 121 0 0
0 0 22 4074 0 0 0 0 0 0 2 4094 0 0 0 0 0 0 50 4046 0 0 0 0
0 0 3032 1064 0 0 0 0 0 0 2330 1766 0 0 0 0 0 1 2310 1785 0 0 0 0
0 613 3483 0 0 0 0 0 0 43 4053 0 0 0 0 0 0 232 3864 0 0 0 0 0
0 3646 450 0 0 0 0 0 0 2737 1359 0 0 0 0 0 0 3161 935 0 0 0 0 0
0 4031 65 0 0 0 0 0 0 3956 140 0 0 0 0 0 0 3946 150 0 0 0 0 0
22 3992 34 31 17 0 0 0 15 3999 33 32 17 0 0 0 0 3966 65 39 26 0 0 0
8 458 404 380 739 1215 892 0 3 431 365 276 724 1153 1144 0 0 383 426 272 663 1151 1201 0
61 1737 989 474 380 399 56 0 37 1719 972 469 385 381 133 0 36 1733 969 464 362 365 167 0
18 1106 1429 892 603 48 0 0 12 1070 1392 858 692 72 0 0 19 1107 1419 869 630 52 0 0
255 3013 202 236 332 58 0 0 98 3156 202 227 321 92 0 0 85 3166 214 225 322 84 0 0
374 2938 194 231 291 68 0 0 151 3133 205 220 283 104 0 0 107 3179 204 224 271 111 0 0
120 3222 170 208 291 85 0 0 109 3222 172 207 291 95 0 0 109 3223 178 212 294 80 0 0
87 3248 153 204 303 101 0 0 102 3238 132 218 286 120 0 0 94 3246 156 206 307 87 0 0
121 3222 177 202 267 107 0 0 106 3229 166 209 268 118 0 0 126 3218 171 210 271 100 0 0
140 3182 201 200 236 137 0 0 138 3177 201 197 232 151 0 0 144 3176 205 199 244 128 0 0
45 2200 1187 241 303 120 0 0 42 2180 1187 243 298 146 0 0 28 2165 1224 253 300 126 0 0
13 202 945 457 450 1109 121 799 10 173 924 466 420 1091 214 798 3 144 871 529 426 1142 184 797
0 0 117 260 638 30 29 3022 0 0 73 245 686 35 28 3029 0 0 31 224 747 31 31 3032
1 3737 214 143 1 0 0 0 6 3733 189 161 7 0 0 0 28 3692 189 167 20 0 0 0
9 4087 0 0 0 0 0 0 48 4048 0 0 0 0 0 0 545 3551 0 0 0 0 0 0
455 3641 0 0 0 0 0 0 517 3579 0 0 0 0 0 0 718 3378 0 0 0 0 0 0
0 4096 0 0 0 0 0 0 3 4093 0 0 0 0 0 0 23 4073 0 0 0 0 0 0
1 4095 0 0 0 0 0 0 1 4095 0 0 0 0 0 0 66 4030 0 0 0 0 0 0
0 4096 0 0 0 0 0 0 4 4092 0 0 0 0 0 0 58 4038 0 0 0 0 0 0
5 1029 546 610 951 952 3 0 5 986 535 601 819 1132 18 0 45 971 631 569 973 891 16 0
3 1144 934 894 799 321 1 0 0 1049 816 955 719 554 3 0 3 860 920 912 744 640 17 0
0 2059 1376 479 182 0 0 0 0 1656 1737 473 225 5 0 0 0 1720 1705 498 172 1 0 0
0 1365 2066 524 137 4 0 0 0 1158 2220 522 190 6 0 0 0 1048 2347 557 141 3 0 0
0 511 2799 629 150 7 0 0 0 276 2967 641 204 8 0 0 0 340 2938 650 162 6 0 0
0 0 3349 578 165 4 0 0 0 0 3268 598 223 7 0 0 0 3 3260 651 177 5 0 0
0 0 2527 1343 224 2 0 0 0 0 2179 1620 295 2 0 0 0 2 2445 1415 231 3 0 0
0 0 477 3332 287 0 0 0 0 0 335 3389 372 0 0 0 0 0 762 3046 288 0 0 0
0 0 26 3803 267 0 0 0 0 0 10 3696 390 0 0 0 0 0 107 3688 301 0 0 0
0 17 419 3183 454 23 0 0 0 2 271 3159 581 83 0 0 0 0 368 3176 470 82 0 0
0 1 354 418 1999 1136 188 0 0 0 254 403 2022 860 557 0 0 0 166 497 2069 976 388 0
0 811 722 329 95 1819 320 0 0 654 783 390 120 1323 826 0 0 436 826 520 157 1293 857 7
0 0 146 860 950 1208 775 157 0 0 80 586 960 1495 850 125 0 0 130 722 1536 1291 403 14
0 0 35 333 2387 1320 21 0 0 0 14 342 3242 463 35 0 0 0 49 589 3321 134 3 0
0 0 5 164 3259 668 0 0 0 0 0 92 4004 0 0 0 0 0 2 337 3757 0 0 0
0 191 654 2595 656 0 0 0 0 79 597 2640 778 2 0 0 0 47 575 2598 858 18 0 0
0 0 184 3912 0 0 0 0 0 0 62 4034 0 0 0 0 0 0 248 3848 0 0 0 0
0 0 3467 629 0 0 0 0 0 0 3094 1002 0 0 0 0 0 0 3337 759 0 0 0 0
0 156 3890 50 0 0 0 0 0 4 4017 75 0 0 0 0 0 88 3939 69 0 0 0 0
0 1156 2940 0 0 0 0 0 0 676 3420 0 0 0 0 0 0 945 3151 0 0 0 0 0
0 3067 1029 0 0 0 0 0 0 2627 1469 0 0 0 0 0 0 2992 1104 0 0 0 0 0
3 4091 2 0 0 0 0 0 4 4090 2 0 0 0 0 0 1 4055 40 0 0 0 0 0
5 451 311 361 878 1646 444 0 5 442 280 259 810 1438 862 0 0 424 297 266 716 1407 986 0
46 1730 952 546 410 368 44 0 30 1708 936 553 390 350 129 0 35 1714 950 541 372 313 171 0
37 1427 1128 1002 474 28 0 0 25 1427 1086 944 566 48 0 0 36 1470 1122 943 484 41 0 0
135 3160 228 197 295 81 0 0 74 3195 232 196 286 113 0 0 85 3193 228 214 277 99 0 0
250 2977 219 217 298 134 1 0 127 3072 221 217 283 175 1 0 121 3091 203 234 287 160 0 0
117 3182 151 209 307 130 0 0 98 3185 160 211 306 136 0 0 123 3180 155 208 309 121 0 0
82 3189 164 215 280 166 0 0 86 3187 152 219 276 176 0 0 112 3168 157 221 294 144 0 0
132 3115 217 179 271 181 1 0 130 3105 218 181 273 188 1 0 165 3088 211 194 273 165 0 0
168 3138 178 181 267 164 0 0 165 3132 174 187 243 195 0 0 181 3117 185 182 263 168 0 0
50 1760 1583 267 277 159 0 0 44 1836 1509 254 277 176 0 0 42 1940 1420 263 276 155 0 0
26 253 1002 603 373 1053 172 614 21 200 1049 592 362 1020 238 614 3 167 1004 660 379 1052 215 616
0 0 113 210 604 15 91 3063 0 0 74 215 635 18 72 3082 0 0 8 202 710 20 57 3099
1 3651 201 181 62 0 0 0 3 3646 185 178 84 0 0 0 168 3460 161 216 90 1 0 0
0 4096 0 0 0 0 0 0 53 4043 0 0 0 0 0 0 862 3234 0 0 0 0 0 0
642 3454 0 0 0 0 0 0 851 3245 0 0 0 0 0 0 1135 2961 0 0 0 0 0 0
3 4093 0 0 0 0 0 0 5 4091 0 0 0 0 0 0 79 4017 0 0 0 0 0 0
1 4095 0 0 0 0 0 0 11 4085 0 0 0 0 0 0 172 3924 0 0 0 0 0 0
2 4094 0 0 0 0 0 0 8 4088 0 0 0 0 0 0 184 3912 0 0 0 0 0 0
10 1042 735 583 1153 568 5 0 6 1034 667 604 1071 701 13 0 89 996 727 623 1167 488 6 0
1 1217 980 1038 759 101 0 0 1 1140 781 1183 628 363 0 0 6 1026 849 1092 655 466 2 0
0 2199 1257 458 178 4 0 0 0 1940 1472 456 220 8 0 0 0 2010 1440 467 174 5 0 0
0 123 3236 591 146 0 0 0 0 73 3233 599 191 0 0 0 0 228 3124 615 129 0 0 0
0 0 2640 1263 192 1 0 0 0 0 2601 1260 233 2 0 0 0 0 2773 1140 181 2 0 0
0 0 1239 2650 206 1 0 0 0 0 1194 2637 261 4 0 0 0 0 1485 2409 201 1 0 0
0 0 326 3505 265 0 0 0 0 0 235 3444 416 1 0 0 0 0 296 3502 298 0 0 0
0 0 46 3783 267 0 0 0 0 0 7 3659 430 0 0 0 0 0 49 3723 324 0 0 0
0 0 10 3762 321 3 0 0 0 0 5 3619 468 4 0 0 0 0 25 3661 408 2 0 0
0 6 402 3332 343 13 0 0 0 0 268 3303 492 33 0 0 0 0 289 3435 346 26 0 0
0 14 404 380 1951 1081 266 0 0 0 317 409 1877 1108 385 0 0 0 224 554 1966 1035 317 0
0 1317 510 136 83 1621 429 0 0 1158 588 192 105 1295 758 0 0 937 716 307 66 1292 774 4
0 0 316 1438 1695 576 56 15 0 0 154 1050 1242 1467 157 26 0 0 444 2076 1388 161 27 0
0 0 60 671 2366 996 3 0 0 0 35 682 3209 169 1 0 0 0 220 1121 2678 77 0 0
0 0 3 124 3160 809 0 0 0 0 9 186 3876 25 0 0 0 0 12 541 3528 15 0 0
0 253 617 2551 675 0 0 0 0 131 584 2486 895 0 0 0 0 58 629 2450 959 0 0 0
0 0 449 3647 0 0 0 0 0 0 276 3820 0 0 0 0 0 0 625 3471 0 0 0 0
0 0 1116 2980 0 0 0 0 0 0 1004 3092 0 0 0 0 0 0 1223 2873 0 0 0 0
0 0 2743 1353 0 0 0 0 0 0 2536 1560 0 0 0 0 0 0 2756 1340 0 0 0 0
0 258 3837 1 0 0 0 0 0 181 3913 2 0 0 0 0 0 615 3481 0 0 0 0 0
0 3697 399 0 0 0 0 0 0 3569 527 0 0 0 0 0 0 3876 220 0 0 0 0 0
0 4094 2 0 0 0 0 0 0 4092 4 0 0 0 0 0 1 4086 9 0 0 0 0 0
13 531 246 362 931 1961 52 0 19 513 213 285 860 1774 432 0 1 513 238 274 803 1711 556 0
42 1618 884 694 421 407 30 0 27 1585 877 697 419 376 115 0 32 1550 916 692 397 350 159 0
19 1580 871 1104 463 59 0 0 11 1580 808 1102 504 91 0 0 30 1583 880 1054 483 66 0 0
119 3075 255 229 310 108 0 0 55 3102 260 235 302 142 0 0 76 3083 259 240 294 144 0 0
213 3010 222 225 287 138 1 0 97 3095 238 212 288 166 0 0 160 3032 236 225 285 158 0 0
152 3080 189 212 287 176 0 0 119 3102 190 220 276 187 2 0 215 3019 191 235 281 155 0 0
84 3140 221 196 262 191 2 0 94 3134 221 192 258 196 1 0 174 3064 223 196 267 171 1 0
108 3157 181 197 252 201 0 0 137 3127 182 194 243 213 0 0 203 3073 183 191 263 183 0 0
123 3125 164 218 271 194 1 0 130 3112 169 212 272 200 1 0 162 3079 186 210 273 185 1 0
30 2118 1319 226 270 133 0 0 34 2328 1107 214 264 149 0 0 36 2580 864 206 282 128 0 0
9 292 905 769 366 1140 164 451 4 263 1006 652 364 1137 225 445 1 199 1062 657 370 1166 207 434
0 0 70 196 503 19 38 3270 0 0 31 177 553 22 32 3281 0 0 0 149 608 24 26 3289
0 3545 194 194 163 0 0 0 0 3548 169 188 191 0 0 0 45 3488 138 218 207 0 0 0
60 4036 0 0 0 0 0 0 210 3886 0 0 0 0 0 0 1244 2852 0 0 0 0 0 0
670 3426 0 0 0 0 0 0 906 3190 0 0 0 0 0 0 1218 2878 0 0 0 0 0 0
1 4095 0 0 0 0 0 0 2 4094 0 0 0 0 0 0 129 3967 0 0 0 0 0 0
4 4092 0 0 0 0 0 0 19 4077 0 0 0 0 0 0 238 3858 0 0 0 0 0 0
4 4092 0 0 0 0 0 0 32 4064 0 0 0 0 0 0 370 3726 0 0 0 0 0 0
7 1076 620 627 1369 397 0 0 8 1074 549 653 1317 495 0 0 88 1014 561 747 1273 413 0 0
1 1133 789 1279 816 78 0 0 0 1076 644 1296 813 267 0 0 3 994 695 1210 732 462 0 0
0 2209 1230 506 149 2 0 0 0 2025 1371 504 192 4 0 0 0 2125 1319 524 128 0 0 0
0 80 3207 653 154 2 0 0 0 18 3234 639 202 3 0 0 0 149 3189 654 104 0 0 0
0 0 2960 945 190 1 0 0 0 0 2947 923 225 1 0 0 0 7 3110 859 120 0 0 0
0 0 909 2977 210 0 0 0 0 0 999 2819 278 0 0 0 0 0 1527 2391 178 0 0 0
0 0 0 3657 439 0 0 0 0 0 0 3593 502 1 0 0 0 0 33 3676 387 0 0 0
0 0 1 2237 1858 0 0 0 0 0 0 1804 2292 0 0 0 0 0 1 2726 1369 0 0 0
0 0 0 840 3256 0 0 0 0 0 0 525 3571 0 0 0 0 0 0 983 3113 0 0 0
0 0 326 2032 1716 22 0 0 0 0 223 1675 2164 34 0 0 0 0 159 1997 1902 38 0 0
0 1 339 412 1748 1429 167 0 0 0 228 450 1682 1395 337 4 0 4 200 493 1739 1320 332 8
0 1115 583 212 134 1838 213 1 0 988 611 251 193 1555 495 3 0 732 758 423 101 1406 661 15
0 0 401 1490 1803 373 23 6 0 0 257 1214 1494 1081 41 9 0 2 621 2327 1071 61 14 0
0 0 151 898 2617 424 6 0 0 0 150 963 2939 43 1 0 0 1 423 1105 2553 14 0 0
0 0 0 5 3659 432 0 0 0 0 0 9 4066 21 0 0 0 0 0 285 3791 20 0 0
0 249 592 1729 1507 19 0 0 0 147 550 1508 1854 37 0 0 0 121 555 1521 1854 45 0 0
0 0 0 2747 1349 0 0 0 0 0 0 2762 1334 0 0 0 0 0 0 3494 602 0 0 0
0 0 2 4036 58 0 0 0 0 0 6 4033 57 0 0 0 0 0 112 3972 12 0 0 0
0 1 3118 977 0 0 0 0 0 2 3223 871 0 0 0 0 0 7 3654 435 0 0 0 0
0 43 4053 0 0 0 0 0 0 15 4081 0 0 0 0 0 0 507 3589 0 0 0 0 0
0 2778 1318 0 0 0 0 0 0 2531 1565 0 0 0 0 0 0 3226 870 0 0 0 0 0
2 4086 8 0 0 0 0 0 4 4078 14 0 0 0 0 0 8 4078 10 0 0 0 0 0
9 589 198 392 980 1925 3 0 17 573 163 322 893 1939 189 0 1 551 224 300 858 1861 301 0
60 1608 823 740 447 403 15 0 46 1598 810 712 472 385 73 0 28 1613 870 682 421 347 135 0
32 1465 847 1222 474 56 0 0 21 1474 802 1163 559 77 0 0 59 1501 800 1132 534 70 0 0
313 2887 252 246 300 98 0 0 174 3004 260 240 300 118 0 0 268 2911 255 253 290 119 0 0
491 2767 200 232 296 108 2 0 273 2965 201 224 293 138 2 0 413 2833 209 227 287 127 0 0
373 2850 196 222 310 145 0 0 267 2942 200 224 298 165 0 0 330 2893 187 230 304 152 0 0
385 2917 200 181 282 131 0 0 334 2965 192 182 279 143 1 0 419 2881 207 179 274 136 0 0
287 3053 166 185 266 139 0 0 259 3073 166 188 261 149 0 0 367 2963 182 180 268 136 0 0
255 3033 189 206 287 125 1 0 237 3046 175 215 282 141 0 0 401 2888 186 215 285 121 0 0
49 1966 1453 213 285 130 0 0 40 2154 1271 209 284 138 0 0 87 2592 809 199 289 120 0 0
1 187 1101 775 443 997 248 344 0 151 1144 715 443 1033 297 313 0 142 1141 704 482 1047 287 293
0 0 13 99 550 28 71 3335 0 0 7 81 562 40 74 3332 0 0 0 55 540 101 165 3235
12 3432 162 257 233 0 0 0 8 3433 130 259 266 0 0 0 18 3418 95 282 283 0 0 0
75 4021 0 0 0 0 0 0 72 4024 0 0 0 0 0 0 199 3897 0 0 0 0 0 0
19 4077 0 0 0 0 0 0 32 4064 0 0 0 0 0 0 104 3992 0 0 0 0 0 0
0 4096 0 0 0 0 0 0 2 4094 0 0 0 0 0 0 116 3980 0 0 0 0 0 0
14 4082 0 0 0 0 0 0 51 4045 0 0 0 0 0 0 289 3807 0 0 0 0 0 0
47 4049 0 0 0 0 0 0 67 4029 0 0 0 0 0 0 501 3595 0 0 0 0 0 0
28 1060 540 752 1393 323 0 0 39 1048 469 728 1419 393 0 0 144 977 481 827 1287 380 0 0
76 1080 686 1344 813 97 0 0 39 1070 599 1295 801 291 1 0 46 995 628 1198 743 486 0 0
11 2095 1374 462 146 8 0 0 4 1851 1583 459 191 8 0 0 47 2182 1253 455 153 6 0 0
0 26 3229 603 235 3 0 0 0 13 3196 601 280 6 0 0 0 71 3221 598 204 2 0 0
0 0 2558 1293 241 4 0 0 0 0 2575 1236 279 6 0 0 0 0 2899 987 207 3 0 0
0 0 313 3458 315 10 0 0 0 0 432 3291 360 13 0 0 0 0 1387 2436 267 6 0 0
0 0 4 3569 518 5 0 0 0 0 7 3512 571 6 0 0 0 0 160 3522 410 4 0 0
0 0 0 3059 1035 2 0 0 0 0 0 3006 1085 5 0 0 0 0 4 3351 740 1 0 0
0 0 1 632 3462 1 0 0 0 0 0 546 3547 3 0 0 0 0 0 1209 2886 1 0 0
0 1 282 857 2953 3 0 0 0 0 162 734 3187 13 0 0 0 0 115 812 3149 20 0 0
0 0 76 477 474 1681 1206 182 0 0 37 435 528 1342 736 1018 0 0 48 331 673 1315 725 1004
0 1035 573 282 221 95 1559 331 0 831 698 272 305 62 402 1526 0 517 775 450 334 52 282 1686
0 48 701 1512 1384 405 44 2 0 78 728 1539 1371 350 28 2 0 189 854 2054 904 89 6 0
0 0 228 1090 2327 445 6 0 0 3 404 1176 2482 31 0 0 0 31 609 1664 1775 17 0 0
0 0 0 1 2892 1064 69 70 0 0 0 113 3377 451 87 68 0 0 0 681 2787 475 87 66
0 162 465 1009 1773 687 0 0 0 89 433 548 2320 685 21 0 0 25 512 469 2356 712 22 0
0 0 60 2622 1411 3 0 0 0 0 228 2490 1373 5 0 0 0 6 656 2633 801 0 0 0
0 0 708 3377 11 0 0 0 0 0 1325 2762 9 0 0 0 0 1 2947 1147 1 0 0 0
0 0 3434 662 0 0 0 0 0 0 3673 423 0 0 0 0 0 5 4068 23 0 0 0 0
0 14 4081 1 0 0 0 0 0 3 4092 1 0 0 0 0 0 467 3629 0 0 0 0 0
4 2214 1878 0 0 0 0 0 5 2031 2060 0 0 0 0 0 28 2938 1130 0 0 0 0 0
80 4016 0 0 0 0 0 0 55 4041 0 0 0 0 0 0 425 3671 0 0 0 0 0 0
82 549 168 435 1036 1825 1 0 72 549 148 336 899 2056 36 0 11 616 157 319 852 1974 167 0
253 1677 682 635 395 448 6 0 186 1714 653 636 409 402 96 0 269 1672 649 632 377 367 130 0
217 1290 869 1209 493 18 0 0 154 1316 808 1225 569 24 0 0 255 1273 857 1187 503 21 0 0
883 2374 233 262 301 43 0 0 452 2774 242 244 330 54 0 0 865 2381 228 253 318 51 0 0
1080 2225 226 247 281 37 0 0 661 2630 226 243 291 45 0 0 1178 2124 227 260 261 46 0 0
397 2838 232 247 296 86 0 0 254 2960 238 247 301 96 0 0 681 2559 231 249 306 70 0 0
505 2732 223 234 316 86 0 0 480 2748 226 223 317 102 0 0 891 2361 227 241 309 67 0 0
567 2719 207 219 296 88 0 0 506 2775 203 220 294 98 0 0 883 2413 204 227 294 75 0 0
397 2719 376 239 304 61 0 0 367 2809 309 242 300 69 0 0 550 2639 321 239 297 50 0 0
84 1382 1923 285 332 90 0 0 87 1536 1764 287 319 103 0 0 135 1873 1395 297 327 69 0 0
10 130 919 1093 553 803 308 280 0 128 1038 911 539 863 355 262 0 117 1071 873 576 857 353 249
0 0 0 73 509 51 14 3449 0 0 0 68 509 55 14 3450 0 0 0 37 497 80 29 3453
0 2611 860 339 264 6 8 8 0 3032 411 319 312 7 7 8 0 3153 274 300 349 6 6 8
0 3406 690 0 0 0 0 0 0 3854 242 0 0 0 0 0 0 4060 36 0 0 0 0 0
0 3266 830 0 0 0 0 0 0 3731 365 0 0 0 0 0 0 4083 13 0 0 0 0 0
0 2661 1435 0 0 0 0 0 0 3107 989 0 0 0 0 0 1 3967 128 0 0 0 0 0
52 2848 1196 0 0 0 0 0 40 3110 946 0 0 0 0 0 105 3867 124 0 0 0 0 0
192 2794 1110 0 0 0 0 0 333 2800 963 0 0 0 0 0 634 3019 443 0 0 0 0 0
25 677 956 825 1404 209 0 0 65 673 845 769 1389 355 0 0 221 632 814 834 1251 344 0 0
33 592 1096 1399 872 104 0 0 18 601 961 1341 837 338 0 0 40 678 819 1250 830 479 0 0
24 1504 1895 459 209 5 0 0 5 1574 1817 454 241 5 0 0 39 2247 1184 451 174 1 0 0
0 538 2705 619 230 4 0 0 0 557 2654 608 272 5 0 0 14 870 2417 602 190 3 0 0
0 7 2293 1526 265 5 0 0 0 11 2299 1476 302 8 0 0 0 30 2521 1323 217 5 0 0
0 0 305 3456 335 0 0 0 0 0 303 3415 375 3 0 0 0 0 1094 2729 273 0 0 0
0 0 3 3581 511 1 0 0 0 0 1 3521 573 1 0 0 0 0 31 3711 353 1 0 0
0 0 0 2139 1957 0 0 0 0 0 0 2326 1770 0 0 0 0 0 2 3423 671 0 0 0
0 0 0 624 3471 1 0 0 0 0 0 533 3561 2 0 0 0 0 1 1998 2097 0 0 0
0 0 232 1035 2769 50 10 0 0 0 127 888 2985 72 24 0 0 0 68 1419 2507 86 16 0
0 10 100 630 199 1691 1256 210 0 3 54 450 415 1027 803 1344 0 8 72 352 537 973 887 1267
0 956 582 494 161 25 1642 236 0 802 635 351 397 33 103 1775 0 573 654 532 393 42 27 1875
0 54 985 1696 1084 248 29 0 0 127 1278 1716 828 140 7 0 2 665 1987 1206 220 16 0 0
0 3 156 1047 2704 180 6 0 0 10 469 1041 2520 55 1 0 0 90 983 1996 1019 8 0 0
0 0 0 0 3372 432 142 150 0 0 0 24 3584 188 159 141 0 0 0 1603 1974 223 145 151
8 119 521 1140 1407 899 2 0 3 68 472 807 1830 869 47 0 5 41 522 1098 1533 887 10 0
0 0 184 3354 534 24 0 0 0 0 716 2954 407 19 0 0 0 7 2576 1261 247 5 0 0
0 0 156 3939 1 0 0 0 0 0 686 3410 0 0 0 0 0 0 3679 417 0 0 0 0
0 0 2907 1189 0 0 0 0 0 0 3124 972 0 0 0 0 0 0 4056 40 0 0 0 0
0 497 3584 15 0 0 0 0 0 503 3582 11 0 0 0 0 26 916 3154 0 0 0 0 0
10 3818 268 0 0 0 0 0 12 3770 314 0 0 0 0 0 136 3850 110 0 0 0 0 0
6 4090 0 0 0 0 0 0 1 4095 0 0 0 0 0 0 224 3872 0 0 0 0 0 0
34 673 92 421 1262 1614 0 0 38 669 79 277 1064 1969 0 0 6 693 97 264 979 2054 3 0
127 1643 763 745 411 403 4 0 96 1641 754 728 418 385 74 0 138 1645 814 645 393 360 101 0
36 1458 1013 1227 359 3 0 0 23 1447 922 1272 424 8 0 0 96 1427 972 1229 363 9 0 0
46 3028 360 378 276 8 0 0 31 3020 363 362 306 14 0 0 221 2883 349 383 251 9 0 0
57 3098 307 320 285 29 0 0 45 3097 311 317 289 37 0 0 328 2855 313 321 252 27 0 0
7 2917 487 321 328 36 0 0 7 3006 390 324 327 42 0 0 131 2946 367 333 300 19 0 0
2 2157 1227 324 354 32 0 0 2 2476 907 320 361 30 0 0 60 2825 547 347 305 12 0 0
0 457 2844 394 378 23 0 0 0 769 2523 399 379 26 0 0 0 1903 1459 405 315 14 0 0
0 661 2710 371 326 28 0 0 0 1012 2359 360 337 28 0 0 0 2043 1381 371 286 15 0 0
0 235 3126 353 313 69 0 0 0 345 3034 331 311 75 0 0 1 1455 1980 341 277 42 0 0
0 136 607 1126 698 773 481 275 0 111 889 802 551 927 523 293 0 78 1037 681 565 929 525 281
0 0 0 104 396 84 101 3411 0 0 0 73 424 67 109 3423 0 0 0 44 432 70 112 3438
0 117 3291 235 115 117 221 0 0 390 2996 204 157 109 239 1 0 1843 1524 210 169 103 208 39
0 41 4054 1 0 0 0 0 0 350 3746 0 0 0 0 0 0 2116 1980 0 0 0 0 0
0 46 4037 13 0 0 0 0 0 231 3865 0 0 0 0 0 0 1435 2661 0 0 0 0 0
0 20 3943 133 0 0 0 0 0 187 3909 0 0 0 0 0 0 1130 2966 0 0 0 0 0
0 1 3934 161 0 0 0 0 0 46 4045 5 0 0 0 0 0 963 3133 0 0 0 0 0
0 0 3799 297 0 0 0 0 0 3 4083 10 0 0 0 0 0 283 3813 0 0 0 0 0
0 34 1195 1041 1370 456 0 0 0 23 1221 821 1289 742 0 0 0 25 1324 801 1172 772 2 0
0 56 1179 1786 887 188 0 0 0 40 1091 1633 945 383 4 0 2 55 1077 1572 823 552 15 0
0 718 1808 1352 214 4 0 0 0 723 2035 1100 232 6 0 0 9 886 2310 738 151 2 0 0
0 1030 1414 1422 227 3 0 0 0 1001 1843 1008 239 5 0 0 2 1250 2002 690 152 0 0 0
2 732 1864 1304 186 8 0 0 2 776 2151 929 228 10 0 0 1 985 2184 806 116 4 0 0
0 72 769 3007 245 3 0 0 0 82 896 2831 283 4 0 0 0 128 1883 1948 136 1 0 0
0 0 5 3687 399 5 0 0 0 0 1 3632 458 5 0 0 0 0 33 3795 267 1 0 0
0 0 0 2093 2003 0 0 0 0 0 0 2088 2008 0 0 0 0 0 4 3457 635 0 0 0
0 0 0 135 3961 0 0 0 0 0 0 125 3971 0 0 0 0 0 0 1423 2673 0 0 0
0 0 264 1066 2763 3 0 0 0 0 143 922 3014 17 0 0 0 0 55 968 3028 45 0 0
0 0 90 649 111 1720 1379 147 0 0 27 516 275 1243 688 1347 0 0 65 447 365 1154 787 1278
0 883 705 623 73 46 1545 221 0 713 764 429 375 43 242 1530 0 601 660 638 361 26 50 1760
0 0 132 1295 2034 573 62 0 0 8 218 1877 1633 333 27 0 0 85 1253 2074 614 70 0 0
0 0 13 383 2709 835 155 1 0 0 25 549 2827 613 82 0 0 0 311 1930 1630 225 0 0
0 0 0 1 3744 229 69 53 0 0 0 203 3743 42 63 45 0 0 0 2057 1879 43 60 57
0 90 406 732 1256 1229 334 49 0 59 329 570 1478 1177 432 51 0 64 317 615 1393 1162 384 161
0 0 0 2988 1108 0 0 0 0 0 2 3296 798 0 0 0 0 0 1553 2373 170 0 0 0
0 0 18 4054 24 0 0 0 0 0 54 4032 10 0 0 0 0 0 2936 1160 0 0 0 0
4 256 2319 1517 0 0 0 0 4 254 2445 1393 0 0 0 0 51 352 3352 341 0 0 0 0
0 3446 650 0 0 0 0 0 0 3450 646 0 0 0 0 0 158 3458 480 0 0 0 0 0
0 4096 0 0 0 0 0 0 0 4096 0 0 0 0 0 0 26 4070 0 0 0 0 0 0
0 4096 0 0 0 0 0 0 1 4095 0 0 0 0 0 0 115 3981 0 0 0 0 0 0
12 503 79 466 1767 1269 0 0 14 499 71 309 1295 1908 0 0 0 478 94 343 1174 2001 6 0
41 1301 948 862 651 292 1 0 25 1297 897 862 566 431 18 0 82 1300 948 785 498 448 35 0
5 1436 896 1399 358 2 0 0 3 1428 797 1425 433 10 0 0 40 1466 860 1351 375 4 0 0
6 3046 371 403 257 13 0 0 4 3039 372 392 273 16 0 0 57 3064 359 388 220 8 0 0
4 2519 844 408 302 19 0 0 3 2808 551 401 311 22 0 0 103 2937 392 403 249 12 0 0
2 1603 1774 394 308 15 0 0 2 2275 1119 380 303 17 0 0 39 2955 478 394 225 5 0 0
1 828 2539 411 305 12 0 0 1 1578 1799 404 302 12 0 0 11 2841 617 412 209 6 0 0
0 6 3183 527 346 34 0 0 0 23 3205 508 330 30 0 0 0 1135 2210 491 245 15 0 0
0 2 2820 873 374 27 0 0 0 3 3207 492 366 28 0 0 0 578 2781 452 270 15 0 0
0 2 2316 1380 377 21 0 0 0 3 3106 604 358 25 0 0 0 322 2950 552 261 11 0 0
0 118 440 1518 1024 518 295 183 0 98 655 1223 842 798 308 172 0 73 836 1078 869 764 316 160
0 0 0 117 375 22 55 3527 0 0 0 91 393 28 54 3530 0 0 0 55 389 67 50 3535
0 0 1776 2273 47 0 0 0 0 0 3227 690 179 0 0 0 0 4 3392 446 254 0 0 0
0 0 1350 2746 0 0 0 0 0 0 3435 661 0 0 0 0 0 0 4096 0 0 0 0 0
0 0 1306 2790 0 0 0 0 0 0 3098 998 0 0 0 0 0 0 4090 6 0 0 0 0
0 0 1667 2429 0 0 0 0 0 0 3567 529 0 0 0 0 0 5 4091 0 0 0 0 0
0 0 1113 2983 0 0 0 0 0 0 3080 1016 0 0 0 0 0 0 4093 3 0 0 0 0
0 0 796 3300 0 0 0 0 0 0 2284 1812 0 0 0 0 0 0 4089 7 0 0 0 0
0 1 380 2447 1223 45 0 0 0 0 600 1644 1644 208 0 0 0 2 1357 1097 1402 238 0 0
0 14 343 2518 1089 132 0 0 0 5 273 2373 1011 433 1 0 0 0 509 2106 877 600 4 0
0 0 81 3541 471 3 0 0 0 0 193 3454 447 2 0 0 0 0 622 3196 278 0 0 0
0 0 12 3663 421 0 0 0 0 0 113 3570 412 1 0 0 0 0 649 3239 208 0 0 0
0 0 82 3639 374 1 0 0 0 0 188 3493 413 2 0 0 0 0 827 3077 192 0 0 0
0 96 424 3217 356 3 0 0 0 112 643 2975 362 4 0 0 1 152 1651 2150 141 1 0 0
0 173 471 3132 318 2 0 0 0 208 462 3073 348 5 0 0 7 270 1253 2412 154 0 0 0
0 6 50 2384 1651 5 0 0 0 6 53 2775 1257 5 0 0 0 12 137 3647 299 1 0 0
0 0 0 170 3912 14 0 0 0 0 0 256 3823 17 0 0 0 0 1 2625 1470 0 0 0
0 0 170 1163 2739 24 0 0 0 0 49 904 3003 140 0 0 0 0 12 847 3072 165 0 0
0 0 93 526 174 1752 1485 66 0 0 29 481 228 1556 400 1402 0 0 47 418 341 1539 448 1303
0 169 1095 795 260 33 1705 39 0 121 1074 601 515 39 589 1157 0 204 832 643 595 46 54 1722
0 0 13 372 2007 1444 258 2 0 0 27 501 2176 1213 178 1 0 0 95 1046 2249 668 38 0
0 0 1 74 2687 1188 146 0 0 0 1 126 2803 1067 99 0 0 0 1 1525 1869 658 43 0
0 0 0 0 3994 75 27 0 0 0 0 79 3974 33 10 0 0 0 0 2673 1373 30 20 0
0 55 470 1228 995 1083 140 125 0 7 386 952 1380 1074 193 104 0 7 330 934 1459 1109 175 82
0 0 0 2847 1249 0 0 0 0 0 0 3099 997 0 0 0 0 0 642 3128 326 0 0 0
0 56 145 3869 26 0 0 0 0 66 173 3844 13 0 0 0 0 100 2441 1555 0 0 0 0
0 2002 1538 556 0 0 0 0 0 2210 1436 450 0 0 0 0 81 2650 1234 131 0 0 0 0
0 4083 13 0 0 0 0 0 0 4095 1 0 0 0 0 0 132 3964 0 0 0 0 0 0
0 3706 390 0 0 0 0 0 0 4061 35 0 0 0 0 0 96 4000 0 0 0 0 0 0
0 3035 1061 0 0 0 0 0 0 3745 351 0 0 0 0 0 71 4025 0 0 0 0 0 0
0 551 470 50 1564 1461 0 0 0 770 252 46 1021 1997 10 0 0 872 143 31 940 2059 51 0
2 814 1070 904 875 431 0 0 2 887 950 819 818 616 4 0 4 1100 859 763 737 608 25 0
0 850 1152 1416 649 29 0 0 0 910 1039 1379 739 29 0 0 4 1078 1020 1321 644 29 0 0
0 892 1527 1320 334 23 0 0 0 1323 1185 1224 343 21 0 0 2 1840 1341 670 227 16 0 0
0 63 1569 1950 472 42 0 0 0 220 1771 1614 451 40 0 0 0 942 2140 683 318 13 0 0
0 23 1572 1937 524 40 0 0 0 255 1670 1647 488 36 0 0 0 870 2005 854 354 13 0 0
0 4 1440 2122 504 25 1 0 0 114 1783 1709 465 24 1 0 0 685 2141 951 311 8 0 0
0 0 516 2985 573 22 0 0 0 0 1078 2466 539 13 0 0 0 49 2615 1099 328 5 0 0
0 0 250 3277 554 15 0 0 0 0 1113 2464 505 14 0 0 0 1 2896 889 305 5 0 0
0 0 2212 1436 430 18 0 0 0 0 2893 797 389 17 0 0 0 666 2563 621 236 10 0 0
0 74 975 1355 795 546 271 80 0 54 1225 1074 638 762 262 81 0 260 1077 1061 670 715 240 73
0 0 0 109 298 41 104 3544 0 0 0 81 322 41 103 3549 0 0 0 54 328 59 99 3556
0 0 139 3838 119 0 0 0 0 0 531 3331 234 0 0 0 0 0 2304 1539 253 0 0 0
0 0 3 3761 332 0 0 0 0 0 54 4028 14 0 0 0 0 0 1872 2224 0 0 0 0
0 0 0 3144 952 0 0 0 0 0 14 4002 80 0 0 0 0 0 1578 2518 0 0 0 0
0 0 0 2696 1400 0 0 0 0 0 74 3530 492 0 0 0 0 0 1458 2638 0 0 0 0
0 0 5 2509 1582 0 0 0 0 0 76 3328 692 0 0 0 0 0 1488 2608 0 0 0 0
0 0 1 2737 1358 0 0 0 0 0 2 3911 183 0 0 0 0 0 973 3123 0 0 0 0
0 0 182 1972 1625 317 0 0 0 0 161 1927 1530 478 0 0 0 0 631 1543 1445 477 0 0
0 1 152 1839 1855 246 3 0 0 1 92 1949 1382 666 6 0 0 0 94 2162 989 844 7 0
0 0 0 1761 2333 2 0 0 0 0 0 2263 1829 4 0 0 0 0 0 3101 995 0 0 0
0 0 0 1333 2758 5 0 0 0 0 0 1661 2427 8 0 0 0 0 3 2586 1507 0 0 0
0 0 0 656 3438 2 0 0 0 0 0 977 3115 4 0 0 0 0 0 2218 1878 0 0 0
0 0 0 866 3222 8 0 0 0 0 0 1152 2934 10 0 0 0 0 0 2243 1850 3 0 0
0 0 0 1397 2697 2 0 0 0 0 0 1497 2596 3 0 0 0 0 31 2280 1785 0 0 0
0 20 268 1886 1912 10 0 0 0 41 298 2000 1745 12 0 0 0 106 498 2558 928 6 0 0
0 0 127 1152 2814 3 0 0 0 0 146 1350 2595 5 0 0 0 15 199 2548 1333 1 0 0
0 0 138 1422 2535 1 0 0 0 0 55 983 3054 4 0 0 0 0 25 1113 2952 6 0 0
0 0 136 431 138 1732 1596 63 0 0 47 481 149 1722 525 1172 0 0 73 488 183 1701 370 1281
0 7 837 987 342 332 1549 42 0 4 845 854 388 399 579 1027 0 12 758 744 515 436 142 1489
0 0 7 398 2122 1349 210 10 0 0 8 378 2160 1343 198 9 0 0 14 461 2386 1102 130 3
0 0 26 330 2634 909 195 2 0 0 25 342 2679 878 172 0 0 0 39 1405 1790 789 72 1
0 0 0 0 3990 106 0 0 0 0 0 127 3969 0 0 0 0 0 0 3445 651 0 0 0
0 40 462 1252 1076 1112 114 40 0 5 391 728 1722 1104 115 31 0 10 370 733 1750 1090 107 36
0 0 48 2494 1554 0 0 0 0 1 54 2703 1338 0 0 0 0 32 738 2742 584 0 0 0
0 94 2127 1875 0 0 0 0 0 135 2612 1349 0 0 0 0 6 501 3361 228 0 0 0 0
0 5 2498 1593 0 0 0 0 0 7 3102 987 0 0 0 0 0 196 3820 80 0 0 0 0
0 1215 2767 114 0 0 0 0 0 1964 2083 49 0 0 0 0 4 3647 445 0 0 0 0 0
0 550 3544 2 0 0 0 0 0 1275 2821 0 0 0 0 0 0 3692 404 0 0 0 0 0
0 55 4041 0 0 0 0 0 0 309 3787 0 0 0 0 0 0 3363 733 0 0 0 0 0
0 10 1169 89 1315 1513 0 0 0 26 1169 66 920 1915 0 0 0 567 615 73 875 1935 31 0
0 52 1393 1292 910 441 8 0 0 60 1376 1204 922 463 71 0 0 347 1288 1127 779 443 112 0
0 3 729 2284 1032 48 0 0 0 2 700 2384 960 50 0 0 0 48 1029 2218 757 44 0 0
0 0 8 1599 2417 72 0 0 0 0 9 1959 2055 73 0 0 0 0 270 2972 824 30 0 0
0 0 0 764 3194 138 0 0 0 0 0 1134 2872 90 0 0 0 0 151 2792 1140 13 0 0
0 0 0 242 3689 165 0 0 0 0 0 645 3366 85 0 0 0 0 19 2812 1240 25 0 0
0 0 0 314 3649 133 0 0 0 0 0 821 3230 45 0 0 0 0 8 3074 1005 9 0 0
0 0 0 899 3127 70 0 0 0 0 0 1361 2696 39 0 0 0 0 139 3071 878 8 0 0
0 0 15 2385 1673 23 0 0 0 0 144 2661 1273 18 0 0 0 0 1294 2277 517 8 0 0
0 1 1159 2164 733 39 0 0 0 3 1896 1578 590 29 0 0 0 260 2616 876 328 16 0 0
0 31 1023 1358 963 539 177 5 0 29 1235 1117 847 699 164 5 0 269 1151 1063 893 595 122 3
0 0 0 118 215 25 168 3570 0 0 0 79 246 25 145 3601 0 0 0 51 250 50 160 3585
0 0 106 1567 2046 116 221 40 0 0 98 2087 1519 108 225 59 0 0 140 3073 548 106 199 30
0 0 5 383 3212 175 316 5 0 0 1 1266 2322 149 348 10 0 0 3 3019 616 140 301 17
0 0 0 180 3354 223 317 22 0 0 0 312 3205 207 335 37 0 0 0 2282 1270 188 343 13
0 0 4 185 3013 547 310 37 0 0 0 274 3201 246 322 53 0 0 1 1686 1826 207 367 9
0 0 0 341 2642 825 279 9 0 0 0 271 3094 394 318 19 0 0 0 1515 2022 228 320 11
0 0 10 499 3007 359 220 1 0 0 17 622 2870 313 270 4 0 0 21 1787 1730 323 229 6
0 6 217 1070 2080 460 261 2 0 1 257 1061 1886 585 297 9 0 0 279 1396 1479 630 305 7
0 0 86 675 2646 470 218 1 0 0 129 575 2483 615 291 3 0 0 152 1039 1877 742 286 0
0 0 9 455 3052 307 273 0 0 0 19 378 3092 292 314 1 0 0 31 510 2987 287 277 4
0 0 65 1098 1967 821 145 0 0 0 341 768 2116 642 229 0 0 0 654 409 2254 558 220 1
0 0 37 1577 1581 801 100 0 0 0 130 1439 1703 638 186 0 0 0 946 576 1975 471 128 0
0 0 25 1858 1582 582 49 0 0 0 159 1665 1642 500 130 0 0 0 1275 506 1799 426 90 0
0 0 18 2198 1373 396 111 0 0 0 72 2044 1412 359 209 0 0 0 1386 687 1471 435 117 0
0 0 1 999 2586 430 80 0 0 0 7 865 2654 448 122 0 0 0 378 648 2631 348 91 0
0 0 23 437 2643 906 87 0 0 0 34 337 2677 814 234 0 0 1 62 1142 2037 719 135 0
0 57 348 1263 1376 989 63 0 0 104 361 1266 1270 911 184 0 0 199 528 1415 1098 704 152 0
0 0 84 496 527 1290 1650 49 0 0 120 438 508 1242 861 927 0 0 219 481 649 1094 605 1048
0 160 880 1021 290 293 1425 27 0 167 941 937 275 315 808 653 0 333 854 766 362 342 400 1039
0 0 29 731 2095 997 241 3 0 0 30 677 2136 1028 219 6 0 0 37 779 2271 885 122 2
0 2 105 846 2134 721 262 26 0 0 83 822 2237 714 222 18 0 0 98 1551 1679 672 96 0
0 0 0 0 4007 79 10 0 0 0 0 181 3892 19 4 0 0 0 0 3480 602 11 3 0
0 41 429 1134 1399 982 111 0 0 13 349 921 1657 1055 101 0 0 10 340 1001 1632 1012 101 0
0 1 336 2150 1151 457 1 0 0 16 532 2132 952 463 1 0 0 100 1234 1778 543 441 0 0
0 0 81 2993 533 489 0 0 0 0 570 2579 451 496 0 0 0 0 2186 1024 388 497 1 0
0 0 506 2747 339 496 8 0 0 0 1184 2060 331 512 9 0 0 40 2450 751 333 514 8 0
0 0 1257 2016 327 479 17 0 0 0 2385 872 324 499 16 0 0 202 2700 352 331 505 6 0
0 0 620 2663 293 432 88 0 0 0 2116 1161 294 442 83 0 0 42 2867 361 302 471 53 0
0 0 1287 1988 291 370 160 0 0 0 2743 534 280 364 175 0 0 53 2867 325 297 403 151 0
0 41 1045 737 1053 1084 136 0 0 81 1237 509 873 1257 139 0 0 159 1149 472 862 1305 149 0
0 71 1121 1044 1035 674 151 0 0 81 1169 951 987 739 169 0 0 190 1185 877 925 770 149 0
0 0 301 1475 1745 427 148 0 0 0 638 1275 1597 479 107 0 0 1 1019 1632 887 500 57 0
0 0 9 827 2309 731 220 0 0 0 13 911 2201 704 263 4 0 0 99 1303 1787 638 260 9
0 0 0 309 3112 435 240 0 0 0 0 601 2839 433 223 0 0 0 3 1630 1853 435 175 0
0 0 0 44 3162 601 289 0 0 0 0 163 3109 559 265 0 0 0 1 1187 2257 402 249 0
0 0 0 61 2928 827 280 0 0 0 0 142 2958 768 228 0 0 0 0 1193 2133 542 228 0
0 0 1 137 2703 911 344 0 0 0 2 451 2464 991 188 0 0 0 11 2041 1181 727 136 0
0 0 1 158 2181 1044 712 0 0 0 2 381 1961 1147 605 0 0 0 11 1624 1028 980 453 0
0 0 0 231 2175 809 881 0 0 0 0 594 1861 1050 591 0 0 0 27 1845 849 1084 291 0
0 0 20 1451 1240 866 493 26 0 0 23 1735 1080 964 292 2 0 0 224 2013 958 746 155 0
0 0 35 113 39 120 827 2962 0 0 43 100 46 164 773 2970 0 0 41 100 91 221 804 2839
0 0 25 531 2307 1090 98 45 0 0 21 886 2130 905 133 21 0 0 121 1958 1513 353 132 19
0 0 7 298 2324 1458 9 0 0 0 58 504 2371 1158 5 0 0 0 174 938 2119 845 20 0
0 0 364 1535 1356 825 16 0 0 0 947 1442 1134 573 0 0 0 4 1500 1254 1006 332 0 0
0 0 607 1999 1132 336 22 0 0 0 1258 2074 467 294 3 0 0 25 2172 1390 398 111 0 0
0 0 592 2113 954 394 43 0 0 0 1087 2267 371 366 5 0 0 58 2316 1237 256 229 0 0
0 0 672 1374 1159 604 287 0 0 0 1312 1386 585 783 30 0 0 20 1946 1182 383 565 0 0
0 18 1187 494 1225 968 204 0 0 143 1155 992 766 959 81 0 0 636 932 1257 669 599 3 0
0 2 647 1236 948 1005 249 9 0 5 838 1466 663 931 192 1 0 86 1239 1408 806 469 88 0
0 0 484 1677 1048 514 339 34 0 0 710 2019 581 477 285 24 0 1 1721 1435 474 349 116 0
0 0 284 2035 855 246 370 306 0 0 543 2340 328 250 346 289 0 0 1711 1482 210 288 302 103
0 0 31 1895 988 227 364 591 0 0 195 2247 518 228 326 582 0 0 1467 1431 225 289 294 390
0 0 7 1713 1020 194 308 854 0 0 16 2207 520 223 276 854 0 1 1380 1284 218 316 240 657
0 0 12 1474 1029 273 431 877 0 0 23 1921 607 268 437 840 0 6 1047 1383 273 401 371 615
0 0 0 1107 946 258 384 1401 0 0 0 1350 732 259 330 1425 0 0 686 1299 268 319 298 1226
0 0 0 1029 590 425 362 1690 0 0 0 1154 490 436 319 1697 0 0 472 971 387 495 286 1485
0 0 0 274 933 633 345 1911 0 0 0 474 801 575 295 1951 0 0 38 844 573 625 245 1771
0 0 0 99 399 358 1061 2179 0 0 0 126 385 358 982 2245 0 0 16 232 376 461 976 2035
0 0 0 185 500 512 584 2315 0 0 0 213 478 523 476 2406 0 0 11 299 499 622 462 2203
