0 0 3 375 707 72 101 2838 0 256 787 41 32 98 45 2837 0 803 276 28 66 65 33 2825
0 0 36 766 794 121 112 2267 0 770 686 138 75 119 44 2264 23 1223 324 71 89 86 29 2251
0 0 41 784 874 212 488 1697 0 884 605 213 132 232 347 1683 43 1271 313 163 151 304 179 1672
0 0 39 793 831 271 724 1438 4 621 853 230 136 248 689 1315 21 1187 395 193 167 387 617 1129
0 0 15 789 888 262 804 1338 1 568 934 251 123 267 748 1204 29 1101 492 223 149 384 801 917
0 0 10 661 1001 261 710 1453 0 546 954 228 144 216 735 1273 25 985 612 213 143 346 761 1011
0 0 0 356 859 302 690 1889 0 262 771 259 164 160 728 1752 5 513 680 219 126 290 822 1441
0 0 0 250 482 212 904 2248 0 103 384 263 198 153 824 2171 0 186 464 176 198 304 934 1834
0 0 0 65 276 136 694 2925 0 0 95 221 107 158 793 2722 0 11 231 135 123 278 874 2444
0 0 0 0 7 44 628 3417 0 0 0 4 27 68 700 3297 0 0 0 18 36 222 792 3028
0 0 0 0 0 0 256 3840 0 0 0 0 0 0 316 3780 0 0 0 0 0 18 627 3451
0 0 0 0 0 0 210 3886 0 0 0 0 0 0 210 3886 0 0 0 0 0 1 341 3754
0 0 0 0 0 0 94 4002 0 0 0 0 0 0 80 4016 0 0 0 0 0 0 210 3886
0 0 0 0 0 0 69 4027 0 0 0 0 0 0 51 4045 0 0 0 0 0 0 136 3960
0 0 0 0 0 0 62 4034 0 0 0 0 0 0 56 4040 0 0 0 0 0 0 127 3969
0 0 0 0 0 0 57 4039 0 0 0 0 0 0 50 4046 0 0 0 0 0 0 125 3971
0 0 0 0 0 0 40 4056 0 0 0 0 0 0 33 4063 0 0 0 0 0 0 121 3975
0 0 0 0 0 0 52 4044 0 0 0 0 0 0 35 4061 0 0 0 0 0 0 128 3968
0 0 0 0 0 0 50 4046 0 0 0 0 0 0 40 4056 0 0 0 0 0 0 117 3979
0 0 0 0 0 0 36 4060 0 0 0 0 0 0 21 4075 0 0 0 0 0 0 116 3980
0 0 0 0 0 0 4 4092 0 0 0 0 0 0 2 4094 0 0 0 0 0 0 38 4058
0 0 0 0 0 0 6 4090 0 0 0 0 0 0 6 4090 0 0 0 0 0 0 42 4054
0 0 0 0 0 0 1 4095 0 0 0 0 0 0 1 4095 0 0 0 0 0 0 27 4069
0 0 0 0 0 0 0 4096 0 0 0 0 0 0 0 4096 0 0 0 0 0 0 22 4074
0 0 0 0 0 0 0 4096 0 0 0 0 0 0 0 4096 0 0 0 0 0 0 2 4094
0 0 0 0 0 0 0 4096 0 0 0 0 0 0 0 4096 0 0 0 0 0 0 0 4096
0 0 0 371 202 138 756 2629 0 45 341 176 107 132 783 2512 0 203 313 115 90 253 919 2203
0 0 0 23 68 99 917 2989 0 0 17 56 73 131 953 2866 0 9 56 51 82 272 1079 2547
0 0 0 0 0 0 390 3706 0 0 0 0 0 2 525 3569 0 0 0 0 0 45 777 3274
0 0 0 0 0 0 154 3942 0 0 0 0 0 0 159 3937 0 0 0 0 0 0 331 3765
0 0 0 0 0 0 283 3813 0 0 0 0 0 0 273 3823 0 0 0 0 0 0 400 3696
0 0 0 0 0 0 113 3983 0 0 0 0 0 0 107 3989 0 0 0 0 0 1 198 3897
0 0 0 0 25 58 715 3298 0 0 0 1 33 74 1185 2803 0 0 0 13 39 406 1228 2410
0 0 0 0 0 0 165 3931 0 0 0 0 0 0 187 3909 0 0 0 0 0 0 419 3677
0 0 0 0 0 0 16 4080 0 0 0 0 0 0 23 4073 0 0 0 0 0 0 80 4016
0 0 0 0 0 0 69 4027 0 0 0 0 0 0 54 4042 0 0 0 0 0 0 154 3942
60 33 76 156 174 384 520 2693 60 27 80 148 169 369 548 2695 69 39 193 37 266 346 548 2598
0 0 357 1206 40 203 374 1916 0 0 927 620 45 207 385 1912 0 102 1423 36 52 226 429 1828
3 120 1092 855 269 352 420 985 8 172 1503 368 242 333 416 1054 63 780 1061 229 201 355 419 988
183 287 273 547 410 153 188 2055 204 318 297 522 334 143 180 2098 337 388 462 390 161 142 183 2033
0 0 0 174 524 121 235 3042 0 0 0 224 454 84 243 3091 0 0 90 481 152 98 257 3018
0 0 0 1 13 13 140 3929 0 0 0 0 11 9 124 3952 0 0 0 9 6 12 250 3819
0 0 0 0 0 0 1 4095 0 0 0 0 0 0 1 4095 0 0 0 0 0 0 29 4067
0 0 0 0 0 0 0 4096 0 0 0 0 0 0 0 4096 0 0 0 0 0 0 44 4052
0 0 0 0 0 0 0 4096 0 0 0 0 0 0 1 4095 0 0 0 0 0 0 12 4084
0 0 0 0 0 0 0 4096 0 0 0 0 0 0 0 4096 0 0 0 0 0 0 12 4084
0 0 0 0 0 0 0 4096 0 0 0 0 0 0 0 4096 0 0 0 0 0 0 0 4096
0 0 0 0 0 0 0 4096 0 0 0 0 0 0 0 4096 0 0 0 0 0 0 3 4093
0 0 0 0 0 0 0 4096 0 0 0 0 0 0 0 4096 0 0 0 0 0 0 0 4096
0 0 0 0 0 0 0 4096 0 0 0 0 0 0 0 4096 0 0 0 0 0 0 1 4095
0 0 0 0 0 0 4 4092 0 0 0 0 0 0 4 4092 0 0 0 0 0 0 5 4091
0 0 0 0 0 0 6 4090 0 0 0 0 0 0 6 4090 0 0 0 0 0 0 6 4090
0 0 0 0 0 0 51 4045 0 0 0 0 0 0 46 4050 0 0 0 0 0 0 179 3917
0 0 0 0 0 0 66 4030 0 0 0 0 0 0 77 4019 0 0 0 0 0 0 204 3892
0 0 0 0 0 0 42 4054 0 0 0 0 0 0 54 4042 0 0 0 0 0 0 131 3965
0 0 0 0 0 0 0 4096 0 0 0 0 0 0 0 4096 0 0 0 0 0 0 37 4059
0 0 0 0 0 0 14 4082 0 0 0 0 0 0 12 4084 0 0 0 0 0 0 183 3913
0 0 0 0 0 0 53 4043 0 0 0 0 0 0 45 4051 0 0 0 0 0 0 157 3939
0 0 0 0 0 0 217 3879 0 0 0 0 0 0 422 3674 0 0 0 0 0 15 693 3388
4 3 3 8 4 6 50 4018 1 6 2 8 5 3 38 4033 3 4 3 7 5 3 367 3704
0 26 159 208 367 42 93 3201 0 69 145 204 325 55 73 3225 29 165 189 349 56 28 133 3147
0 16 146 2035 401 56 550 892 0 41 132 2290 129 52 467 985 12 101 1917 550 30 76 648 762
41 28 205 3728 28 21 37 8 35 35 578 3358 23 20 35 12 54 148 3758 57 20 24 31 4
400 276 997 2256 152 15 0 0 493 233 1663 1624 76 7 0 0 619 978 2427 59 13 0 0 0
481 402 1599 989 517 108 0 0 534 558 1773 773 391 67 0 0 786 1632 1090 452 136 0 0 0
202 496 1219 1287 662 230 0 0 260 714 1130 1338 509 145 0 0 579 1254 1374 686 203 0 0 0
238 344 644 704 929 1227 10 0 284 397 649 762 927 1077 0 0 502 601 730 887 1327 49 0 0
297 175 206 250 1087 734 309 1038 347 149 265 214 1167 611 283 1060 418 209 235 585 1122 263 296 968
32 71 32 161 276 409 775 2340 61 49 28 160 247 394 852 2305 71 47 39 224 339 301 1097 1978
0 0 0 1 116 464 1204 2311 0 0 0 2 97 382 1308 2307 0 0 0 35 208 427 1465 1961
0 0 0 0 0 12 866 3218 0 0 0 0 0 4 825 3267 0 0 0 0 0 27 1130 2939
0 9 8 9 9 10 293 3758 0 11 7 8 9 10 262 3789 0 11 7 9 11 12 362 3684
0 0 0 0 0 0 6 4090 0 0 0 0 0 0 6 4090 0 0 0 0 0 0 8 4088
0 0 0 0 0 0 4 4092 0 0 0 0 0 0 4 4092 0 0 0 0 0 0 6 4090
0 0 0 0 0 0 9 4087 0 0 0 0 0 0 9 4087 0 0 0 0 0 0 10 4086
0 0 0 0 0 0 5 4091 0 0 0 0 0 0 5 4091 0 0 0 0 0 0 6 4090
0 0 0 0 0 0 0 4096 0 0 0 0 0 0 0 4096 0 0 0 0 0 0 0 4096
0 0 0 0 0 0 0 4096 0 0 0 0 0 0 0 4096 0 0 0 0 0 0 0 4096
0 0 0 0 0 0 2 4094 0 0 0 0 0 0 3 4093 0 0 0 0 0 0 58 4038
0 0 0 0 0 0 0 4096 0 0 0 0 0 0 1 4095 0 0 0 0 0 0 31 4065
0 0 0 0 0 0 3 4093 0 0 0 0 0 0 0 4096 0 0 0 0 0 0 85 4011
0 0 0 0 0 0 0 4096 0 0 0 0 0 0 0 4096 0 0 0 0 0 0 1 4095
0 0 0 0 0 0 13 4083 0 0 0 0 0 0 10 4086 0 0 0 0 0 0 106 3990
0 0 0 0 0 0 9 4087 0 0 0 0 0 0 18 4078 0 0 0 0 0 0 102 3994
0 42 185 140 297 286 115 3031 0 120 148 109 282 297 107 3033 54 180 134 246 294 97 130 2961
98 127 313 372 1269 989 76 852 94 225 333 388 1420 727 50 859 196 333 371 969 1266 79 62 820
69 33 121 280 3272 317 2 2 73 70 113 402 3281 151 4 2 103 132 236 3088 531 2 2 2
365 230 137 1542 1805 17 0 0 415 199 185 2074 1219 4 0 0 553 260 1488 1779 16 0 0 0
396 275 411 1505 1390 119 0 0 465 235 628 1502 1214 52 0 0 595 586 1466 1289 160 0 0 0
219 156 483 1040 1792 406 0 0 285 123 646 1213 1640 189 0 0 359 556 960 1814 407 0 0 0
491 308 448 866 1281 691 7 4 559 284 478 980 1204 587 2 2 709 451 869 1250 798 15 2 2
452 250 288 499 609 965 100 933 509 257 284 528 699 794 111 914 646 317 484 582 993 51 144 879
299 138 126 227 198 127 348 2633 347 106 186 215 177 102 372 2591 406 134 257 173 141 84 532 2369
0 0 2 2 1 2 812 3277 0 1 2 1 2 15 1169 2906 0 1 2 1 2 318 1709 2063
0 0 0 0 0 44 1967 2085 0 0 0 0 0 96 2519 1481 0 0 0 0 54 1089 2336 617
0 0 0 29 158 120 2873 916 0 0 0 58 128 189 3189 532 0 0 1 133 144 1869 1905 44
0 3 43 298 348 371 2557 476 0 26 63 287 299 296 2830 295 2 38 165 339 253 1492 1586 221
43 66 132 225 268 240 2309 813 61 86 123 205 223 219 2483 696 72 101 194 200 210 410 2301 608
0 0 45 442 445 142 1476 1546 0 16 66 396 416 145 1534 1523 0 24 173 557 206 119 1499 1518
0 16 16 35 63 112 1226 2628 1 16 16 33 46 76 1122 2786 2 15 19 38 59 99 1276 2588
0 0 0 0 0 0 661 3435 0 0 0 0 0 0 656 3440 0 0 0 0 0 1 754 3341
0 0 0 0 0 0 4 4092 0 0 0 0 0 0 3 4093 0 0 0 0 0 0 8 4088
0 0 0 0 0 0 0 4096 0 0 0 0 0 0 0 4096 0 0 0 0 0 0 0 4096
0 0 0 0 0 0 0 4096 0 0 0 0 0 0 0 4096 0 0 0 0 0 0 2 4094
0 0 0 0 3 452 639 3002 0 0 212 83 141 708 38 2914 0 31 245 330 525 24 57 2884
0 0 0 0 6 418 960 2712 0 2 182 112 155 809 230 2606 0 19 244 307 689 207 43 2587
0 0 0 0 1 354 1394 2347 0 0 51 246 154 838 566 2241 0 0 245 308 740 472 130 2201
0 0 0 0 0 271 1547 2278 0 0 16 213 203 888 626 2150 0 0 93 435 754 518 162 2134
0 0 106 248 459 253 468 2562 0 1 170 345 576 384 172 2448 0 134 233 628 399 137 192 2373
69 76 391 836 1497 300 115 812 89 133 483 1322 896 230 118 825 117 477 866 1367 287 91 94 797
64 85 213 272 1189 2224 49 0 80 127 222 274 1457 1905 31 0 127 232 226 824 2582 104 1 0
258 206 131 360 1012 2119 10 0 301 194 183 384 1240 1792 2 0 416 237 372 577 2482 12 0 0
201 184 224 529 1118 1839 1 0 264 158 256 597 1141 1680 0 0 352 262 604 655 2218 5 0 0
229 234 161 415 1404 1638 15 0 299 180 177 462 1753 1220 5 0 412 219 423 1206 1803 33 0 0
667 393 345 521 1442 628 15 85 767 336 385 529 1638 353 8 80 952 453 496 1387 703 19 6 80
431 397 309 361 813 346 65 1374 545 331 298 395 902 191 75 1359 696 380 415 747 412 12 94 1340
213 194 91 131 137 40 220 3070 290 143 85 174 109 14 334 2947 348 138 169 129 18 31 853 2410
0 0 0 0 0 2 1147 2947 0 0 0 0 0 12 1648 2436 0 0 0 0 2 364 2213 1517
0 0 0 0 4 302 2327 1463 0 0 0 0 34 373 2835 854 0 0 0 1 272 1655 1982 186
0 0 0 0 158 612 3052 274 0 0 0 0 234 828 2958 76 0 0 0 210 762 2376 748 0
0 0 0 1 245 1414 2393 43 0 0 0 2 379 1876 1836 3 0 0 2 368 1949 1739 38 0
0 0 0 0 369 2314 1412 1 0 0 0 1 559 2667 869 0 0 0 0 567 2636 892 1 0
0 0 0 0 258 2450 1388 0 0 0 0 0 388 2684 1024 0 0 0 0 318 2455 1323 0 0
0 0 0 0 15 1697 2360 24 0 0 0 0 46 1891 2159 0 0 0 0 15 1599 2299 183 0
0 0 0 105 65 444 3338 144 0 0 0 131 45 660 3207 53 0 0 45 110 333 2516 1084 8
0 0 0 457 602 182 2651 204 0 0 0 486 588 182 2704 136 0 0 15 913 210 1690 1199 69
34 33 67 562 376 214 2429 381 41 27 71 526 382 216 2423 410 43 31 146 672 211 516 2022 455
21 30 61 256 684 253 1995 796 22 32 49 184 715 261 1901 932 21 33 67 564 394 227 2006 784
0 11 8 70 250 175 1953 1629 0 9 10 54 233 160 1936 1694 3 9 11 85 234 175 1976 1603
0 0 0 0 0 7 679 3410 0 0 0 0 0 7 654 3435 0 0 0 0 0 6 797 3293
0 0 0 0 0 45 1406 2645 0 0 0 0 0 178 1350 2568 0 0 0 0 105 871 1040 2080
0 9 15 7 13 6 1146 2900 0 6 18 6 15 50 1189 2812 3 13 13 15 1 683 1079 2289
406 253 39 45 313 93 829 2118 426 232 37 36 288 146 893 2038 577 106 44 295 98 464 945 1567
873 682 506 525 413 97 303 697 954 646 540 442 409 95 360 650 1358 645 496 458 90 135 386 528
788 839 786 885 671 126 1 0 880 916 890 766 571 71 2 0 1334 962 935 685 178 1 1 0
714 808 846 1249 383 11 33 52 782 949 985 1049 239 26 22 44 1164 1128 1295 395 27 13 27 47
944 802 714 818 530 63 37 188 1037 849 740 802 411 39 46 172 1447 899 956 489 63 41 24 177
642 665 915 540 802 149 52 331 658 693 995 454 785 118 69 324 980 1013 634 853 168 100 23 325
463 566 1146 460 531 326 62 542 543 519 1245 379 541 257 87 525 776 989 816 560 285 96 49 525
589 483 577 340 240 245 258 1364 660 441 571 362 264 192 280 1326 859 620 442 317 121 228 234 1275
55 40 52 39 74 216 453 3167 71 57 40 37 124 147 502 3118 94 58 38 114 70 206 764 2752
0 0 0 0 6 50 1417 2623 0 0 0 0 6 78 1876 2136 0 0 0 0 13 703 2203 1177
0 9 127 289 264 383 1488 1536 0 10 135 286 259 375 1934 1097 0 31 235 294 289 828 1758 661
0 26 329 417 361 675 1600 688 0 21 352 430 397 708 1570 618 1 156 457 444 556 1457 536 489
5 217 463 402 540 832 1059 578 5 250 448 439 589 794 1003 568 66 481 454 550 727 1102 194 522
6 173 445 584 816 830 645 597 6 244 431 620 824 924 468 579 102 467 625 796 904 501 168 533
0 73 411 651 1218 797 393 553 0 114 427 751 1148 722 384 550 41 392 709 1209 735 358 134 518
0 0 7 88 1847 1039 423 692 0 0 7 172 2218 599 396 704 0 6 133 2280 479 309 238 651
0 0 1 117 2355 897 189 537 0 0 0 143 2737 460 231 525 0 0 116 2475 658 245 83 519
0 0 0 73 1566 1593 301 563 0 0 0 74 1933 1195 320 574 0 0 34 1440 1526 335 210 551
0 0 0 63 763 2243 372 655 0 0 0 25 934 2082 395 660 0 0 0 613 2176 494 179 634
0 0 1 20 364 1654 1327 730 0 0 1 26 409 1845 1090 725 0 0 3 231 1252 1702 198 710
0 0 0 0 190 1025 2076 805 0 0 0 1 182 1029 2060 824 0 0 0 32 749 2222 288 805
0 0 0 0 102 637 2411 946 0 0 0 0 110 668 2410 908 0 0 0 11 355 1421 1397 912
0 0 0 42 314 574 2279 887 0 0 0 34 284 551 2347 880 0 0 0 88 461 943 1674 930
0 76 167 225 347 408 1419 1454 0 77 178 211 303 371 1414 1542 1 129 154 232 382 374 1194 1630
0 0 0 0 0 0 18 4078 0 0 0 0 0 0 13 4083 0 0 0 0 0 0 18 4078
52 445 512 287 375 588 462 1375 51 525 440 262 372 463 589 1394 147 674 281 372 425 475 423 1299
51 842 518 398 218 385 504 1180 61 898 531 356 197 345 550 1158 305 944 412 268 251 399 447 1070
63 963 298 250 199 275 541 1507 56 1047 254 270 143 262 585 1479 369 837 273 216 192 321 488 1400
16 679 308 137 158 370 540 1888 42 766 219 130 152 325 598 1864 183 702 167 156 240 371 519 1758
10 319 213 156 191 545 919 1743 48 335 173 157 187 476 957 1763 103 377 161 175 314 601 739 1626
0 70 190 196 407 618 672 1943 0 206 400 340 302 535 638 1675 33 300 444 326 312 609 477 1595
0 0 3 13 83 264 743 2990 0 1 2 18 90 273 752 2960 0 1 6 73 73 424 731 2788
0 0 4 11 82 308 853 2838 0 0 5 26 85 318 880 2782 0 0 8 79 62 467 908 2572
0 8 7 58 130 333 913 2647 1 8 6 75 131 326 913 2636 5 6 35 123 143 536 814 2434
0 0 0 32 105 447 1379 2133 0 0 0 43 102 434 1543 1974 0 0 10 89 235 891 1565 1306
0 0 14 33 103 686 2297 963 0 0 9 32 111 602 2432 910 0 1 20 38 389 1702 1266 680
0 0 28 174 516 1044 2014 320 0 0 23 161 530 1291 1774 317 0 2 106 385 1060 1925 434 184
0 0 4 175 899 1768 1070 180 0 0 2 213 973 1850 898 160 0 1 135 890 1779 966 284 41
0 41 249 685 1438 1087 469 127 0 39 262 722 1442 1055 460 116 13 193 634 1443 1123 455 221 14
0 1 191 972 1545 816 414 157 0 2 215 1070 1500 753 410 146 0 158 962 1495 843 376 207 55
0 2 223 1198 1596 586 334 157 0 1 256 1312 1481 554 326 166 0 171 1241 1565 536 318 218 47
0 0 1 301 1951 550 783 510 0 0 0 338 1934 487 755 582 0 0 197 1981 431 406 804 277
0 0 7 258 2115 681 356 679 0 0 6 254 2142 651 361 682 0 1 141 2176 525 418 265 570
0 0 2 219 2270 580 365 660 0 0 5 212 2293 514 400 672 0 0 131 2298 463 408 232 564
0 0 1 123 2370 635 364 603 0 0 2 104 2445 528 402 615 0 0 73 2311 570 387 244 511
0 0 0 91 2266 895 336 508 0 0 1 93 2282 836 362 522 0 0 61 1870 1128 371 235 431
0 0 1 77 1107 2112 377 422 0 0 1 72 1127 2065 401 430 0 0 60 626 2397 403 268 342
0 0 0 75 236 2952 473 360 0 0 0 73 209 2962 484 368 0 1 63 94 2795 609 263 271
0 0 2 90 123 1742 1658 481 0 0 1 99 106 1440 1957 493 0 0 60 102 659 2463 428 384
131 151 228 599 584 881 1388 134 126 132 196 569 593 630 1657 193 173 144 382 603 531 1139 1003 121
0 0 0 0 0 0 215 3881 0 0 0 0 0 0 235 3861 0 0 0 0 0 1 271 3824
1 7 19 113 312 638 859 2147 2 7 18 105 272 504 1035 2153 2 8 24 151 401 684 757 2069
0 0 0 0 2 13 356 3725 0 0 0 0 2 15 364 3715 0 0 0 0 2 24 395 3675
1 2 4 18 22 36 337 3676 1 2 8 17 20 36 341 3671 1 2 7 19 22 42 377 3626
0 0 3 4 5 26 344 3714 0 1 2 5 4 24 349 3711 0 1 3 5 3 37 393 3654
0 1 62 147 182 493 1188 2023 0 5 69 135 172 369 1271 2075 0 18 105 130 232 635 1102 1874
0 0 43 176 461 654 656 2106 0 208 588 359 269 468 520 1684 39 312 643 288 308 470 438 1598
0 0 0 0 0 0 516 3580 0 0 0 0 0 1 536 3559 0 0 0 0 0 8 765 3323
0 0 0 0 0 0 712 3384 0 0 0 0 0 0 753 3343 0 0 0 0 0 18 1078 3000
0 0 0 70 102 193 990 2741 0 0 0 66 98 193 1035 2704 0 0 46 74 132 446 1000 2398
0 0 0 0 8 264 1379 2445 0 0 0 0 11 289 1510 2286 0 0 0 1 183 703 2341 868
0 0 24 111 236 1025 2562 138 0 0 3 104 214 782 2810 183 0 0 54 168 556 1577 1691 50
0 0 35 190 663 1121 1875 212 0 0 17 156 651 1242 1810 220 0 0 91 543 932 2073 363 94
0 0 0 98 735 1827 1307 129 0 0 0 103 758 1943 1176 116 0 0 56 635 1716 1383 288 18
0 9 122 479 1226 1392 770 98 0 7 120 482 1229 1413 746 99 2 77 399 1128 1450 811 221 8
0 9 169 695 1468 1149 500 106 0 6 177 716 1498 1098 498 103 2 115 607 1472 1167 495 215 23
0 0 157 758 1732 932 402 115 0 0 149 772 1732 944 374 125 0 79 631 1810 983 340 228 25
0 0 15 121 1320 883 1060 697 0 0 8 117 1213 903 1016 839 0 2 34 1116 881 540 986 537
0 0 2 111 2095 1004 571 313 0 0 1 106 2112 951 591 335 0 0 52 1745 1184 457 531 127
0 0 0 36 2015 1525 384 136 0 0 0 34 2074 1459 389 140 0 0 1 1878 1598 350 235 34
0 0 0 5 1648 1951 361 131 0 0 0 4 1693 1903 361 135 0 0 0 1303 2178 348 231 36
0 0 0 1 992 2586 398 119 0 0 0 1 973 2570 428 124 0 0 0 546 2893 409 226 22
0 0 0 0 526 3075 368 127 0 0 0 0 417 3152 385 142 0 0 0 114 3335 368 236 43
0 0 0 0 107 3419 429 141 0 0 0 0 80 3392 468 156 0 0 0 7 2816 964 270 39
0 0 0 0 10 2706 1062 318 0 0 0 0 9 1929 1824 334 0 0 0 0 520 3016 344 216
0 0 156 452 573 1130 1558 227 0 0 74 400 545 783 2004 290 0 2 253 432 578 1720 888 223
0 0 0 0 0 0 93 4003 0 0 0 0 0 0 104 3992 0 0 0 0 0 0 127 3969
0 0 0 68 309 802 760 2157 0 0 0 61 293 564 1029 2149 0 0 0 103 490 784 639 2080
0 1 7 37 140 186 374 3351 0 0 7 24 141 171 403 3350 0 1 7 43 173 162 401 3309
0 0 0 0 0 2 324 3770 0 0 0 0 0 2 324 3770 0 0 0 0 0 11 375 3710
0 0 0 0 0 4 288 3804 0 0 0 0 0 5 289 3802 0 0 0 0 0 8 342 3746
0 7 76 163 152 642 1097 1959 0 12 76 174 130 414 1325 1965 0 36 111 170 272 909 728 1870
0 0 17 170 507 647 695 2060 2 222 488 396 252 510 658 1568 48 252 612 309 280 566 564 1465
0 0 0 0 0 3 574 3519 0 0 0 0 0 3 606 3487 0 0 0 0 0 20 830 3246
0 0 0 0 0 0 628 3468 0 0 0 0 0 1 650 3445 0 0 0 0 0 26 919 3151
0 0 0 15 55 175 1043 2808 0 0 0 22 47 181 1058 2788 0 0 3 50 91 405 1132 2415
0 0 0 0 3 194 1125 2774 0 0 0 0 4 223 1268 2601 0 0 0 0 127 504 2390 1075
0 0 9 121 194 904 2495 373 0 0 4 93 188 712 2885 214 0 0 36 155 528 1609 1740 28
0 0 24 166 458 940 2205 303 0 0 9 148 458 821 2330 330 0 0 71 304 585 2430 593 113
0 0 0 40 422 1253 2253 128 0 0 0 35 428 1204 2292 137 0 0 13 302 970 2467 323 21
0 0 16 229 921 1544 1264 122 0 0 13 216 910 1523 1297 137 0 5 157 723 1417 1472 291 31
0 10 128 469 1154 1368 818 149 0 3 125 468 1181 1351 802 166 1 80 361 1069 1292 977 272 44
0 0 61 491 1414 1364 611 155 0 0 64 485 1415 1347 614 171 0 30 334 1299 1427 683 291 32
0 0 14 119 659 2129 993 182 0 0 4 107 609 2075 999 302 0 0 81 482 1953 813 756 11
0 0 2 86 797 2467 565 179 0 0 1 71 687 2547 602 188 0 0 54 437 2623 559 321 102
0 0 0 2 392 3132 419 151 0 0 0 2 365 3143 425 161 0 0 0 184 3186 428 265 33
0 0 0 0 211 3353 417 115 0 0 0 0 200 3335 436 125 0 0 0 54 3331 466 210 35
0 0 0 0 125 3426 408 137 0 0 0 0 92 3430 421 153 0 0 0 12 3225 579 252 28
0 0 0 0 58 3485 433 120 0 0 0 0 36 3389 531 140 0 0 0 5 2533 1271 232 55
0 0 0 0 9 2572 807 708 0 0 0 0 8 2134 1235 719 0 0 0 0 517 2623 332 624
0 0 0 0 28 2126 1709 233 0 0 0 0 18 1052 2766 260 0 0 0 0 101 3514 361 120
0 0 160 483 678 1309 1466 0 0 0 69 442 654 877 2000 54 0 10 281 496 738 2013 558 0
0 0 0 0 0 0 72 4024 0 0 0 0 0 0 91 4005 0 0 0 0 0 0 115 3981
0 0 8 108 335 641 719 2285 0 0 6 102 329 503 860 2296 0 0 16 165 415 691 617 2192
0 0 0 0 0 26 335 3735 0 0 0 0 1 26 348 3721 0 0 0 0 8 39 380 3669
0 0 0 0 0 0 275 3821 0 0 0 0 0 0 290 3806 0 0 0 0 0 0 328 3768
0 0 0 0 0 2 284 3810 0 0 0 0 0 2 295 3799 0 0 0 0 0 4 337 3755
0 1 56 150 135 586 1160 2008 0 1 62 154 122 399 1329 2029 0 10 115 145 257 948 717 1904
0 0 6 185 536 647 701 2021 7 313 476 311 249 450 696 1594 84 340 510 282 276 570 569 1465
0 0 0 0 0 2 612 3482 0 0 0 0 0 3 645 3448 0 0 0 0 0 25 903 3168
0 0 0 0 0 5 685 3406 0 0 0 0 0 6 713 3377 0 0 0 0 0 42 998 3056
0 0 0 22 86 153 1094 2741 0 0 0 18 88 147 1128 2715 0 0 0 69 88 449 1150 2340
0 0 0 0 3 152 898 3043 0 0 0 0 3 180 1117 2796 0 0 0 0 73 415 2324 1284
0 5 32 70 174 758 1856 1201 0 4 31 63 166 619 2352 861 0 10 52 122 345 1473 1566 528
0 0 4 135 412 607 2447 491 0 0 4 124 379 549 2527 513 0 0 64 221 424 1822 1377 188
0 0 0 7 230 902 2818 139 0 0 0 5 224 849 2880 138 0 0 1 97 584 2740 651 23
0 0 0 106 633 1316 1895 146 0 0 0 92 611 1226 2001 166 0 0 32 418 1016 2182 407 41
0 0 75 370 959 1449 1111 132 0 1 68 352 948 1426 1151 150 0 31 211 765 1336 1398 313 42
0 0 43 297 981 1562 1090 123 0 0 45 288 946 1504 1170 143 0 8 203 730 1413 1392 319 31
0 0 0 86 389 2266 997 358 0 0 0 67 399 2038 1162 430 0 0 39 248 1703 1245 618 243
0 0 0 68 352 2759 754 163 0 0 0 50 278 2789 810 169 0 0 38 175 2242 1261 285 95
0 0 0 0 112 3218 624 142 0 0 0 0 87 3076 787 146 0 0 0 18 2073 1695 263 47
0 0 0 0 55 3336 559 146 0 0 0 0 44 3165 722 165 0 0 0 11 1886 1883 274 42
0 0 0 2 28 3375 565 126 0 0 0 1 21 2821 1116 137 0 0 0 6 1194 2603 250 43
0 0 0 0 21 2790 1057 228 0 0 0 0 18 1877 1941 260 0 0 0 4 369 3232 362 129
0 0 0 1 14 1289 2318 474 0 0 0 0 9 698 2895 494 0 0 0 4 55 3210 446 381
0 0 0 3 21 808 2960 304 0 0 0 3 18 434 3288 353 0 0 0 8 37 3400 474 177
0 0 185 523 656 1237 1357 138 0 0 112 489 646 819 1857 173 0 20 319 512 733 1834 565 113
0 0 0 0 0 0 87 4009 0 0 0 0 0 0 89 4007 0 0 0 0 0 0 115 3981
0 0 0 34 229 825 784 2224 0 0 0 26 291 638 952 2189 0 0 0 100 507 895 505 2089
0 0 0 0 0 1 263 3832 0 0 0 0 0 1 273 3822 0 0 0 0 0 3 302 3791
0 0 0 0 0 0 284 3812 0 0 0 0 0 0 289 3807 0 0 0 0 0 3 343 3750
0 0 0 0 0 2 236 3858 0 0 0 0 0 2 259 3835 0 0 0 0 0 6 322 3768
0 0 34 159 121 571 1251 1960 0 0 38 171 112 412 1397 1966 0 0 117 138 192 1197 567 1885
0 0 20 213 543 534 635 2151 10 315 421 281 233 496 684 1656 104 337 441 255 280 626 489 1564
0 0 0 0 2 15 581 3498 0 0 2 5 8 14 616 3451 0 0 4 3 8 35 871 3175
0 0 0 0 0 3 650 3443 0 0 0 0 0 3 675 3418 0 0 0 0 0 28 992 3076
0 0 6 73 110 253 1028 2626 0 0 6 78 103 242 1067 2600 0 0 43 107 157 491 1063 2235
0 0 0 0 0 99 1025 2972 0 0 0 0 0 131 1139 2826 0 0 0 0 11 528 2188 1369
0 0 8 138 155 711 2046 1038 0 0 2 124 156 555 2468 791 0 0 69 153 272 1751 1643 208
0 0 4 137 364 696 2395 500 0 0 3 132 341 638 2493 489 0 1 82 221 494 1476 1682 140
0 0 0 8 84 616 3172 216 0 0 0 2 87 567 3223 217 0 0 0 30 312 2241 1469 44
0 0 0 36 353 1137 2410 160 0 0 0 27 335 1055 2497 182 0 0 4 165 720 2393 777 37
0 1 58 227 816 1559 1335 100 0 0 51 214 751 1492 1452 136 0 25 126 520 1291 1748 361 25
0 0 63 219 851 1515 1331 117 0 0 52 210 788 1436 1479 131 0 2 152 539 1255 1730 383 35
0 0 0 93 251 2249 1433 70 0 0 0 82 216 1817 1848 133 0 0 51 109 985 2348 585 18
0 0 0 63 147 2331 1342 213 0 0 0 57 132 1831 1830 246 0 0 38 88 635 2637 563 135
0 0 0 0 65 2742 1181 108 0 0 0 0 52 1747 2167 130 0 0 0 8 538 3210 315 25
0 0 0 0 28 2538 1431 99 0 0 0 0 22 1304 2637 133 0 0 0 0 297 3444 327 28
0 0 0 0 3 1969 2009 115 0 0 0 0 1 870 3090 135 0 0 0 0 163 3575 321 37
0 0 0 0 1 1323 2648 124 0 0 0 0 1 483 3462 150 0 0 0 0 39 3681 334 42
0 0 0 0 1 591 3373 131 0 0 0 0 1 241 3695 159 0 0 0 0 9 3679 362 46
0 0 0 0 3 464 3453 176 0 0 0 0 1 233 3652 210 0 0 0 0 11 3549 471 65
0 0 130 547 595 1162 1598 64 0 0 65 487 588 938 1893 125 0 4 307 573 653 1768 747 44
0 0 11 105 100 37 98 3745 0 0 32 107 87 38 123 3709 0 0 97 75 60 53 142 3669
0 0 5 87 255 717 942 2090 0 0 13 94 318 631 972 2068 0 2 32 147 555 840 583 1937
0 0 4 21 53 65 286 3667 0 0 6 26 61 63 289 3651 0 0 20 38 50 69 331 3588
0 0 0 1 5 19 263 3808 0 0 0 2 9 23 271 3791 0 0 0 3 12 26 319 3736
0 0 0 0 0 0 223 3873 0 0 0 0 0 0 240 3856 0 0 0 0 0 1 280 3815
0 0 37 123 95 585 1088 2168 0 0 39 124 92 452 1202 2187 0 8 91 116 199 1201 423 2058
0 0 11 279 502 504 586 2214 7 367 327 285 194 421 628 1867 154 329 376 241 225 552 461 1758
0 0 0 17 89 66 556 3368 2 44 79 38 32 64 598 3239 7 58 65 34 35 85 877 2935
0 0 0 0 0 1 662 3433 0 0 0 0 0 1 693 3402 0 0 0 0 0 53 1004 3039
0 1 3 50 83 221 988 2750 0 1 4 54 81 208 1015 2733 0 4 15 88 139 346 1213 2291
0 0 0 8 51 156 1043 2838 0 0 0 15 44 183 1138 2716 0 0 5 50 38 591 2243 1169
0 0 0 92 114 653 2155 1082 0 0 0 82 120 549 2473 872 0 0 27 135 207 1734 1741 252
0 0 2 187 325 748 2175 659 0 0 1 180 299 671 2333 612 0 0 105 263 480 1303 1814 131
0 0 0 3 43 456 3175 419 0 0 0 3 38 443 3211 401 0 0 0 16 175 1428 2418 59
0 0 0 13 193 955 2781 154 0 0 0 9 169 867 2845 206 0 0 0 79 465 2297 1219 36
0 0 38 170 692 1517 1568 111 0 0 32 153 628 1417 1723 143 0 6 80 376 1112 2012 481 29
0 4 131 200 721 1485 1439 116 0 0 126 188 647 1413 1576 146 0 36 167 433 1089 1907 435 29
0 0 0 89 223 1989 1698 97 0 0 0 73 189 1214 2460 160 0 0 40 127 612 2718 577 22
0 0 0 83 103 2011 1766 133 0 0 0 72 93 1040 2738 153 0 0 46 97 285 3293 314 61
0 0 0 0 43 1651 2284 118 0 0 0 0 25 806 3114 151 0 0 0 0 253 3402 411 30
0 0 0 0 16 1166 2791 123 0 0 0 0 15 551 3384 146 0 0 0 1 202 3512 343 38
0 0 0 0 1 805 3170 120 0 0 0 0 0 418 3516 162 0 0 0 0 42 3603 410 41
0 0 0 0 0 663 3325 108 0 0 0 0 0 291 3672 133 0 0 0 0 9 3658 384 45
0 0 0 0 2 365 3574 155 0 0 0 0 0 160 3739 197 0 0 0 0 7 3599 439 51
0 0 0 0 7 464 3457 168 0 0 0 0 5 257 3639 195 0 0 0 0 18 3495 521 62
2 10 108 497 713 1457 1309 0 0 9 71 443 702 1129 1707 35 5 9 262 588 893 1843 496 0
0 0 1 27 90 210 1526 2242 0 4 16 66 148 515 2187 1160 8 25 97 166 643 1664 826 667
0 0 0 69 252 706 1715 1354 0 0 4 86 322 816 2130 738 0 2 28 219 815 1894 719 419
0 0 2 38 97 343 1784 1832 0 0 6 48 160 575 2205 1102 0 1 39 134 464 1730 1254 474
0 0 9 56 129 388 1657 1857 0 0 24 81 175 611 2101 1104 0 6 74 208 593 1685 989 541
0 0 12 59 94 247 1500 2184 0 0 36 63 130 450 2063 1354 0 15 94 130 457 1580 998 822
0 0 42 146 159 447 1924 1378 0 0 52 155 187 529 2188 985 0 10 167 182 425 1968 806 538
0 2 40 278 451 791 1135 1399 10 89 183 285 389 773 1341 1026 36 166 332 425 605 1022 945 565
0 8 29 96 275 426 1170 2092 4 88 195 162 245 506 1469 1427 25 181 248 281 506 1043 844 968
0 26 78 112 191 313 1254 2122 27 116 110 120 205 518 1484 1516 87 113 148 234 587 1022 744 1161
0 13 136 247 378 525 1169 1628 3 129 255 266 385 617 1151 1290 88 309 268 389 545 819 759 919
0 17 61 151 440 587 1290 1550 36 218 173 241 375 863 1147 1043 189 256 267 595 700 620 1060 409
0 0 38 201 272 687 1870 1028 24 69 89 183 326 703 1910 792 74 114 200 378 483 1187 1223 437
0 18 97 405 593 882 1405 696 16 55 108 397 605 882 1492 541 40 121 361 576 755 1090 954 199
0 15 79 318 385 628 2037 634 56 170 153 261 402 685 2032 337 136 207 272 398 530 1035 1465 53
0 29 254 469 596 739 1746 263 102 126 291 477 543 647 1736 174 141 282 479 497 492 1292 871 42
5 132 378 481 779 1141 1008 172 130 224 314 485 655 1031 1130 127 233 332 430 532 813 1299 418 39
5 210 497 587 715 934 994 154 123 269 479 533 611 865 1086 130 246 444 519 530 700 1236 377 44
1 188 540 301 323 1131 1285 327 312 295 295 191 298 893 1501 311 563 327 157 227 479 1610 517 216
9 176 525 250 198 1386 1384 168 339 240 302 144 149 840 1919 163 575 253 164 138 338 2264 314 50
3 140 589 384 159 1005 1610 206 431 258 344 163 93 714 1941 152 622 404 120 91 281 2214 312 52
4 135 541 376 146 740 1970 184 395 237 444 88 85 455 2244 148 638 407 85 83 152 2350 342 39
28 270 403 292 155 695 2104 149 407 313 241 148 101 509 2261 116 708 280 131 70 169 2416 278 44
2 141 567 256 94 581 2255 200 372 304 285 80 53 317 2530 155 514 387 88 72 84 2491 403 57
0 114 391 443 112 427 2424 185 507 226 237 57 55 317 2560 137 662 257 75 55 88 2515 389 55
1 113 425 308 186 677 2047 339 396 174 270 87 122 493 2235 319 481 261 133 107 194 2199 528 193
0 9 143 448 629 1131 1400 336 80 25 96 346 594 941 1627 387 89 62 198 461 730 1407 865 284
0 0 5 21 109 265 1556 2140 0 2 9 55 189 485 2544 812 2 15 42 189 488 2067 1111 182
0 0 4 66 303 762 1711 1250 0 1 10 135 360 823 2251 516 1 13 74 278 820 2033 787 90
0 0 4 10 130 405 1782 1765 0 1 4 25 217 653 2333 863 0 3 14 144 469 1811 1474 181
0 0 0 11 63 302 1862 1858 0 0 3 23 122 590 2438 920 0 5 21 117 465 1864 1446 178
0 0 1 23 115 391 1807 1759 0 0 7 53 210 643 2292 891 0 10 80 213 666 1820 1140 167
0 0 75 166 309 574 1842 1130 0 0 74 183 318 675 2251 595 8 64 243 342 641 2020 714 64
0 0 38 210 603 956 1471 818 0 1 51 229 561 1028 1725 501 21 134 431 538 926 1446 550 50
0 0 51 121 254 518 1807 1345 0 8 80 149 330 714 2230 585 9 89 158 318 786 1926 775 35
0 36 153 310 480 620 1646 851 4 63 244 342 530 866 1682 365 70 255 392 596 961 1312 471 39
0 4 93 248 476 808 1628 839 1 41 183 341 633 1088 1509 300 58 233 430 764 1222 1109 269 11
0 3 30 170 541 893 1754 705 0 13 83 334 715 1213 1519 219 23 130 468 834 1319 1067 244 11
0 0 27 205 497 1112 1910 345 0 4 78 318 653 1301 1586 156 6 126 385 836 1214 1344 166 19
0 9 96 501 784 1220 1233 253 0 14 178 509 810 1173 1240 172 8 161 468 792 1039 1351 252 25
0 20 257 746 905 851 986 331 0 46 386 844 906 815 904 195 41 367 834 930 767 813 321 23
0 46 449 839 1087 815 696 164 1 82 552 898 1050 824 557 132 53 486 943 1011 825 521 232 25
2 108 436 1006 1304 676 379 185 9 144 506 1083 1155 652 384 163 112 434 996 1117 717 419 252 49
3 318 1089 1246 726 279 293 142 13 441 1208 1063 700 251 286 134 362 1214 958 757 311 260 198 36
106 563 680 766 592 419 785 185 26 616 851 722 531 370 772 208 662 870 705 463 318 553 460 65
30 302 527 876 598 624 846 293 34 308 757 856 474 539 858 270 454 802 749 409 450 702 433 97
47 415 855 1257 751 299 291 181 36 445 1209 1219 533 222 276 156 774 1191 1075 426 196 245 150 39
116 628 918 998 649 309 283 195 108 651 1223 940 466 269 264 175 949 1180 899 410 219 222 181 36
66 424 721 1101 924 368 307 185 167 510 870 1046 770 309 276 148 652 1017 1121 569 266 272 151 48
23 233 931 1236 793 399 295 186 57 414 1077 1177 623 337 271 140 486 1270 1085 539 271 236 191 18
6 183 726 1248 972 460 307 194 42 264 998 1236 757 368 277 154 346 1180 1198 632 281 247 184 28
8 207 623 1237 954 463 331 273 53 298 849 1256 727 347 312 254 319 978 1218 652 330 233 300 66
0 2 142 469 1137 1200 931 215 0 10 144 490 983 1111 1075 283 7 73 433 768 991 1178 502 144
0 0 7 21 95 321 1789 1863 0 0 10 56 175 567 2496 792 0 12 51 162 539 1988 1171 173
0 0 3 55 257 588 1755 1438 0 0 13 99 304 732 2346 602 0 9 74 266 788 1891 899 169
0 0 4 44 309 530 1663 1546 0 2 6 110 391 768 2012 807 1 6 53 337 642 1565 1316 176
0 0 5 95 239 466 1646 1645 0 0 15 123 287 655 2092 924 2 38 179 294 557 1562 1240 224
0 0 7 30 94 339 1780 1846 0 0 14 63 171 632 2366 850 0 11 65 175 618 1995 1130 102
0 0 14 94 219 575 2004 1190 0 0 15 123 276 719 2311 652 0 10 114 280 673 1990 919 110
0 0 32 326 503 790 1678 767 0 0 73 388 540 856 1836 403 0 66 332 569 827 1555 652 95
0 0 51 282 556 719 1642 846 0 13 154 420 610 1002 1579 318 35 186 480 730 1210 1099 334 22
0 0 34 150 357 700 1895 960 0 17 76 263 483 1082 1842 333 25 106 322 649 1356 1276 342 20
0 0 21 154 407 819 1808 887 0 4 79 272 594 1152 1694 301 15 110 339 729 1284 1245 339 35
0 5 32 175 426 903 1752 803 0 12 89 287 656 1218 1598 236 20 128 392 809 1401 1108 220 18
0 2 33 256 565 1134 1636 470 0 6 73 355 710 1303 1327 322 9 91 425 788 1189 1177 259 158
0 9 104 499 810 1068 1255 351 0 10 143 568 818 986 1270 301 9 78 521 774 863 1316 427 108
0 1 128 678 961 941 951 436 0 14 228 803 977 883 931 260 10 186 762 946 867 844 449 32
0 37 348 709 976 947 902 177 0 72 432 782 941 929 808 132 40 373 771 961 922 757 240 32
1 79 487 1122 1176 665 401 165 1 105 577 1159 1044 640 430 140 63 477 1032 987 775 466 262 34
4 61 595 1352 1010 487 417 170 5 151 896 1352 779 413 381 119 131 939 1405 712 382 323 193 11
0 32 314 851 1014 704 894 287 3 70 447 910 924 625 846 271 83 471 929 873 498 616 532 94
0 23 226 777 1125 1000 769 176 0 50 379 946 1000 850 709 162 55 429 1021 902 709 731 189 60
79 563 578 868 886 549 367 206 45 483 921 944 754 438 344 167 765 775 983 679 375 304 185 30
50 667 565 798 836 571 429 180 55 576 885 903 700 470 346 161 922 793 854 635 417 272 173 30
0 20 335 1102 1274 708 449 208 0 65 580 1351 1033 553 379 135 100 810 1317 899 462 295 168 45
0 24 304 1011 1318 773 466 200 6 54 546 1169 1151 645 383 142 86 657 1269 979 573 313 209 10
1 91 541 1029 1161 670 405 198 6 169 745 1107 1039 520 349 161 237 803 1113 941 481 320 181 20
0 76 418 1116 1101 643 464 278 8 125 629 1216 925 542 400 251 148 660 1148 887 541 328 302 82
1 27 219 634 1034 1741 387 53 1 46 225 610 993 1485 678 58 46 205 538 833 1272 1041 142 19
0 0 7 38 131 329 1559 2032 0 0 16 78 200 615 2109 1078 0 17 62 147 487 1627 1386 370
0 0 11 69 225 675 1639 1477 0 1 33 96 316 871 1953 826 1 32 76 229 771 1711 971 305
0 1 10 77 395 610 1628 1375 0 1 19 135 474 824 1923 720 0 2 70 351 711 1546 1236 180
0 2 8 50 146 421 1993 1476 0 4 13 96 198 686 2428 671 1 19 73 192 622 2000 1099 90
0 17 101 258 355 428 1588 1349 0 37 132 296 374 585 1911 761 44 138 223 427 555 1381 1195 133
0 8 90 457 673 667 1408 793 0 29 254 553 661 720 1518 361 134 405 528 571 736 1222 477 23
0 0 30 154 348 1044 1626 894 0 2 33 227 431 1222 1873 308 0 25 243 473 1256 1677 393 29
0 0 17 86 282 658 1844 1209 0 2 42 176 453 956 2032 435 2 63 230 545 1214 1525 510 7
0 1 32 176 438 805 1730 914 0 12 69 246 610 1128 1677 354 27 165 402 702 1294 1193 299 14
0 5 47 207 488 874 1759 716 0 14 92 322 659 1195 1587 227 31 192 434 749 1231 1220 231 8
0 3 52 160 580 908 1745 648 0 16 92 364 692 1214 1487 231 18 125 438 813 1360 1079 249 14
0 0 26 299 577 1267 1545 382 0 4 74 424 749 1487 1187 171 4 110 497 889 1426 953 197 20
0 2 67 408 814 1384 1215 206 0 6 83 465 846 1388 1165 143 2 72 382 850 1199 1332 242 17
0 4 75 428 809 1024 1240 516 0 16 145 579 881 1054 1173 248 11 128 595 893 971 1130 352 16
1 18 243 701 931 1021 961 220 1 35 331 725 968 1025 875 136 25 245 670 975 969 893 292 27
0 49 327 888 1233 811 605 183 7 96 504 1092 1101 700 477 119 103 593 1118 1052 613 418 183 16
0 9 99 660 1316 1076 727 209 0 19 274 972 1325 840 565 101 27 394 1189 1187 720 428 140 11
0 12 104 577 1254 936 1005 208 2 28 220 891 1096 767 938 154 38 282 977 1002 633 772 377 15
0 2 129 519 921 1214 1007 304 0 19 223 656 1010 1045 893 250 28 268 752 939 827 746 484 52
0 12 171 572 1178 1207 717 239 0 44 293 807 1242 988 579 143 46 329 932 1288 819 471 195 16
0 9 81 418 1091 1362 875 260 1 14 192 677 1297 1150 618 147 34 234 866 1312 997 439 194 20
54 217 295 629 904 975 808 214 18 172 413 788 1048 874 645 138 409 575 829 937 721 483 139 3
0 37 343 940 945 939 683 209 0 57 422 1077 1034 806 555 145 208 802 830 949 717 398 185 7
0 15 138 467 1011 1163 1069 233 2 20 213 673 1099 1176 782 131 65 301 724 1121 1142 545 184 14
0 45 149 448 889 1061 1091 413 12 61 221 605 952 1003 907 335 46 234 656 938 957 806 318 141
1 35 180 654 943 1626 515 142 2 58 179 630 932 1425 731 139 38 160 551 852 1214 1004 192 85
0 0 0 13 122 386 1664 1911 0 0 4 51 218 704 2231 888 0 4 35 176 563 1800 1249 269
0 0 1 13 89 520 1732 1741 0 0 3 44 166 808 2269 806 0 4 33 152 709 1876 1138 184
0 0 42 207 631 669 1527 1020 0 3 70 281 671 740 1740 591 3 52 132 623 615 1242 1236 193
0 1 56 271 566 692 1643 867 0 10 117 360 645 869 1767 328 12 104 291 680 803 1367 810 29
0 0 14 94 310 642 1910 1126 0 0 40 157 450 924 2099 426 1 41 162 448 1046 1769 603 26
0 2 29 91 303 686 2034 951 1 13 50 159 414 1061 1973 425 15 56 156 447 1163 1535 685 39
0 2 22 167 429 1059 1673 744 0 3 38 231 492 1103 1860 369 1 37 203 466 938 1675 678 98
0 2 16 100 307 701 1833 1137 1 6 55 170 494 1046 1844 480 11 58 210 543 1200 1417 579 78
0 0 51 245 504 839 1647 810 0 2 122 361 680 1079 1567 285 22 156 442 728 1111 1281 338 18
0 9 104 299 600 826 1551 707 0 35 186 454 718 1071 1404 228 51 256 507 843 1097 1053 275 14
0 1 55 205 561 969 1675 630 0 13 116 338 761 1231 1405 232 21 125 443 874 1316 1045 257 15
0 1 31 219 505 1298 1606 436 0 7 59 344 663 1639 1187 197 11 66 396 790 1515 1062 228 28
0 5 46 203 697 1418 1344 383 0 5 56 259 755 1531 1189 301 0 39 208 664 1292 1258 484 151
0 3 84 355 744 913 1456 541 0 13 116 463 811 1045 1370 278 7 95 394 785 1033 1228 528 26
0 16 214 697 1129 981 825 234 0 42 355 939 1144 825 662 129 61 360 1026 1131 749 549 203 17
0 3 123 489 944 1116 1116 305 2 34 300 751 983 1130 786 110 69 409 775 1075 1074 563 120 11
0 5 32 218 714 1364 1420 343 0 10 75 423 1045 1392 1028 123 8 123 536 1256 1283 735 140 15
0 6 36 277 893 1175 1439 270 0 13 93 449 1033 1170 1211 127 13 108 544 1093 1041 956 331 10
0 0 22 229 747 1698 1159 241 0 2 58 405 910 1632 944 145 4 81 450 1071 1392 926 164 8
0 6 54 294 703 1100 1465 474 1 11 108 470 863 1250 1206 187 29 209 587 968 1305 782 210 6
0 2 12 129 496 1245 1836 376 0 3 37 248 734 1599 1305 170 3 65 341 957 1648 848 223 11
0 6 64 213 560 1026 1685 542 0 20 107 309 746 1226 1481 207 14 124 420 879 1434 954 241 30
0 24 137 430 584 842 1690 389 0 31 190 518 673 1017 1479 188 88 265 457 723 1182 1091 269 21
0 7 135 426 626 825 1536 541 0 14 186 565 661 1015 1433 222 58 358 517 697 1140 1033 267 26
1 27 206 479 600 903 1484 396 0 20 198 585 732 1099 1199 263 109 390 517 734 1101 926 294 25
0 3 89 723 1058 1790 353 80 1 13 102 762 1118 1651 420 29 39 183 544 1051 1637 581 61 0
0 1 12 52 156 518 1382 1975 0 3 29 89 331 808 1808 1028 3 30 184 400 614 1358 1095 412
0 0 5 34 156 396 1447 2058 0 0 29 97 281 684 2061 944 1 34 143 266 740 1556 1116 240
0 3 62 192 333 559 1268 1679 0 24 114 265 454 692 1517 1030 21 107 254 395 760 1241 787 531
0 16 55 145 287 499 1442 1652 0 29 91 194 357 763 1578 1084 25 72 187 343 716 1339 747 667
0 9 42 165 382 568 1322 1608 0 21 82 266 466 783 1423 1055 13 87 223 442 756 1212 622 741
0 10 50 152 379 675 1441 1389 2 25 92 236 484 848 1417 992 22 94 219 447 830 1179 618 687
0 2 61 225 466 775 1363 1204 0 11 111 313 528 825 1325 983 7 87 283 427 639 1122 797 734
0 5 49 151 363 661 1443 1424 0 16 85 239 496 910 1254 1096 9 79 260 389 747 1120 545 947
0 0 10 53 273 844 1611 1305 0 1 29 114 436 1123 1336 1057 5 37 106 397 894 1238 471 948
0 0 5 39 224 904 1818 1106 0 1 14 81 353 1277 1512 858 0 21 78 337 1112 1412 422 714
0 2 14 67 251 847 1811 1104 0 6 28 117 408 1181 1662 694 2 39 147 438 1178 1351 432 509
0 0 17 139 386 932 1703 919 0 8 41 207 489 1167 1563 621 12 47 229 455 1245 1196 559 353
0 5 89 433 761 1426 1128 254 0 6 128 442 799 1460 1096 165 6 105 342 749 1336 1151 379 28
0 17 144 509 965 1059 1143 259 1 30 216 626 1097 1006 967 153 26 163 588 1064 960 886 389 20
0 4 25 172 478 1073 1841 503 0 8 83 290 724 1391 1448 152 11 108 345 886 1347 1144 240 15
0 1 18 133 460 972 1969 543 0 4 56 266 654 1352 1602 162 7 73 290 792 1465 1237 219 13
0 2 31 149 507 945 1864 598 0 9 67 310 680 1297 1513 220 6 87 360 812 1355 1151 291 34
0 0 18 139 450 915 2063 511 0 4 42 218 603 1103 1811 315 4 53 232 640 1055 1323 670 119
0 3 23 153 557 1242 1563 555 0 9 43 244 665 1343 1426 366 10 42 242 652 1192 1200 629 129
0 3 12 104 444 1033 2028 472 1 5 33 246 653 1503 1495 160 7 52 339 795 1739 977 175 12
0 0 17 89 408 911 2057 614 0 2 44 215 615 1339 1675 206 5 63 303 815 1506 1182 212 10
0 1 15 147 512 991 1860 570 0 3 55 332 696 1334 1503 173 9 105 436 834 1400 1068 232 12
0 5 139 740 875 830 1141 366 0 5 129 788 1088 949 945 192 101 655 882 743 865 674 164 12
0 9 149 526 638 772 1397 605 1 13 135 560 830 884 1449 224 96 409 575 677 1035 1028 262 14
0 15 108 298 589 837 1631 618 0 24 175 437 700 928 1505 327 59 225 496 675 939 1135 514 53
1 33 263 686 1062 1582 339 130 1 26 187 760 1130 1411 492 89 142 393 573 785 1431 564 185 23
0 1 11 143 524 1265 1598 554 0 3 86 381 980 1605 856 185 104 495 1150 1436 558 197 133 23
0 6 26 86 275 565 1438 1700 3 16 74 197 428 922 1675 781 25 134 262 477 797 1305 840 256
0 0 1 54 148 392 1510 1991 0 1 21 126 252 785 2060 851 0 22 130 249 809 1683 973 230
0 0 6 58 246 598 1646 1542 0 3 39 135 498 959 1782 680 0 36 182 525 965 1432 824 132
0 0 28 87 291 634 1528 1528 0 23 65 208 473 954 1829 544 31 84 271 522 1072 1422 598 96
0 0 0 23 112 392 1674 1895 0 0 8 63 242 781 2319 683 1 12 75 293 986 1899 740 90
0 0 9 37 151 386 1722 1791 0 4 23 88 263 744 2335 639 4 27 101 277 805 1942 858 82
0 1 25 88 198 425 1548 1811 0 4 47 134 278 709 2053 871 3 36 143 283 678 1566 1161 226
0 9 57 187 355 498 1524 1466 0 20 101 254 459 763 1917 582 17 116 308 565 1044 1220 683 143
0 23 63 128 246 570 1719 1347 7 38 73 202 399 958 1648 771 26 126 284 598 887 1140 680 355
0 2 49 117 312 695 1579 1342 0 24 66 188 507 1186 1249 876 23 135 398 873 822 824 489 532
0 17 92 176 293 524 1259 1735 0 63 125 197 403 725 1477 1106 32 135 195 354 773 1257 736 614
0 16 82 191 543 768 1353 1143 1 47 112 282 672 926 1414 642 36 122 297 704 1017 1094 567 259
0 23 84 192 442 724 1062 1569 3 39 123 281 542 794 1247 1067 25 104 253 493 856 1057 658 650
0 26 65 115 316 703 1437 1434 2 40 93 184 442 888 1409 1038 29 104 184 424 809 1201 755 590
0 36 61 163 317 733 1546 1240 6 50 96 226 436 913 1529 840 49 117 223 418 911 1296 560 522
0 9 100 216 352 691 1520 1208 0 35 197 255 425 906 1505 773 36 180 260 411 900 1279 510 520
0 4 91 198 360 727 1832 884 2 17 134 254 434 1035 1518 702 10 138 234 418 908 1184 669 535
0 4 26 132 543 1090 1408 893 0 11 37 204 695 1219 1209 721 9 23 195 545 1218 992 522 592
0 3 19 183 418 645 1660 1168 0 6 38 232 490 951 1528 851 4 33 181 502 1006 1205 485 680
0 1 11 183 378 651 1852 1020 0 2 32 217 521 941 1700 683 5 31 142 534 1183 1220 487 494
0 1 15 104 424 807 1644 1101 0 6 44 186 589 1154 1408 709 7 60 248 645 1239 1043 341 513
0 0 15 124 525 884 1654 894 0 2 42 258 665 1063 1503 563 7 70 291 642 1158 1177 439 312
0 0 21 178 493 779 1769 856 0 9 66 294 600 1051 1702 374 12 88 335 560 1098 1452 492 59
0 4 60 318 567 709 1712 726 0 17 142 402 597 828 1683 427 53 299 443 506 776 1319 548 152
0 13 158 560 1173 1351 660 181 2 23 183 569 1153 1324 700 142 40 244 587 783 1373 663 372 34
0 1 23 84 253 607 1634 1494 0 8 83 221 609 1131 1388 656 28 144 364 799 793 1074 711 183
0 0 12 89 284 592 1557 1562 0 15 65 235 461 885 1865 570 21 98 233 485 976 1519 679 85
0 0 1 37 241 730 1767 1320 0 0 28 183 614 1299 1681 291 1 41 283 790 1591 1087 278 25
0 0 23 158 440 956 1544 975 0 8 149 417 879 1309 1167 167 21 189 552 1111 1438 651 126 8
0 0 4 62 246 766 1798 1220 0 2 37 197 671 1277 1646 266 6 62 335 890 1619 989 175 20
0 0 11 40 158 425 1714 1748 0 10 26 109 326 809 2284 532 10 40 162 390 1058 1756 591 89
0 0 0 6 80 271 1492 2247 0 0 3 29 148 576 2314 1026 0 2 28 143 553 1959 1163 248
0 0 6 36 130 337 1531 2056 0 1 16 90 197 631 2154 1007 1 24 81 213 646 1717 1103 311
0 0 9 50 166 458 2027 1386 0 8 23 112 274 881 2247 551 14 80 304 1114 1039 919 499 127
0 1 5 29 198 518 1690 1655 0 5 21 131 412 1017 1839 671 7 83 328 811 1090 1057 597 123
0 0 13 70 262 521 1522 1708 0 0 45 159 364 907 1842 779 10 74 330 621 1064 1173 715 109
0 1 8 71 298 671 1212 1835 0 6 36 180 432 973 1365 1104 11 74 327 681 810 972 803 418
0 0 14 67 156 358 1118 2383 0 6 34 115 259 579 1628 1475 2 37 124 267 582 1263 1312 509
0 0 4 32 114 365 1228 2353 0 1 23 63 234 623 1816 1336 2 22 73 241 705 1360 1228 465
0 0 4 42 175 377 1313 2185 0 0 18 99 268 593 1948 1170 0 26 113 288 812 1439 967 451
0 1 5 22 141 389 1336 2202 0 4 11 67 251 618 1924 1221 2 11 74 232 652 1574 1131 420
0 0 4 42 176 405 1543 1926 0 0 22 102 285 657 2100 930 0 25 100 281 734 1711 1056 189
0 3 5 33 156 364 1648 1887 0 3 8 75 253 662 2172 923 3 10 75 250 765 1791 1046 156
0 2 71 179 331 466 1322 1725 0 19 118 283 360 620 1911 785 32 123 296 391 759 1565 765 165
0 1 40 218 514 627 1315 1381 0 11 103 360 589 817 1558 658 25 152 483 703 763 1178 574 218
0 22 134 372 698 1336 1145 389 5 40 200 496 1030 1490 554 281 147 463 1251 1387 406 100 73 269
1 122 187 504 705 1054 944 579 14 159 228 593 810 1172 630 490 244 408 930 1264 402 236 236 376
3 135 97 275 497 737 1104 1248 63 128 142 407 617 722 1156 861 172 193 379 490 720 976 617 549
0 19 77 209 329 679 1202 1581 2 32 76 228 462 778 1340 1178 14 79 166 305 736 1213 710 873
1 46 127 249 486 706 1058 1423 3 69 134 304 551 754 1181 1100 43 119 253 374 677 1073 690 867
1 82 267 730 827 768 847 574 14 137 365 827 816 775 760 402 79 320 688 981 804 668 293 263
