0 0 0 0 0 0 1816 2280 0 0 0 0 0 0 643 3453 0 0 0 0 0 0 0 4096
0 0 0 2 6 6 3186 896 0 0 0 0 5 7 1540 2544 0 0 0 0 5 5 10 4076
0 0 0 12 18 251 2844 971 0 0 0 4 20 46 2482 1544 0 0 0 4 17 33 191 3851
22 282 353 117 71 760 1848 643 0 274 281 203 73 110 2387 768 0 245 317 201 70 116 102 3045
318 885 132 83 679 1113 296 590 31 1100 187 72 191 697 1114 704 1 965 342 79 135 719 216 1639
0 0 0 0 189 833 1335 1739 0 0 0 0 69 936 852 2239 0 0 0 0 145 990 620 2341
0 0 0 24 728 1796 1402 146 0 0 0 7 536 2090 946 517 0 0 0 9 711 2130 663 583
0 14 57 161 727 1672 1098 367 0 9 63 269 946 1519 882 408 0 18 87 489 1193 1204 646 459
0 70 268 903 1479 1222 149 5 1 76 439 1234 1252 972 120 2 7 119 726 1467 888 794 95 0
25 243 863 1565 968 311 110 11 41 364 1234 1526 554 268 103 6 41 534 1531 1310 380 216 84 0
0 0 6 157 858 1143 796 1136 0 0 2 108 838 1220 1231 697 0 0 10 273 1053 987 1139 634
0 1 20 625 1428 1646 357 19 0 1 13 450 1627 1796 209 0 0 3 68 753 1985 1213 74 0
0 1 10 207 808 1900 1110 60 0 2 41 391 1362 1703 587 10 2 25 259 954 1576 1050 224 6
0 4 116 513 1206 1175 1076 6 0 18 215 821 1283 1068 691 0 2 78 479 1176 1093 1192 76 0
12 197 818 1440 933 484 208 4 24 311 1125 1442 641 408 145 0 54 565 1411 1212 515 302 37 0
