0 2 60 159 87 108 757 2923 0 20 151 95 71 77 372 3310 0 0 1 34 128 132 157 3644
0 0 45 202 129 94 197 3429 0 7 153 140 103 93 148 3452 0 0 0 13 80 223 169 3611
0 2 50 192 154 145 131 3422 0 1 47 189 148 126 124 3461 0 0 0 5 63 219 213 3596
0 2 74 256 152 137 198 3277 0 0 35 186 222 113 209 3331 0 0 0 9 88 276 217 3506
0 5 42 167 139 128 205 3410 0 2 22 119 176 141 164 3472 0 0 2 8 61 207 182 3636
32 201 202 288 207 169 264 2733 34 221 111 311 214 172 258 2775 9 162 91 116 270 238 238 2972
27 1178 145 350 154 134 269 1839 56 1144 147 320 164 137 247 1881 23 1017 236 287 94 176 200 2063
43 801 296 113 204 177 406 2056 38 745 337 84 202 177 337 2176 32 458 478 145 104 213 230 2436
32 400 186 124 217 250 838 2049 4 343 230 98 204 234 689 2294 0 170 377 77 87 238 379 2768
14 787 520 789 283 400 525 778 1 733 466 762 383 352 478 921 0 475 534 431 739 307 365 1245
505 2200 571 182 92 93 275 178 279 2233 782 122 104 71 260 245 108 1835 1257 133 107 102 134 420
391 1611 488 365 289 281 445 226 120 1636 694 354 282 263 400 347 16 1359 932 325 322 237 366 539
356 1014 843 924 354 185 336 84 188 1288 1416 342 203 171 293 195 80 1201 1480 355 252 171 191 366
431 1085 1111 1192 229 20 28 0 253 1626 1788 220 149 24 25 11 132 1660 1794 243 184 48 17 18
520 1182 1346 922 125 1 0 0 422 2012 1308 222 131 1 0 0 316 2010 1334 207 206 23 0 0
29 880 2040 1120 27 0 0 0 64 2688 1116 196 32 0 0 0 77 2934 757 241 87 0 0 0
21 1702 1288 43 20 28 108 886 3 2296 711 41 21 18 61 945 1 1965 981 81 17 33 40 978
10 1470 1314 117 49 58 106 972 2 2087 708 106 42 44 93 1014 0 1904 803 115 40 85 80 1069
18 1544 1128 156 65 101 162 922 0 2024 640 148 69 80 157 978 1 1876 720 92 82 113 133 1079
0 1448 1014 90 59 105 747 633 1 1939 481 97 69 78 548 883 0 1814 537 82 83 88 157 1335
16 608 443 577 332 166 233 1721 5 507 751 423 235 169 215 1791 0 273 839 345 272 231 205 1931
1 429 841 792 629 213 309 882 9 621 1286 499 250 187 306 938 5 472 1319 466 272 213 232 1117
3 1147 520 871 604 316 291 344 1 1109 797 911 322 310 282 364 0 992 810 840 323 361 312 458
18 1189 1076 981 687 120 18 7 7 1583 1960 285 124 111 16 10 24 1341 2143 279 121 146 25 17
66 583 639 1289 1035 250 147 87 19 497 2001 814 332 221 139 73 5 316 2062 794 353 297 136 133
0 420 676 1597 1195 198 10 0 0 414 2210 744 525 192 11 0 0 263 2050 891 386 467 39 0
356 1847 1074 687 132 0 0 0 276 2179 1621 20 0 0 0 0 199 1933 1942 22 0 0 0 0
530 1598 273 536 422 210 382 145 284 1733 813 319 175 250 393 129 158 1653 934 298 187 188 352 326
13 513 693 1811 826 115 94 31 88 701 2836 162 76 114 86 33 87 803 2741 132 52 112 102 67
6 340 924 2150 676 0 0 0 57 787 3243 9 0 0 0 0 81 1081 2931 3 0 0 0 0
9 538 1528 1916 104 1 0 0 60 1416 2565 49 6 0 0 0 68 1776 2199 46 7 0 0 0
0 701 1884 1480 31 0 0 0 62 2342 1629 61 2 0 0 0 74 2776 1183 58 5 0 0 0
10 3363 723 0 0 0 0 0 68 3800 228 0 0 0 0 0 220 3670 206 0 0 0 0 0
6 2933 1151 6 0 0 0 0 7 3689 396 4 0 0 0 0 84 3671 336 5 0 0 0 0
1 3263 818 14 0 0 0 0 52 3734 298 12 0 0 0 0 203 3641 241 11 0 0 0 0
238 2948 898 11 1 0 0 0 460 3305 324 6 1 0 0 0 681 3068 339 8 0 0 0 0
21 794 1171 1927 141 25 17 0 33 1286 2565 135 34 32 11 0 15 1263 2555 177 38 28 19 1
33 431 1161 2074 392 4 1 0 139 1094 2729 122 6 5 1 0 146 1263 2579 97 6 4 1 0
8 1129 457 1544 762 88 85 23 0 1233 2048 554 73 92 77 19 1 1201 2171 435 72 82 104 30
53 1010 1039 1237 753 4 0 0 75 1651 2268 101 1 0 0 0 66 1810 2152 68 0 0 0 0
0 30 314 1861 1885 6 0 0 0 70 3675 345 6 0 0 0 0 149 3710 234 3 0 0 0
4 669 462 1426 1456 79 0 0 0 684 2173 728 466 45 0 0 0 610 2196 572 531 187 0 0
492 1753 981 650 220 0 0 0 468 1922 1706 0 0 0 0 0 314 2070 1679 33 0 0 0 0
15 439 639 1808 926 76 126 67 69 763 2779 151 68 68 139 59 95 1053 2510 82 72 61 119 104
106 1059 677 1527 727 0 0 0 99 1472 2499 26 0 0 0 0 113 1893 2080 10 0 0 0 0
6 306 887 2055 842 0 0 0 89 785 3208 14 0 0 0 0 110 1349 2626 11 0 0 0 0
9 455 1367 2109 156 0 0 0 75 1254 2734 32 1 0 0 0 106 1819 2123 48 0 0 0 0
9 696 1807 1534 50 0 0 0 174 1869 1999 54 0 0 0 0 196 2317 1528 55 0 0 0 0
32 2259 923 156 336 390 0 0 111 2840 305 268 529 43 0 0 248 2708 280 257 441 162 0 0
246 1497 1351 165 260 577 0 0 288 2343 502 231 485 247 0 0 352 2432 319 234 416 343 0 0
165 1526 1311 162 195 728 9 0 178 2355 527 181 352 503 0 0 243 2412 377 203 290 571 0 0
399 1725 799 153 186 638 196 0 657 1792 532 178 319 618 0 0 896 1542 534 171 307 646 0 0
27 536 1204 1134 340 500 355 0 35 825 1705 470 348 710 3 0 25 904 1587 514 344 717 5 0
24 416 1054 1634 397 396 171 4 113 714 1931 547 318 459 14 0 109 833 1966 444 304 421 18 1
0 936 594 2068 463 35 0 0 0 987 1885 971 235 18 0 0 0 1007 2030 867 181 11 0 0
134 659 1401 1486 377 34 5 0 157 1148 2463 231 72 25 0 0 153 1437 2116 294 80 16 0 0
41 78 336 2317 1242 67 15 0 44 191 3350 374 89 47 1 0 35 596 3014 314 94 42 1 0
14 722 589 1838 744 189 0 0 0 819 2250 485 377 165 0 0 0 830 2206 325 546 189 0 0
437 1767 1128 724 40 0 0 0 372 2247 1467 10 0 0 0 0 354 2363 1346 33 0 0 0 0
21 365 783 2427 500 0 0 0 68 842 3123 63 0 0 0 0 117 1664 2296 19 0 0 0 0
65 1232 902 1655 242 0 0 0 93 1775 2221 7 0 0 0 0 140 2270 1685 1 0 0 0 0
11 377 1227 2337 144 0 0 0 89 1243 2746 18 0 0 0 0 134 2225 1731 6 0 0 0 0
10 525 1784 1735 42 0 0 0 69 1803 2204 20 0 0 0 0 106 2320 1651 19 0 0 0 0
22 957 1953 1153 11 0 0 0 208 2042 1807 39 0 0 0 0 238 2374 1446 38 0 0 0 0
4 148 324 258 640 2704 18 0 11 303 245 373 1420 1744 0 0 10 79 354 388 1072 2188 5 0
0 30 278 174 165 3003 446 0 0 108 252 169 327 3236 4 0 0 0 222 240 288 3294 52 0
0 4 242 175 153 1695 1827 0 0 25 268 161 270 3365 7 0 0 0 147 254 277 3324 94 0
7 57 258 266 182 720 2606 0 5 63 318 239 297 3145 29 0 1 70 208 310 294 3062 151 0
0 0 189 161 184 723 2839 0 0 3 236 156 340 3218 143 0 0 0 159 182 328 3043 384 0
0 26 228 204 195 1202 2240 1 9 43 277 198 275 3044 250 0 2 30 225 210 366 2864 399 0
0 852 276 280 492 936 1260 0 0 850 313 348 602 1882 101 0 0 784 353 386 626 1796 151 0
375 1181 839 435 347 411 473 35 420 1255 853 411 360 567 222 8 340 1243 899 465 365 522 238 24
1779 725 887 547 104 53 1 0 1846 753 929 431 96 41 0 0 1808 821 967 378 86 36 0 0
169 1005 839 875 383 622 183 20 164 1035 999 727 619 486 62 4 141 949 1092 614 807 452 39 2
227 1400 1188 388 325 420 146 2 163 1353 1464 263 377 399 77 0 94 1320 1575 306 432 310 59 0
50 589 900 1303 474 598 181 1 33 804 1570 541 515 543 90 0 44 1087 1378 534 547 445 61 0
94 1109 1214 1035 236 317 91 0 38 1448 1654 338 280 280 58 0 50 1654 1507 312 274 255 44 0
66 887 1492 1256 194 176 25 0 50 1736 1750 198 219 142 1 0 94 2095 1352 209 213 133 0 0
82 998 1727 1036 156 90 7 0 92 2070 1533 180 148 73 0 0 114 2310 1280 183 146 63 0 0
60 1022 1985 904 86 38 1 0 122 2117 1451 306 74 26 0 0 146 2272 1242 334 79 23 0 0
0 32 316 187 731 2822 8 0 0 197 235 241 2056 1367 0 0 0 13 311 301 1808 1662 1 0
0 31 288 184 692 2890 11 0 0 137 250 214 2568 927 0 0 0 10 320 256 2509 1001 0 0
0 17 259 202 556 3060 2 0 0 77 256 254 2923 586 0 0 0 11 261 273 2919 632 0 0
0 14 223 232 360 3264 3 0 0 49 271 229 3309 238 0 0 0 7 248 260 3245 336 0 0
0 10 200 228 279 3367 12 0 0 47 275 198 3318 258 0 0 0 6 257 212 3112 509 0 0
0 12 197 191 218 3410 68 0 0 62 254 194 2928 658 0 0 0 16 253 205 2565 1057 0 0
0 647 444 188 444 2293 80 0 0 695 479 180 1703 1039 0 0 3 673 468 247 1484 1221 0 0
197 973 535 471 475 922 310 213 219 1030 561 473 894 501 258 160 194 924 697 418 841 560 244 218
1588 591 439 558 715 185 20 0 1644 584 554 502 665 140 7 0 1639 642 583 428 681 112 11 0
1585 1090 872 133 112 304 0 0 1627 1030 922 169 328 20 0 0 1612 910 1010 213 341 10 0 0
363 1299 788 194 451 905 93 3 363 1198 952 340 901 321 19 2 387 1088 1062 341 909 286 18 5
111 400 541 333 1216 1410 85 0 103 454 584 949 1516 487 3 0 135 410 562 1190 1377 421 1 0
13 271 558 482 1725 1003 44 0 8 345 705 1598 879 559 2 0 13 312 1092 1371 836 469 3 0
206 1187 965 661 736 318 23 0 49 1219 1383 785 428 225 7 0 12 1049 1734 647 476 174 4 0
187 1558 1102 626 343 227 52 1 129 1660 1284 430 294 266 33 0 276 1397 1327 420 299 302 71 4
96 1256 1345 885 420 89 5 0 111 1309 1514 756 333 73 0 0 109 1309 1568 740 304 65 1 0
0 8 245 171 760 2912 0 0 0 128 217 219 3124 408 0 0 0 16 243 324 2892 621 0 0
0 6 281 177 364 3252 16 0 0 85 262 189 1772 1788 0 0 0 7 270 237 1783 1797 2 0
0 2 225 198 365 3229 77 0 0 33 263 231 1327 2242 0 0 0 5 213 293 1449 2134 2 0
0 3 183 194 344 2755 617 0 0 33 222 219 1000 2622 0 0 0 1 157 302 1046 2588 2 0
0 1 149 271 304 2182 1189 0 0 27 263 217 1040 2546 3 0 0 6 174 293 1094 2500 29 0
0 1 194 208 283 2681 729 0 0 65 236 196 1648 1943 8 0 0 9 255 213 1688 1914 17 0
7 541 502 175 605 2087 179 0 11 563 569 183 2200 569 1 0 40 565 534 192 2164 599 2 0
73 602 374 309 414 1002 1159 163 86 612 473 333 782 772 995 43 60 588 530 377 861 773 852 55
2083 735 424 355 383 116 0 0 2136 748 422 363 392 35 0 0 2177 741 469 385 316 8 0 0
1301 1335 1244 216 0 0 0 0 1367 1284 1267 178 0 0 0 0 1406 1165 1436 89 0 0 0 0
223 857 896 179 811 1093 37 0 219 880 931 374 1340 350 2 0 212 845 963 480 1245 344 7 0
22 233 342 327 1404 1697 71 0 21 299 356 741 2069 609 1 0 13 252 367 954 1905 603 2 0
295 1266 839 425 586 616 62 7 776 1087 774 584 656 202 17 0 480 1181 934 645 633 202 21 0
213 1501 1029 533 592 227 1 0 411 1463 1086 533 538 65 0 0 364 1327 1249 607 493 56 0 0
23 1002 1169 1066 809 27 0 0 2 883 1510 1318 380 3 0 0 9 932 1912 915 328 0 0 0
49 949 1813 1151 134 0 0 0 17 1039 2030 977 33 0 0 0 107 1838 1763 370 18 0 0 0
0 17 329 462 2379 909 0 0 0 149 335 1510 2061 41 0 0 0 36 405 1376 2176 103 0 0
0 27 283 412 2231 1143 0 0 0 106 301 1425 2120 144 0 0 0 33 332 1357 2196 178 0 0
0 19 205 215 2529 1128 0 0 0 74 227 1226 2391 178 0 0 0 21 233 1142 2495 205 0 0
0 11 248 257 2235 1342 3 0 0 72 255 847 2845 77 0 0 0 17 276 828 2878 97 0 0
0 6 247 377 1271 2168 27 0 0 50 312 729 2355 650 0 0 0 9 313 741 2355 678 0 0
3 12 231 277 808 2495 202 68 2 68 270 573 1745 1276 121 41 0 17 280 611 1792 1248 116 32
66 382 738 444 1019 788 446 213 76 443 820 618 1194 421 415 109 82 602 779 640 1095 426 378 94
21 547 422 586 890 738 789 103 20 534 560 666 963 687 628 38 24 526 593 828 908 668 493 56
195 1852 1107 767 161 14 0 0 309 1988 1090 619 89 1 0 0 358 2060 1122 508 48 0 0 0
89 1003 1885 765 354 0 0 0 147 1055 1897 748 249 0 0 0 168 1102 1928 645 253 0 0 0
339 751 1051 798 990 167 0 0 272 780 1105 923 968 48 0 0 203 831 1156 1014 855 37 0 0
160 450 487 385 1874 740 0 0 92 449 540 447 2267 301 0 0 9 433 505 973 2033 143 0 0
12 197 253 200 1600 1832 2 0 5 166 270 217 2318 1120 0 0 0 131 307 499 2511 648 0 0
14 409 194 730 2131 618 0 0 4 424 184 763 2430 291 0 0 105 357 717 1282 1463 172 0 0
110 1222 241 1012 1510 1 0 0 21 1328 224 1104 1419 0 0 0 603 915 775 1714 89 0 0 0
967 1535 173 1341 80 0 0 0 536 1964 108 1440 48 0 0 0 1858 923 1156 159 0 0 0 0
593 417 772 464 1565 285 0 0 617 498 607 851 1519 4 0 0 463 405 603 1004 1591 30 0 0
544 469 732 757 921 673 0 0 598 423 588 1029 1380 78 0 0 401 385 643 1061 1477 129 0 0
415 490 774 1187 842 388 0 0 424 457 761 1387 1057 10 0 0 299 416 840 1322 1197 22 0 0
255 736 1047 1344 350 364 0 0 242 733 1050 1425 603 43 0 0 166 761 1064 1301 752 52 0 0
223 890 1473 1368 123 19 0 0 217 870 1555 1343 109 2 0 0 121 1206 1381 1099 287 2 0 0
115 1354 1114 756 415 194 118 30 120 1360 1206 817 333 153 86 21 401 1505 991 720 269 123 69 18
274 1852 584 433 487 238 182 46 300 1848 609 459 483 224 144 29 704 1663 449 546 396 190 131 17
14 647 646 1207 1287 295 0 0 16 729 672 1510 1015 154 0 0 65 795 749 1480 899 108 0 0
0 35 141 370 1600 1949 1 0 2 56 154 526 2641 717 0 0 8 80 162 529 2650 667 0 0
0 17 382 111 1730 1854 2 0 0 19 406 126 2447 1098 0 0 0 120 318 144 2657 857 0 0
0 205 1158 91 915 1727 0 0 0 236 1159 82 1631 988 0 0 30 684 686 126 1713 857 0 0
37 205 2262 73 256 1263 0 0 11 275 2238 68 610 894 0 0 109 643 1782 70 803 689 0 0
5 601 2979 60 115 336 0 0 3 635 2958 62 236 202 0 0 184 1062 2352 59 300 139 0 0
709 1772 1615 0 0 0 0 0 516 2039 1541 0 0 0 0 0 1195 2214 687 0 0 0 0 0
1192 2650 254 0 0 0 0 0 867 2911 318 0 0 0 0 0 2385 1711 0 0 0 0 0 0
1156 1988 952 0 0 0 0 0 1011 1997 1086 2 0 0 0 0 2215 1881 0 0 0 0 0 0
215 1571 1556 552 193 9 0 0 154 1564 1591 585 199 3 0 0 520 1684 1185 517 170 20 0 0
9 1630 1429 647 235 146 0 0 7 1464 1616 645 206 158 0 0 216 2127 897 500 211 145 0 0
230 1372 1106 950 185 253 0 0 180 1377 1178 964 142 255 0 0 413 1521 1090 705 129 238 0 0
738 2218 689 129 215 105 2 0 684 2098 866 121 207 118 2 0 1091 2309 279 81 178 156 2 0
1096 2077 534 58 55 273 3 0 911 2195 601 60 57 271 1 0 1457 2009 242 59 63 260 6 0
1340 2075 317 53 87 222 2 0 1108 2269 360 48 110 200 1 0 1908 1687 143 55 156 147 0 0
865 2730 402 58 36 5 0 0 861 2644 511 42 36 2 0 0 1602 2271 167 28 26 2 0 0
95 684 760 1398 1159 0 0 0 133 625 830 1904 604 0 0 0 466 721 658 1957 294 0 0 0
0 107 144 2651 1194 0 0 0 1 124 234 3261 476 0 0 0 20 133 620 3098 225 0 0 0
48 2121 1729 191 5 2 0 0 50 2342 1563 135 5 1 0 0 377 2707 960 47 5 0 0 0
334 1425 2336 1 0 0 0 0 280 1562 2253 1 0 0 0 0 711 2393 992 0 0 0 0 0
457 2146 1490 3 0 0 0 0 189 2318 1585 4 0 0 0 0 1839 1931 326 0 0 0 0 0
558 1439 2055 44 0 0 0 0 460 1371 2158 107 0 0 0 0 1570 2431 95 0 0 0 0 0
314 557 3011 214 0 0 0 0 266 455 3098 277 0 0 0 0 833 2970 293 0 0 0 0 0
0 187 3621 288 0 0 0 0 0 130 3636 330 0 0 0 0 86 3324 681 5 0 0 0 0
0 29 3934 132 1 0 0 0 0 16 3938 142 0 0 0 0 0 3482 612 2 0 0 0 0
2690 1234 74 65 33 0 0 0 2546 1378 72 65 35 0 0 0 2765 1144 70 56 61 0 0 0
1636 2445 15 0 0 0 0 0 1283 2751 62 0 0 0 0 0 2694 1394 8 0 0 0 0 0
913 2548 635 0 0 0 0 0 611 2203 1282 0 0 0 0 0 2355 1730 11 0 0 0 0 0
810 1538 1702 45 1 0 0 0 709 1169 2059 157 2 0 0 0 1795 2195 103 3 0 0 0 0
339 1423 2134 190 10 0 0 0 299 1241 1928 616 12 0 0 0 954 2834 292 16 0 0 0 0
80 884 2992 139 1 0 0 0 73 570 3045 407 1 0 0 0 391 3399 301 5 0 0 0 0
0 540 3242 311 2 1 0 0 0 305 3351 436 3 1 0 0 33 3382 653 26 2 0 0 0
0 111 3158 751 76 0 0 0 0 67 2789 1179 61 0 0 0 49 2838 1095 92 22 0 0 0
52 236 2060 1436 312 0 0 0 77 235 1990 1626 168 0 0 0 148 2096 1277 501 74 0 0 0
260 638 2930 267 1 0 0 0 239 580 3017 259 1 0 0 0 675 2863 551 7 0 0 0 0
16 164 3714 200 2 0 0 0 8 98 3806 182 2 0 0 0 183 3137 771 5 0 0 0 0
0 23 3791 275 7 0 0 0 0 9 3887 196 4 0 0 0 2 3291 790 13 0 0 0 0
0 6 3769 302 19 0 0 0 0 1 3770 304 21 0 0 0 0 3579 483 28 6 0 0 0
4 101 3435 477 71 8 0 0 10 82 3433 505 62 4 0 0 40 3220 708 94 34 0 0 0
0 1 3813 277 5 0 0 0 0 0 3823 267 6 0 0 0 0 3291 762 43 0 0 0 0
0 228 3839 29 0 0 0 0 0 160 3908 28 0 0 0 0 0 3836 256 4 0 0 0 0
1271 2786 39 0 0 0 0 0 442 3013 640 1 0 0 0 0 4033 56 7 0 0 0 0 0
137 2752 1207 0 0 0 0 0 82 1109 2850 55 0 0 0 0 2708 1388 0 0 0 0 0 0
23 724 3204 145 0 0 0 0 14 293 2950 839 0 0 0 0 607 3485 4 0 0 0 0 0
0 155 3289 647 5 0 0 0 0 111 2112 1872 1 0 0 0 97 3542 426 31 0 0 0 0
1 105 2863 1121 6 0 0 0 1 74 2025 1990 6 0 0 0 56 2918 1093 29 0 0 0 0
0 30 1796 2241 25 4 0 0 0 19 1381 2668 24 4 0 0 13 2232 1776 65 10 0 0 0
0 0 1516 2541 35 4 0 0 0 0 1362 2700 30 4 0 0 0 1956 1994 138 7 1 0 0
0 2 1762 2313 19 0 0 0 0 2 1542 2535 17 0 0 0 0 2095 1956 45 0 0 0 0
0 2 2726 1361 6 1 0 0 0 1 2815 1275 4 1 0 0 0 2138 1901 55 2 0 0 0
0 1 2921 1125 48 1 0 0 0 2 3067 982 44 1 0 0 1 2308 1665 101 21 0 0 0
0 4 3407 665 20 0 0 0 0 7 3603 465 21 0 0 0 0 2599 1429 67 1 0 0 0
0 18 3662 395 18 3 0 0 0 20 3749 312 12 3 0 0 3 2806 1228 55 4 0 0 0
0 187 3691 213 5 0 0 0 0 86 3842 163 5 0 0 0 0 3233 849 14 0 0 0 0
0 118 3813 161 4 0 0 0 0 45 3896 150 5 0 0 0 0 3405 670 18 3 0 0 0
0 18 3832 244 2 0 0 0 0 20 3857 218 1 0 0 0 0 2988 1095 13 0 0 0 0
0 1114 2938 32 8 4 0 0 0 1147 2902 35 8 4 0 0 55 3750 270 12 8 1 0 0
