1871 1842 213 74 36 23 19 18 0 990 2657 280 82 32 24 31 53 1978 1372 351 137 108 57 40
1127 2431 444 56 35 3 0 0 0 455 3097 460 60 22 2 0 9 1838 1931 243 58 17 0 0
207 1403 1160 429 278 227 204 188 8 223 1737 1014 366 254 230 264 0 65 886 1274 760 433 325 353
4 1184 1851 406 201 150 99 201 0 8 1224 1914 368 206 118 258 0 0 1062 1430 664 345 254 341
0 168 1608 513 345 328 342 792 0 14 428 1539 491 336 355 933 0 0 44 798 929 559 572 1194
22 872 941 354 267 256 282 1102 0 79 1146 765 323 285 288 1210 0 4 337 761 508 528 483 1475
262 1600 1523 260 170 109 73 99 0 492 1961 1083 213 145 91 111 0 104 2068 1148 302 161 145 168
7 1710 1980 212 99 59 22 7 0 19 2573 1219 144 89 34 18 0 74 2725 890 226 109 54 18
0 570 2833 436 116 80 44 17 0 0 1625 2063 200 102 72 34 0 18 2078 1461 287 124 79 49
11 362 2165 686 310 205 146 211 0 46 986 1890 475 271 185 243 0 6 678 1885 558 364 246 359
9 111 571 703 553 407 342 1400 1 66 295 611 650 514 440 1519 0 0 65 410 647 620 537 1817
4 556 1015 751 300 245 241 984 0 36 870 1095 479 295 235 1086 0 7 487 986 679 364 333 1240
2 429 2313 591 164 156 158 283 3 95 1618 1521 204 176 168 311 0 81 1910 852 392 247 190 424
8 282 2851 950 5 0 0 0 1 133 1634 2286 42 0 0 0 0 244 2810 1033 9 0 0 0
0 736 2393 963 4 0 0 0 0 123 2019 1913 41 0 0 0 0 521 2472 1094 9 0 0 0
1 636 2810 628 21 0 0 0 0 16 2765 1228 81 6 0 0 0 326 3040 715 15 0 0 0
9 733 2751 583 15 5 0 0 0 30 1785 2020 248 11 2 0 0 327 2986 752 25 6 0 0
0 290 2002 1555 237 12 0 0 0 0 488 2387 1056 159 6 0 0 95 1809 1899 289 4 0 0
0 446 1254 1832 495 60 9 0 0 2 561 1615 1473 394 45 6 0 67 1817 1831 357 24 0 0
0 318 1220 1451 802 234 71 0 0 4 396 1349 1369 683 223 72 0 84 1370 1743 711 155 33 0
11 489 2648 735 202 11 0 0 0 18 1724 1533 664 149 8 0 0 230 2901 793 169 3 0 0
141 755 2258 889 53 0 0 0 0 346 1005 2316 405 24 0 0 28 570 2342 1135 21 0 0 0
149 698 295 1332 1622 0 0 0 0 496 645 1290 1665 0 0 0 48 834 486 2404 324 0 0 0
8 153 974 730 2223 8 0 0 0 24 425 1449 2187 11 0 0 0 10 395 2469 1180 42 0 0
0 319 1664 1519 559 10 11 14 0 64 652 1706 1602 38 14 20 0 43 494 1520 1248 746 18 27
1092 1740 500 270 194 149 100 51 0 582 2244 499 270 197 168 136 37 1704 964 415 344 263 199 170
1794 1916 203 86 42 30 18 7 12 1331 2440 169 75 31 26 12 333 2388 1035 203 68 34 27 8
312 2601 784 183 75 52 43 46 1 281 2936 559 140 70 50 59 3 644 2067 919 238 87 59 79
29 1826 1152 386 272 181 118 132 2 106 2019 1055 334 245 160 175 0 87 1347 1324 572 348 208 210
37 850 1093 501 394 321 303 597 1 104 1267 858 441 365 341 719 0 43 730 690 658 553 501 921
80 1509 1303 398 206 162 129 309 2 329 1858 922 286 183 156 360 0 106 1175 1140 652 327 234 462
83 1649 1496 458 236 100 34 40 0 366 2058 1070 327 165 59 51 0 438 1735 1112 436 233 81 61
18 1469 2112 323 131 24 10 9 0 113 2164 1495 211 87 14 12 0 609 2599 668 154 33 20 13
2 1199 2235 523 103 12 7 15 0 50 2218 1503 283 15 11 16 0 263 2554 1024 205 21 8 21
2 799 2404 569 146 67 48 61 0 35 2106 1418 330 84 55 68 0 59 2402 981 335 133 81 105
1 402 2301 729 323 181 104 55 0 21 1184 1917 484 260 134 96 0 48 1320 1596 580 293 151 108
0 157 2280 994 289 143 88 145 0 34 699 2280 555 227 129 172 0 4 1078 1820 593 240 128 233
20 1103 1735 686 213 139 93 107 5 418 1799 1080 388 165 108 133 1 259 1956 1014 367 212 125 162
22 2552 1492 30 0 0 0 0 0 1156 2899 41 0 0 0 0 2 2850 1239 5 0 0 0 0
3 396 3237 448 12 0 0 0 0 135 2826 1104 31 0 0 0 0 440 3221 435 0 0 0 0
0 697 2913 448 38 0 0 0 0 118 2652 1201 101 24 0 0 0 424 3296 367 9 0 0 0
0 449 3192 444 11 0 0 0 0 1 1988 1974 126 7 0 0 0 550 3149 386 11 0 0 0
0 70 2432 1523 71 0 0 0 0 0 391 2849 826 30 0 0 0 43 2596 1431 26 0 0 0
0 213 1480 1963 416 24 0 0 0 3 412 1793 1570 296 22 0 0 110 2482 1412 92 0 0 0
11 832 2148 974 126 5 0 0 0 37 1316 2035 636 70 2 0 3 446 2932 693 22 0 0 0
17 796 2767 464 51 1 0 0 0 94 2304 1444 245 9 0 0 0 465 3290 339 2 0 0 0
0 822 2610 584 80 0 0 0 0 5 1723 2223 145 0 0 0 0 274 2873 731 218 0 0 0
5 197 1997 1777 120 0 0 0 0 17 468 2777 834 0 0 0 0 0 429 1362 2123 182 0 0
31 167 670 3171 57 0 0 0 0 73 188 1005 2789 41 0 0 0 6 154 214 1752 1953 17 0
0 0 289 3558 249 0 0 0 0 0 0 331 3632 133 0 0 0 0 0 0 412 3615 69 0
692 1981 1031 201 129 50 12 0 0 363 2616 753 202 107 43 12 101 1754 1675 364 132 47 23 0
2382 1015 609 52 20 9 9 0 12 2308 1442 285 19 14 13 3 714 2557 747 38 22 17 1 0
726 2283 912 166 9 0 0 0 0 899 2519 652 19 7 0 0 22 2374 1555 132 12 1 0 0
144 1934 1132 660 110 58 47 11 0 175 2330 1280 135 87 59 30 0 959 2327 555 132 80 43 0
42 1900 1126 966 39 22 1 0 0 234 2439 1287 91 29 16 0 0 581 2688 744 56 26 1 0
22 1665 1219 1108 42 33 7 0 0 229 2290 1406 98 48 22 3 0 739 2320 946 50 36 5 0
32 1268 1489 1283 19 4 1 0 0 168 2371 1449 92 11 5 0 0 667 2449 952 22 4 2 0
21 1420 1327 1292 36 0 0 0 0 340 2434 1310 12 0 0 0 1 1184 2293 618 0 0 0 0
0 970 1495 1552 79 0 0 0 0 70 2445 1575 6 0 0 0 0 556 2952 588 0 0 0 0
0 366 1600 1716 389 24 1 0 0 104 1632 2204 95 51 9 1 0 198 2512 1299 73 13 1 0
0 336 1140 1822 735 36 24 3 8 116 1134 2488 220 80 39 11 0 231 1842 1827 124 45 24 3
0 36 1654 1373 1033 0 0 0 0 31 1196 2849 20 0 0 0 0 36 2384 1676 0 0 0 0
24 438 1281 1413 895 31 7 7 6 296 1108 2458 158 46 15 9 10 535 2002 1436 74 27 12 0
1 1652 2429 14 0 0 0 0 0 365 3680 51 0 0 0 0 0 2393 1703 0 0 0 0 0
0 388 3045 662 1 0 0 0 0 115 2952 1021 8 0 0 0 0 677 3026 392 1 0 0 0
0 1725 1780 476 115 0 0 0 0 414 2921 583 178 0 0 0 0 1530 2041 509 16 0 0 0
0 880 2326 868 22 0 0 0 0 70 2104 1860 62 0 0 0 2 745 2823 525 1 0 0 0
6 54 1268 2424 344 0 0 0 12 44 418 3335 287 0 0 0 0 54 1976 2046 20 0 0 0
44 150 373 2234 1295 0 0 0 17 228 446 3203 202 0 0 0 0 142 1153 2774 27 0 0 0
74 343 282 2025 1371 1 0 0 68 401 393 2991 196 47 0 0 9 404 943 2616 124 0 0 0
12 874 1919 958 333 0 0 0 6 110 2562 1332 86 0 0 0 0 597 2457 1005 37 0 0 0
77 485 1101 1569 864 0 0 0 26 386 779 2535 364 6 0 0 0 259 1171 1874 790 2 0 0
1 23 2025 2047 0 0 0 0 0 1 25 3042 1028 0 0 0 0 0 3 59 3795 239 0 0
0 0 307 3762 27 0 0 0 0 0 0 756 3329 11 0 0 0 0 0 0 1339 2757 0 0
0 0 538 3372 186 0 0 0 0 0 0 637 3378 81 0 0 0 0 0 0 840 3247 9 0
553 1385 1984 174 0 0 0 0 1 723 3021 351 0 0 0 0 99 1859 2132 6 0 0 0 0
254 1407 1694 741 0 0 0 0 2 677 2749 668 0 0 0 0 0 1400 2696 0 0 0 0 0
211 1050 1643 1191 1 0 0 0 0 591 2588 911 6 0 0 0 0 829 2917 345 5 0 0 0
945 520 1210 1421 0 0 0 0 86 1154 1584 1270 2 0 0 0 13 1339 2542 202 0 0 0 0
869 674 888 1665 0 0 0 0 110 1240 1508 1238 0 0 0 0 4 1319 2600 173 0 0 0 0
221 1016 896 1948 15 0 0 0 53 913 1196 1877 57 0 0 0 0 569 2525 994 8 0 0 0
304 1296 814 1558 124 0 0 0 23 1385 1018 1669 1 0 0 0 1 1079 2257 759 0 0 0 0
119 1415 630 1503 429 0 0 0 54 1383 604 2052 3 0 0 0 2 1092 1800 1179 23 0 0 0
44 2120 340 925 667 0 0 0 26 2017 366 1687 0 0 0 0 5 1781 1100 1206 4 0 0 0
545 1392 540 747 872 0 0 0 318 1513 501 1729 35 0 0 0 47 1460 1032 1531 26 0 0 0
191 1435 479 1224 767 0 0 0 231 1267 493 1946 159 0 0 0 9 953 1003 1944 187 0 0 0
27 811 337 1282 1531 108 0 0 40 844 812 1960 413 27 0 0 0 430 1226 2108 327 5 0 0
21 2031 975 673 396 0 0 0 53 1858 1014 1076 95 0 0 0 6 1811 1266 997 16 0 0 0
2 873 2774 447 0 0 0 0 0 485 3063 547 1 0 0 0 6 1408 2577 105 0 0 0 0
0 160 2452 1470 14 0 0 0 0 109 2317 1653 17 0 0 0 0 331 3210 548 7 0 0 0
208 1848 1684 337 19 0 0 0 183 1300 2138 372 96 7 0 0 26 2259 1512 263 36 0 0 0
135 1593 2038 300 30 0 0 0 89 648 2420 848 84 7 0 0 12 1556 2149 346 30 3 0 0
68 1729 1704 593 2 0 0 0 32 1347 1547 1089 81 0 0 0 25 1475 1933 656 7 0 0 0
45 2775 931 343 2 0 0 0 18 2559 963 528 28 0 0 0 383 1638 1336 728 11 0 0 0
37 4054 5 0 0 0 0 0 10 4082 4 0 0 0 0 0 2478 1565 53 0 0 0 0 0
14 1048 2632 402 0 0 0 0 6 701 2727 579 83 0 0 0 7 1027 2517 481 64 0 0 0
73 2132 1506 385 0 0 0 0 4 1885 978 1226 3 0 0 0 4 1663 1206 566 657 0 0 0
5 76 1618 2397 0 0 0 0 0 9 124 2899 1064 0 0 0 0 0 9 183 3640 264 0 0
0 0 337 3673 86 0 0 0 0 0 0 1089 2998 9 0 0 0 0 0 0 1745 2349 2 0
0 0 780 3091 225 0 0 0 0 0 0 1214 2808 74 0 0 0 0 0 0 1293 2771 32 0
1176 2722 198 0 0 0 0 0 0 1224 2866 6 0 0 0 0 210 2156 1730 0 0 0 0 0
1684 2262 150 0 0 0 0 0 17 2226 1850 3 0 0 0 0 12 2337 1747 0 0 0 0 0
1464 1523 1077 25 7 0 0 0 114 1818 1926 224 14 0 0 0 54 1803 1932 301 6 0 0 0
1616 1570 906 4 0 0 0 0 28 2244 1697 127 0 0 0 0 17 1892 2101 86 0 0 0 0
1927 1270 879 20 0 0 0 0 105 2691 1210 90 0 0 0 0 6 2560 1384 146 0 0 0 0
350 2177 1425 144 0 0 0 0 67 1570 1873 586 0 0 0 0 2 951 2315 828 0 0 0 0
1175 1671 1147 103 0 0 0 0 71 2450 1180 395 0 0 0 0 1 1948 1734 413 0 0 0 0
287 2256 1056 495 2 0 0 0 46 2181 1201 663 5 0 0 0 3 2042 1349 681 21 0 0 0
861 2706 361 168 0 0 0 0 16 3122 707 250 1 0 0 0 24 2775 989 291 17 0 0 0
1359 1414 855 468 0 0 0 0 710 1886 780 712 8 0 0 0 56 2055 1346 639 0 0 0 0
306 2163 581 1004 42 0 0 0 220 2081 634 1015 146 0 0 0 18 1605 1211 1028 234 0 0 0
449 2012 599 832 204 0 0 0 88 3509 424 75 0 0 0 0 4 1918 2058 116 0 0 0 0
91 2422 911 336 335 1 0 0 58 2593 1238 200 7 0 0 0 4 1232 2610 243 7 0 0 0
55 1263 2515 262 1 0 0 0 1 851 2776 436 32 0 0 0 8 1866 2135 87 0 0 0 0
0 502 2841 744 9 0 0 0 0 675 2751 654 16 0 0 0 0 1041 2874 180 1 0 0 0
209 1754 1843 290 0 0 0 0 89 1544 2162 301 0 0 0 0 17 2310 1565 203 1 0 0 0
233 1679 1732 432 20 0 0 0 186 1087 2107 628 84 4 0 0 42 2184 1532 314 24 0 0 0
53 2139 1331 561 12 0 0 0 54 2001 1145 877 19 0 0 0 15 2044 1392 635 10 0 0 0
10 2166 1612 308 0 0 0 0 1 1949 1549 597 0 0 0 0 311 1312 1770 702 1 0 0 0
15 3981 54 46 0 0 0 0 0 3994 50 52 0 0 0 0 2254 1699 73 67 3 0 0 0
29 1899 1718 448 2 0 0 0 3 1007 2320 710 56 0 0 0 0 1469 2056 519 52 0 0 0
755 1341 1445 555 0 0 0 0 111 1333 1217 1412 23 0 0 0 21 1352 1201 775 747 0 0 0
0 80 1443 2573 0 0 0 0 0 0 166 2944 986 0 0 0 0 0 1 247 3702 146 0 0
0 0 342 3681 73 0 0 0 0 0 0 1107 2986 3 0 0 0 0 0 0 1581 2515 0 0
0 0 779 3190 127 0 0 0 0 0 0 1480 2539 77 0 0 0 0 0 0 1640 2384 72 0
1598 2261 237 0 0 0 0 0 0 1919 2170 7 0 0 0 0 1110 1775 1210 1 0 0 0 0
1228 2595 273 0 0 0 0 0 0 1713 2376 7 0 0 0 0 1 1280 2789 26 0 0 0 0
1976 1313 802 5 0 0 0 0 73 2333 1558 132 0 0 0 0 36 2423 1555 82 0 0 0 0
512 2597 975 12 0 0 0 0 0 1259 2731 106 0 0 0 0 0 847 3062 187 0 0 0 0
895 2388 813 0 0 0 0 0 11 2338 1726 21 0 0 0 0 1 1643 2388 64 0 0 0 0
130 2234 1634 98 0 0 0 0 11 1040 2463 582 0 0 0 0 0 635 2649 812 0 0 0 0
451 2216 1355 74 0 0 0 0 2 2213 1547 334 0 0 0 0 0 1259 2335 502 0 0 0 0
271 2031 1121 651 22 0 0 0 71 2168 1027 812 18 0 0 0 0 2068 1248 748 32 0 0 0
486 3198 389 23 0 0 0 0 4 2795 1247 48 2 0 0 0 0 2008 1932 153 3 0 0 0
990 1479 1025 601 1 0 0 0 458 1863 978 792 5 0 0 0 49 1783 1521 741 2 0 0 0
221 2190 638 1006 41 0 0 0 172 2113 688 1045 78 0 0 0 33 1692 1177 1025 169 0 0 0
301 802 955 1783 255 0 0 0 313 3668 115 0 0 0 0 0 4 2446 1644 2 0 0 0 0
70 1302 1193 1048 347 129 7 0 52 3072 680 222 70 0 0 0 0 2084 1648 306 58 0 0 0
14 1107 2596 334 45 0 0 0 2 736 2826 460 71 1 0 0 4 1400 2583 109 0 0 0 0
0 50 2521 1504 21 0 0 0 0 174 2569 1345 8 0 0 0 0 341 3340 415 0 0 0 0
89 1751 2126 130 0 0 0 0 34 1682 2246 134 0 0 0 0 2 2219 1735 140 0 0 0 0
312 1384 1893 480 27 0 0 0 149 1360 1912 593 82 0 0 0 10 1895 1593 503 95 0 0 0
11 2240 1420 424 1 0 0 0 13 2630 1067 386 0 0 0 0 0 2628 1079 386 3 0 0 0
0 1465 2242 389 0 0 0 0 0 1978 1637 480 1 0 0 0 68 1612 1868 548 0 0 0 0
0 3560 388 147 1 0 0 0 0 3851 82 149 14 0 0 0 716 3089 124 159 8 0 0 0
243 1899 1611 343 0 0 0 0 76 1050 2582 359 29 0 0 0 27 2283 1398 358 30 0 0 0
641 1835 907 713 0 0 0 0 61 1703 942 1383 7 0 0 0 15 1801 828 530 922 0 0 0
0 42 959 3095 0 0 0 0 0 4 73 2888 1131 0 0 0 0 0 2 128 3742 224 0 0
0 0 160 3873 63 0 0 0 0 0 0 774 3318 4 0 0 0 0 0 0 1279 2817 0 0
0 0 601 3263 232 0 0 0 0 0 0 1473 2518 105 0 0 0 0 0 0 1621 2443 32 0
247 857 2174 799 19 0 0 0 0 511 2012 1412 161 0 0 0 114 671 2805 429 77 0 0 0
548 2205 810 495 38 0 0 0 0 811 2549 641 95 0 0 0 0 722 2790 485 99 0 0 0
833 1469 1196 478 120 0 0 0 6 1191 2177 564 158 0 0 0 5 1296 2170 478 147 0 0 0
68 1814 1539 426 249 0 0 0 0 512 2550 788 246 0 0 0 0 297 2884 667 248 0 0 0
250 1597 1583 364 302 0 0 0 0 1092 2330 456 218 0 0 0 0 777 2559 498 262 0 0 0
79 1273 2053 410 281 0 0 0 0 514 2559 836 187 0 0 0 0 407 2468 996 225 0 0 0
26 1413 1673 720 264 0 0 0 0 943 2058 1024 71 0 0 0 0 312 2373 1262 149 0 0 0
146 1214 1387 1116 233 0 0 0 27 1225 1390 1390 64 0 0 0 0 978 1534 1475 109 0 0 0
18 1860 1346 643 187 13 11 18 0 1176 2053 766 59 11 14 17 0 789 2161 1000 99 15 15 17
431 1435 1363 810 57 0 0 0 68 1716 1455 831 26 0 0 0 3 1261 1957 866 9 0 0 0
72 1075 1152 1703 94 0 0 0 67 1090 1205 1662 72 0 0 0 6 799 1322 1822 147 0 0 0
34 1267 1789 996 10 0 0 0 21 2329 1202 544 0 0 0 0 2 1924 1489 681 0 0 0 0
29 844 2834 364 25 0 0 0 14 1395 2423 264 0 0 0 0 0 1399 2431 266 0 0 0 0
3 602 3291 200 0 0 0 0 0 300 3584 210 2 0 0 0 0 1060 3017 19 0 0 0 0
0 107 2897 1089 3 0 0 0 0 146 3174 775 1 0 0 0 0 466 3469 161 0 0 0 0
16 1511 2304 265 0 0 0 0 7 1477 2385 227 0 0 0 0 0 2077 1726 293 0 0 0 0
126 753 1789 1395 33 0 0 0 50 741 1899 1324 82 0 0 0 0 547 1996 1335 217 1 0 0
5 921 2020 1026 122 2 0 0 1 1047 2072 883 91 2 0 0 0 781 2325 942 45 3 0 0
0 708 1986 1208 194 0 0 0 0 679 1900 1417 100 0 0 0 0 595 1687 1746 68 0 0 0
3 1448 1250 1320 75 0 0 0 0 1395 1233 1416 52 0 0 0 9 1456 1019 1581 31 0 0 0
28 810 2508 658 92 0 0 0 1 425 2673 887 110 0 0 0 0 387 2554 1101 54 0 0 0
76 1755 1006 1257 2 0 0 0 8 505 1830 1700 53 0 0 0 0 987 1255 597 1257 0 0 0
0 122 706 3239 29 0 0 0 0 4 198 2476 1412 6 0 0 0 0 4 214 3449 425 4 0
0 0 136 3782 178 0 0 0 0 0 0 853 3243 0 0 0 0 0 0 1 1244 2849 2 0
0 4 478 3354 260 0 0 0 0 0 20 1242 2778 56 0 0 0 0 0 0 1588 2489 19 0
0 18 172 1692 2062 152 0 0 0 20 92 1643 2212 129 0 0 0 6 264 2772 1051 3 0 0
0 25 145 690 3039 197 0 0 1 44 140 874 2938 99 0 0 0 18 169 2142 1759 8 0 0
1 25 119 296 3083 572 0 0 4 36 127 625 3016 288 0 0 0 19 109 1600 2335 33 0 0
0 33 70 274 2760 958 1 0 3 49 84 457 3079 424 0 0 0 22 93 1005 2919 57 0 0
0 2 27 215 2276 1562 14 0 0 3 74 318 3155 543 3 0 0 2 38 598 3269 183 6 0
0 35 119 271 1926 1729 16 0 4 69 132 385 2647 857 2 0 0 21 121 600 2904 450 0 0
2 604 221 346 1700 1196 27 0 2 589 303 506 2201 469 26 0 0 357 368 741 2249 350 31 0
59 1696 395 256 1072 618 0 0 5 1628 606 247 1249 361 0 0 0 792 1315 349 1403 237 0 0
1044 1879 85 79 358 385 122 144 56 2774 178 105 441 271 104 167 63 1965 884 136 550 185 111 202
714 1495 405 489 713 280 0 0 34 2109 660 472 665 156 0 0 119 1644 1052 573 593 115 0 0
553 993 93 375 959 1123 0 0 155 1321 263 558 1681 118 0 0 108 1112 437 1015 1386 38 0 0
1422 1818 229 193 325 109 0 0 332 2934 237 362 221 10 0 0 331 2750 406 436 173 0 0 0
15 689 2347 572 251 210 12 0 33 976 2189 525 281 92 0 0 21 741 2429 596 303 6 0 0
0 215 3650 231 0 0 0 0 0 118 3722 241 15 0 0 0 0 898 3141 57 0 0 0 0
0 138 3703 255 0 0 0 0 0 144 3857 95 0 0 0 0 0 735 3361 0 0 0 0 0
864 1117 1225 60 305 488 37 0 501 1544 1185 180 506 179 1 0 241 2555 436 253 570 41 0 0
763 2545 137 342 250 59 0 0 43 3296 122 478 152 5 0 0 166 2536 767 485 140 2 0 0
131 1766 835 522 758 84 0 0 0 2105 688 779 504 20 0 0 39 1345 1406 1043 263 0 0 0
3 831 115 1003 1917 222 5 0 0 771 186 1626 1346 165 2 0 0 387 522 1852 817 516 2 0
0 12 31 879 1830 1317 27 0 0 12 17 994 1524 1383 166 0 0 0 14 806 922 1807 547 0
0 57 233 526 1427 1834 19 0 0 36 256 562 1147 1996 99 0 0 0 271 515 629 2302 379 0
0 267 166 1186 1802 666 9 0 21 52 313 1054 1389 1229 38 0 0 6 338 202 1387 2087 76 0
0 82 352 3660 2 0 0 0 0 3 148 1615 2330 0 0 0 0 0 0 181 3018 897 0 0
0 0 228 3778 90 0 0 0 0 0 0 552 3534 10 0 0 0 0 0 0 960 3136 0 0
0 6 452 3320 318 0 0 0 0 0 13 698 3337 48 0 0 0 0 0 3 1196 2881 16 0
16 1470 1703 660 245 2 0 0 0 73 2163 1508 352 0 0 0 81 1741 1307 925 42 0 0 0
8 1119 1454 777 631 107 0 0 0 108 1868 1313 748 59 0 0 74 1470 1239 943 367 3 0 0
0 398 897 526 1400 858 17 0 0 5 1008 831 1569 652 31 0 1 552 912 758 1658 214 1 0
0 0 15 80 1347 2615 39 0 0 0 13 108 1611 2322 42 0 0 0 5 177 1812 2093 9 0
0 0 96 191 532 2918 359 0 0 6 137 201 861 2678 213 0 0 0 74 261 740 2765 256 0
0 4 127 156 605 2545 659 0 0 14 168 167 1175 2049 523 0 0 0 65 395 1255 2040 341 0
0 366 261 274 785 2169 241 0 0 373 292 313 1799 1193 126 0 0 290 323 575 1962 882 64 0
0 368 1321 1064 741 554 48 0 0 246 1888 926 717 317 2 0 0 304 1976 1003 557 256 0 0
924 1179 902 402 420 267 2 0 105 2150 894 442 440 65 0 0 416 1807 1099 385 382 7 0 0
1677 1071 379 449 426 84 10 0 537 2213 551 465 293 36 1 0 816 1861 764 497 154 4 0 0
3468 624 4 0 0 0 0 0 1237 2852 7 0 0 0 0 0 2268 1821 7 0 0 0 0 0
2413 467 400 161 220 415 20 0 976 1956 402 195 450 115 2 0 1103 1782 431 400 352 28 0 0
6 230 1672 541 702 824 121 0 2 286 1851 649 923 384 1 0 2 780 1372 899 853 190 0 0
0 36 3800 260 0 0 0 0 0 63 4019 14 0 0 0 0 0 653 3443 0 0 0 0 0
0 69 3784 243 0 0 0 0 0 121 3935 40 0 0 0 0 0 691 3401 4 0 0 0 0
7 257 1141 44 271 2156 220 0 27 331 1064 80 1620 972 2 0 2 585 834 287 2066 322 0 0
1929 1341 88 67 167 480 24 0 413 2879 82 80 424 217 1 0 879 2352 140 142 464 119 0 0
1432 1827 51 29 270 479 8 0 315 2970 37 66 547 161 0 0 546 2665 109 118 594 64 0 0
1089 2165 126 182 474 60 0 0 16 3206 144 186 435 107 2 0 13 2843 479 197 341 220 3 0
105 74 25 40 1766 2005 81 0 6 162 24 29 1294 2424 157 0 0 55 117 34 206 2546 1136 2
0 0 0 71 2756 1269 0 0 0 0 0 0 2197 1898 1 0 0 0 0 0 695 3145 256 0
0 0 22 512 1954 1608 0 0 0 0 8 76 1865 2144 3 0 0 0 0 4 988 2271 833 0
0 48 214 3668 156 10 0 0 0 0 149 585 3347 15 0 0 0 0 0 156 2120 1812 8 0
0 0 104 3831 161 0 0 0 0 0 0 538 3554 4 0 0 0 0 0 0 964 3132 0 0
0 13 719 3074 271 19 0 0 0 0 28 1025 2896 129 18 0 0 0 0 15 1599 2431 42 9
547 2926 487 99 37 0 0 0 0 856 3026 137 77 0 0 0 677 3147 156 110 6 0 0 0
479 2791 717 108 1 0 0 0 0 1924 1984 186 2 0 0 0 871 2861 346 18 0 0 0 0
0 731 2033 886 402 44 0 0 0 38 2178 1359 469 52 0 0 2 1318 1742 856 176 2 0 0
0 26 652 848 1892 677 1 0 0 72 512 1016 1922 573 1 0 0 56 922 905 2111 102 0 0
0 34 302 187 1833 1624 116 0 0 54 335 163 2101 1390 53 0 0 11 369 261 2337 1099 19 0
0 3 251 115 550 2589 588 0 0 12 287 89 1072 2224 412 0 0 3 226 196 1736 1679 256 0
0 2 160 220 326 3340 48 0 0 9 275 127 1155 2512 18 0 0 1 206 248 2048 1570 23 0
0 21 423 593 1487 1540 32 0 0 74 489 621 2035 877 0 0 0 30 449 909 2279 429 0 0
0 23 295 1322 1026 1100 330 0 0 50 693 1225 1141 924 63 0 0 9 751 1504 1178 654 0 0
1006 422 228 459 658 1129 194 0 115 1315 387 488 955 804 32 0 403 880 517 712 1165 419 0 0
2169 587 222 168 297 552 101 0 628 2151 261 147 478 429 2 0 1270 1475 319 268 569 195 0 0
571 838 334 121 369 1653 210 0 238 1238 299 152 932 1230 7 0 160 1077 510 260 1350 738 1 0
0 128 2134 215 172 1359 88 0 8 230 2005 243 401 1207 2 0 0 1193 1075 250 854 724 0 0
0 95 3340 652 9 0 0 0 0 274 3694 126 2 0 0 0 0 738 3342 16 0 0 0 0
0 0 3641 455 0 0 0 0 0 8 3957 131 0 0 0 0 0 451 3621 24 0 0 0 0
4 372 1597 151 905 1065 2 0 3 416 1575 188 1394 520 0 0 1 571 1366 274 1638 246 0 0
39 497 236 640 1827 855 2 0 34 552 230 1020 1788 471 1 0 0 290 445 1230 1789 342 0 0
97 832 274 865 1011 1003 14 0 18 922 298 907 1308 640 3 0 0 682 540 849 1181 844 0 0
0 229 73 1369 2017 400 8 0 0 219 85 1130 2116 538 8 0 0 16 271 733 1578 1399 99 0
1 446 310 105 2136 1084 14 0 0 397 342 86 1688 1467 116 0 0 20 644 122 307 2622 381 0
0 0 0 18 1874 2080 124 0 0 0 0 0 1318 2376 402 0 0 0 0 0 84 2397 1612 3
0 0 0 47 1543 2153 353 0 0 0 0 5 782 2009 1300 0 0 0 0 0 126 1739 2099 132
0 42 96 2467 1123 319 49 0 0 1 98 128 3234 405 230 0 0 0 1 87 552 2959 393 104
0 4 82 3736 274 0 0 0 0 0 45 276 3755 20 0 0 0 0 0 10 763 3320 3 0
0 33 906 2683 464 10 0 0 0 0 78 1195 2585 235 3 0 0 0 0 38 1710 2293 55 0
539 1562 603 699 675 18 0 0 1 1155 1384 863 686 7 0 0 749 1413 788 1061 85 0 0 0
477 1389 429 682 1030 89 0 0 6 1442 807 865 933 43 0 0 629 1340 597 1234 296 0 0 0
22 881 821 700 1460 211 1 0 0 219 1442 1004 1363 68 0 0 36 811 1222 1568 457 2 0 0
1 67 104 540 2635 749 0 0 0 4 151 968 2768 205 0 0 0 48 216 2346 1481 5 0 0
0 0 0 306 2696 1089 5 0 0 0 25 923 2903 245 0 0 0 0 46 2096 1933 21 0 0
0 0 0 226 2595 1269 6 0 0 0 2 906 2968 220 0 0 0 0 34 2206 1846 10 0 0
0 0 3 231 2357 1475 30 0 0 0 30 1017 2781 268 0 0 0 0 48 2264 1751 33 0 0
0 0 6 107 1979 1961 43 0 0 0 17 801 2960 318 0 0 0 0 37 1869 2153 37 0 0
0 0 2 97 1779 2155 63 0 0 0 17 711 2922 446 0 0 0 0 44 1806 2223 23 0 0
202 296 117 319 1809 1329 24 0 45 459 159 988 2225 218 2 0 44 365 276 1943 1451 17 0 0
400 698 387 670 1703 238 0 0 85 1062 521 1615 804 9 0 0 56 1067 878 1933 162 0 0 0
27 233 268 346 1984 1076 161 1 1 288 342 1472 1658 332 3 0 0 263 437 2329 970 97 0 0
0 13 1323 1259 677 703 119 2 1 33 1752 1139 835 334 2 0 0 93 2171 930 826 76 0 0
0 0 3215 827 51 3 0 0 0 19 3732 322 23 0 0 0 0 134 3851 110 1 0 0 0
0 119 2925 228 199 526 99 0 0 125 3051 132 460 317 11 0 0 932 2269 161 614 120 0 0
0 6 1201 857 975 942 114 1 0 3 1587 772 1317 399 18 0 0 56 1613 923 1346 156 2 0
0 0 86 371 1588 1808 243 0 0 0 141 831 2225 896 3 0 0 0 72 1112 2380 532 0 0
0 1 121 610 1542 1734 88 0 0 0 155 784 1877 1232 48 0 0 0 65 758 1716 1430 127 0
0 0 2 198 1259 1953 684 0 0 0 2 118 1182 1974 820 0 0 0 0 19 604 1650 1815 8
0 30 42 27 420 2642 935 0 0 21 49 21 270 2151 1584 0 0 0 34 42 44 928 2943 105
0 0 0 8 517 2167 1404 0 0 0 0 6 294 1625 2171 0 0 0 0 0 13 761 2851 471
0 0 0 0 313 2666 1117 0 0 0 0 0 151 1270 2675 0 0 0 0 0 2 299 2838 957
0 0 0 1386 1644 841 225 0 0 0 0 9 2562 709 813 3 0 0 0 0 57 2797 712 530
0 0 7 3783 306 0 0 0 0 0 0 63 4017 16 0 0 0 0 0 0 314 3781 1 0
0 34 750 2755 547 10 0 0 0 0 54 1092 2647 300 3 0 0 0 0 8 1588 2436 64 0
829 1334 673 625 621 14 0 0 36 1090 1363 805 681 121 0 0 294 1339 1295 726 364 78 0 0
1257 536 296 550 1303 154 0 0 102 1674 379 795 1109 37 0 0 1176 833 337 1492 257 1 0 0
315 211 262 594 2019 687 8 0 22 485 326 1118 1990 155 0 0 200 392 469 2157 863 15 0 0
0 2 44 846 2546 653 5 0 0 2 110 1327 2412 245 0 0 0 3 304 2562 1216 11 0 0
0 0 5 362 2543 1173 13 0 0 2 25 853 2783 432 1 0 0 2 69 2052 1934 39 0 0
0 0 0 287 2494 1299 16 0 0 0 23 864 2808 399 2 0 0 0 76 2149 1843 28 0 0
0 0 8 184 1937 1887 80 0 0 0 25 748 2687 635 1 0 0 0 45 1740 2228 83 0 0
0 0 0 122 1972 1941 61 0 0 0 12 928 2631 522 3 0 0 0 55 1927 2058 56 0 0
0 0 0 95 1822 2110 69 0 0 0 9 734 3013 340 0 0 0 0 77 2139 1853 27 0 0
0 0 0 65 1591 2279 161 0 0 0 0 722 2791 576 7 0 0 0 28 2001 2008 59 0 0
0 0 2 74 1374 2096 539 11 0 2 29 708 2405 879 73 0 0 1 91 1779 1901 321 3 0
0 0 0 18 746 2354 955 23 0 0 10 334 2183 1503 66 0 0 0 7 880 2600 604 5 0
0 0 0 14 562 2570 930 20 0 0 2 219 2320 1503 52 0 0 0 3 603 2969 520 1 0
0 2 98 114 953 2402 519 8 0 2 105 418 2313 1233 25 0 0 3 141 842 2710 400 0 0
0 0 1 50 991 2484 566 4 0 0 3 341 2433 1282 37 0 0 0 7 664 2854 567 4 0
0 0 9 221 1702 1974 189 1 0 0 64 829 2502 686 15 0 0 0 67 1315 2507 205 2 0
0 0 0 70 1824 2123 79 0 0 0 0 439 2877 777 3 0 0 0 0 909 2890 297 0 0
0 0 22 142 1712 2185 35 0 0 0 34 157 1778 2102 25 0 0 0 6 104 1208 2687 91 0
0 0 0 2 196 2005 1893 0 0 0 0 0 129 1525 2439 3 0 0 0 0 5 879 2870 342
0 0 0 0 4 357 3735 0 0 0 0 0 0 206 3888 2 0 0 0 0 0 20 2578 1498
0 0 0 0 1 585 3510 0 0 0 0 0 1 106 3988 1 0 0 0 0 0 10 2785 1301
0 0 0 0 52 1240 2804 0 0 0 0 0 9 433 3626 28 0 0 0 0 0 7 1916 2173
0 0 0 758 1473 887 978 0 0 0 0 0 1623 1119 1344 10 0 0 0 0 2 2064 1044 986
0 0 11 3509 576 0 0 0 0 0 0 47 3985 64 0 0 0 0 0 0 223 3873 0 0
0 69 816 2843 368 0 0 0 0 0 65 1033 2677 321 0 0 0 0 0 11 1581 2456 48 0
2234 207 95 350 1127 83 0 0 300 2125 278 854 479 60 0 0 1612 827 495 846 292 24 0 0
1922 129 64 642 1000 336 3 0 392 1673 629 966 425 11 0 0 1546 610 719 883 314 24 0 0
275 91 28 469 1572 1660 1 0 29 343 262 1209 2169 84 0 0 144 237 342 1219 1808 346 0 0
0 0 41 825 2484 737 9 0 0 0 78 1298 2394 322 4 0 0 1 306 2427 1321 41 0 0
0 0 70 833 2297 874 22 0 0 4 161 1375 2283 270 3 0 0 4 366 2377 1319 30 0 0
0 5 28 571 2444 1034 14 0 3 9 86 1372 2318 308 0 0 0 10 299 2383 1388 16 0 0
0 0 15 324 2271 1434 52 0 0 1 44 1133 2468 446 4 0 0 0 189 2261 1585 61 0 0
0 0 9 366 1942 1643 136 0 0 0 92 1071 2330 599 4 0 0 0 207 2091 1730 68 0 0
0 0 1 177 1415 2155 344 4 0 0 57 743 2182 1078 35 1 0 0 97 1532 2227 234 6 0
0 0 4 61 809 2096 1055 71 0 0 11 357 1731 1762 233 2 0 0 36 798 2364 867 31 0
0 0 0 23 629 2186 1195 63 0 0 1 243 1835 1779 238 0 0 0 2 583 2573 910 28 0
0 0 1 34 383 1842 1687 149 0 0 11 160 1285 2161 477 2 0 0 12 313 2063 1610 98 0
0 0 0 6 300 1735 1765 290 0 0 0 89 1128 2102 749 28 0 0 2 203 1794 1855 241 1
0 0 0 12 336 1664 1776 308 0 0 5 92 1011 2141 830 17 0 0 3 165 1610 2007 311 0
0 0 2 73 617 2139 1210 55 0 0 16 275 1483 2033 286 3 0 0 13 402 2249 1372 60 0
0 0 31 122 833 2440 651 19 0 1 40 286 2029 1586 152 2 0 1 27 463 2576 989 40 0
0 0 76 354 1666 1722 276 2 0 2 137 584 2073 1214 86 0 0 1 27 795 2070 1175 28 0
0 7 89 441 1838 1535 186 0 0 13 110 464 1758 1443 308 0 0 0 13 325 1231 1867 660 0
0 0 4 38 1644 2326 84 0 0 0 0 31 1219 2609 237 0 0 0 0 0 219 2809 1067 1
0 0 0 43 1699 2244 110 0 0 0 0 12 1235 2344 505 0 0 0 0 0 177 2569 1350 0
0 0 0 7 1841 2126 122 0 0 0 0 2 541 3095 458 0 0 0 0 0 21 2817 1254 4
0 0 0 7 1364 2599 126 0 0 0 0 0 477 2419 1200 0 0 0 0 0 3 2018 1686 389
0 0 14 408 2435 1142 97 0 0 0 12 170 1241 2069 600 4 0 0 0 15 341 2662 836 242
0 0 9 3017 1070 0 0 0 0 0 0 57 3771 268 0 0 0 0 0 0 129 3955 12 0
0 86 876 2967 167 0 0 0 0 0 52 1087 2790 167 0 0 0 0 0 33 1902 2114 47 0
0 4 12 257 857 2792 174 0 0 5 182 1136 2511 262 0 0 0 5 233 1017 2541 300 0 0
0 14 41 240 1363 2332 106 0 0 10 193 1679 2086 128 0 0 0 4 366 1270 2129 327 0 0
0 1 50 1189 1970 886 0 0 0 3 788 2572 733 0 0 0 0 24 1251 1924 881 16 0 0
0 7 402 2190 1434 63 0 0 0 8 565 2462 1031 30 0 0 0 64 1521 2270 233 8 0 0
0 10 206 1707 1950 214 9 0 0 22 350 2305 1360 59 0 0 0 27 1011 2586 466 6 0 0
0 7 121 843 2316 784 25 0 2 9 199 1449 2097 334 6 0 0 17 458 2374 1199 48 0 0
0 0 31 310 1854 1731 170 0 0 3 70 810 2307 885 21 0 0 2 157 1730 2030 175 2 0
0 0 12 216 1542 2021 305 0 0 1 50 628 2328 1018 71 0 0 0 107 1457 2252 277 3 0
0 0 7 117 874 2061 970 67 0 0 40 327 1550 1799 366 14 0 3 46 721 2183 1092 51 0
0 1 18 95 560 1749 1506 167 0 6 43 245 1213 1907 651 31 0 1 37 519 1961 1409 165 4
0 0 0 60 554 1806 1432 244 0 0 18 222 1288 1844 685 39 0 0 12 419 1920 1482 262 1
0 0 1 16 313 1632 1783 351 0 0 3 75 976 2025 962 55 0 0 3 201 1659 1876 350 7
0 0 1 73 507 1643 1590 282 0 0 20 196 1147 1837 850 46 0 0 18 335 1669 1746 326 2
0 0 2 54 508 1827 1483 222 0 0 17 201 1229 1845 775 29 0 0 22 339 1813 1667 255 0
0 0 4 47 651 2073 1260 61 0 3 6 243 1400 1936 502 6 0 0 9 409 2057 1497 124 0
0 0 0 32 776 2178 1055 55 0 0 5 157 1605 1908 411 10 0 0 5 310 2110 1548 123 0
0 0 33 145 1816 1610 479 13 0 5 52 205 1498 2105 231 0 0 0 13 218 957 2777 131 0
2 10 70 339 1279 2186 210 0 2 11 80 348 1025 1997 633 0 0 0 16 266 698 1290 1826 0
0 0 0 50 337 3298 411 0 0 0 0 40 104 2621 1331 0 0 0 0 0 46 826 3221 3
0 0 0 22 1292 2726 56 0 0 0 0 3 300 3419 374 0 0 0 0 0 17 1768 2311 0
0 0 0 9 935 3111 41 0 0 0 0 0 215 2329 1552 0 0 0 0 0 0 864 3147 85
0 0 0 0 57 3338 701 0 0 0 0 0 0 764 3324 8 0 0 0 0 0 8 2431 1657
0 1 7 50 894 2442 702 0 0 0 3 11 290 1032 2750 10 0 0 0 1 9 616 1523 1947
0 0 3 2178 1915 0 0 0 0 0 0 3 3185 908 0 0 0 0 0 0 61 3876 159 0
0 73 993 2836 194 0 0 0 0 0 44 1284 2593 175 0 0 0 0 0 39 2104 1921 32 0
26 41 711 2082 1217 19 0 0 0 40 2204 1829 23 0 0 0 59 1244 1786 954 53 0 0 0
46 160 937 2768 185 0 0 0 0 312 3502 282 0 0 0 0 207 2086 1782 21 0 0 0 0
52 317 1499 1945 269 14 0 0 20 457 2563 888 164 4 0 0 283 1920 1521 342 30 0 0 0
0 198 614 1210 1737 334 3 0 0 120 777 1446 1549 204 0 0 6 561 954 2055 509 11 0 0
0 6 116 967 2027 918 62 0 3 11 195 1428 1920 509 30 0 0 16 548 2192 1249 91 0 0
0 2 46 699 1772 1442 135 0 0 6 124 1054 2013 864 35 0 0 9 337 1845 1721 184 0 0
0 0 6 225 1562 1927 375 1 0 0 21 578 2042 1377 77 1 0 1 74 1458 2188 374 1 0
0 3 12 196 980 2036 850 19 0 2 35 410 1588 1749 308 4 1 6 82 864 2232 892 19 0
0 0 1 129 884 1880 1083 119 0 0 17 393 1379 1750 529 28 0 0 39 780 1971 1170 136 0
0 0 0 108 805 1912 1144 127 0 0 27 384 1395 1720 544 26 0 0 55 722 2023 1196 100 0
0 0 4 124 838 1837 1150 143 0 0 43 358 1458 1640 557 40 0 0 70 717 1921 1242 144 2
0 0 4 188 797 1711 1218 178 0 0 67 438 1261 1621 682 27 0 1 122 735 1735 1303 200 0
0 0 3 192 953 1761 1080 107 0 3 68 534 1566 1493 413 19 0 3 164 968 1912 937 112 0
1 6 51 217 784 1637 1234 166 3 39 97 406 1310 1640 569 32 1 15 109 747 1733 1310 180 1
0 0 6 166 942 1801 1087 94 0 1 45 414 1498 1620 496 22 0 2 59 722 1923 1243 146 1
1 13 152 371 1326 1679 518 36 1 10 221 671 1749 1192 238 14 0 4 124 1134 2026 729 79 0
0 7 111 387 1968 1471 151 1 0 16 98 340 1480 2013 149 0 0 1 40 299 980 2552 224 0
0 0 29 279 895 2414 479 0 0 0 24 241 713 1969 1149 0 0 0 1 184 602 1258 2045 6
0 0 7 42 336 2836 875 0 0 0 0 28 143 1804 2121 0 0 0 0 0 59 490 3403 144
0 0 0 22 417 2895 762 0 0 0 0 11 93 1963 2027 2 0 0 0 0 29 732 2979 356
0 0 0 24 761 2819 492 0 0 0 0 6 295 1702 2064 29 0 0 0 0 7 707 2974 408
0 0 0 26 992 2934 144 0 0 0 0 0 243 2158 1692 3 0 0 0 0 2 645 2923 526
0 0 0 5 924 2640 527 0 0 0 0 0 99 1374 2601 22 0 0 0 0 0 300 2305 1491
0 0 15 1760 2261 60 0 0 0 0 0 1 2163 1898 34 0 0 0 0 0 87 3062 943 4
0 82 1072 2576 366 0 0 0 0 0 24 1296 2508 268 0 0 0 0 0 24 1901 2144 27 0
74 322 996 1781 840 83 0 0 2 241 1021 1927 832 73 0 0 93 697 1927 1233 145 1 0 0
17 297 538 1711 1323 210 0 0 0 198 710 2062 988 138 0 0 73 596 1786 1333 306 2 0 0
0 132 242 1085 1930 676 31 0 0 120 300 1333 1864 454 25 0 3 261 705 2040 1014 72 1 0
1 21 83 602 1939 1299 150 1 0 19 127 822 2109 944 74 1 0 16 275 1827 1728 247 3 0
0 0 37 428 1760 1593 278 0 0 1 69 651 2008 1249 117 1 0 3 187 1520 1992 388 6 0
0 0 13 240 1547 1804 488 4 0 0 21 465 1891 1491 227 1 0 1 70 1183 2201 631 10 0
0 0 5 243 1386 1994 461 7 0 0 21 460 1917 1533 165 0 0 0 63 1114 2354 555 10 0
0 0 14 238 1187 1862 738 57 0 2 62 500 1556 1572 372 32 0 2 91 944 2111 878 70 0
0 0 3 118 843 1815 1193 124 0 0 21 304 1270 1768 698 35 0 0 39 543 1955 1389 170 0
0 0 3 78 767 1759 1313 176 0 0 15 246 1233 1810 731 61 0 0 24 484 1809 1551 226 2
0 0 7 110 793 1886 1213 87 0 0 18 318 1349 1829 566 16 0 1 48 626 2035 1300 85 1
0 0 11 225 948 1821 1017 74 0 1 63 505 1463 1658 390 16 0 2 126 900 2028 980 59 1
0 2 21 232 1211 1821 713 96 0 11 76 624 1646 1386 320 33 0 8 157 1118 1977 723 110 3
0 0 3 110 1010 1914 951 108 0 2 12 418 1543 1612 475 34 0 2 28 809 2047 1087 121 2
0 0 9 183 1026 1816 930 132 0 1 27 415 1481 1564 557 51 0 1 46 668 1930 1225 224 2
0 30 439 517 1344 1082 621 63 0 19 436 550 1455 1160 443 33 0 1 135 869 1537 1347 201 6
0 3 103 1067 2541 376 6 0 0 3 92 784 2448 762 7 0 0 0 12 890 1664 1506 24 0
0 0 2 658 1370 1719 347 0 0 0 0 473 1359 1591 673 0 0 0 0 76 1480 1638 894 8
0 0 0 270 1167 2588 71 0 0 0 0 127 618 2767 584 0 0 0 0 0 322 1807 1967 0
0 0 0 109 976 2430 577 4 0 0 0 19 410 2059 1449 159 0 0 0 0 96 1457 2293 250
0 0 0 10 249 2283 1538 16 0 0 0 0 59 1027 2848 162 0 0 0 0 0 152 2741 1203
0 0 0 2 690 2804 599 1 0 0 0 0 60 1879 2126 31 0 0 0 0 0 427 2996 673
0 0 0 17 1157 2842 80 0 0 0 0 0 103 2536 1451 6 0 0 0 0 0 483 3302 311
0 0 1 1275 2340 448 32 0 0 0 0 0 1626 2110 360 0 0 0 0 0 34 2130 1804 128
0 14 849 2780 453 0 0 0 0 0 4 989 2703 400 0 0 0 0 0 16 1859 2187 34 0
0 0 22 1059 2620 394 1 0 0 0 15 1025 2724 328 4 0 0 0 259 2988 842 7 0 0
0 0 59 1003 2223 785 26 0 0 0 51 1075 2340 609 21 0 0 3 386 2311 1331 65 0 0
0 0 13 531 2140 1373 39 0 0 0 11 675 2310 1079 21 0 0 0 130 1848 1981 137 0 0
0 0 43 511 1866 1504 172 0 0 0 53 602 1954 1350 136 1 0 2 168 1563 2022 327 14 0
0 0 7 284 1676 1841 278 10 0 0 9 470 2037 1438 137 5 0 0 50 1133 2372 513 28 0
0 0 3 219 1153 1875 813 33 0 0 22 290 1441 1784 545 14 0 1 35 638 2116 1244 62 0
0 0 5 242 1206 1910 682 51 0 0 29 377 1536 1706 439 9 0 0 59 781 2194 956 106 0
0 0 11 281 1368 1774 628 34 0 0 29 521 1791 1443 290 22 0 1 83 1018 2125 832 32 5
0 0 9 178 1107 1901 853 48 0 0 26 336 1625 1612 476 21 0 1 32 837 2128 1018 80 0
0 0 13 252 1104 1661 949 117 0 0 49 476 1405 1494 622 50 0 0 74 816 1850 1194 162 0
0 0 5 150 1004 1861 1028 48 0 0 21 374 1471 1730 490 10 0 0 50 832 2089 1068 57 0
0 0 7 207 1218 1921 727 16 0 1 46 548 1720 1536 245 0 0 4 96 1089 2146 748 13 0
0 0 3 353 1390 1717 599 34 0 0 64 752 1743 1304 232 1 0 0 183 1371 1914 608 20 0
0 0 23 391 1475 1681 504 22 0 0 79 807 1819 1178 209 4 0 3 170 1396 1942 552 33 0
0 0 34 358 1289 1651 680 84 0 3 74 642 1545 1399 383 50 0 0 105 1050 1820 982 130 9
0 14 477 1139 1532 546 316 72 0 13 341 860 1874 699 270 39 0 0 124 708 1945 1149 167 3
0 0 178 1494 2183 196 45 0 0 0 75 847 2822 278 74 0 0 0 17 728 2784 499 68 0
0 0 2 474 2328 1091 201 0 0 0 0 99 2337 1138 518 4 0 0 0 22 1650 1753 670 1
0 0 16 457 1193 1909 521 0 0 0 8 72 1182 1306 1523 5 0 0 0 10 619 1452 1860 155
0 0 0 90 581 1932 1493 0 0 0 0 9 425 816 2661 185 0 0 0 0 129 574 2160 1233
0 0 0 7 233 1880 1968 8 0 0 0 0 45 403 3363 285 0 0 0 0 0 133 1572 2391
0 0 0 3 62 1211 2816 4 0 0 0 0 24 139 2932 1001 0 0 0 0 0 34 770 3292
0 0 0 0 53 1496 2544 3 0 0 0 0 1 165 3425 505 0 0 0 0 0 10 883 3203
0 0 5 914 1589 963 625 0 0 0 0 3 1100 1563 1329 101 0 0 0 0 15 1567 1588 926
0 1 456 3077 562 0 0 0 0 0 1 563 3173 359 0 0 0 0 0 3 1238 2840 15 0
0 0 34 978 2563 515 6 0 0 0 9 731 2784 568 4 0 0 0 191 2528 1367 10 0 0
0 0 46 955 2212 857 26 0 0 0 47 967 2275 786 21 0 0 1 342 2255 1409 89 0 0
0 1 66 596 1733 1563 137 0 0 0 63 602 1877 1460 94 0 0 2 205 1445 2024 420 0 0
0 0 4 302 1763 1785 238 4 0 0 6 366 1910 1646 166 2 0 1 40 1097 2331 614 13 0
0 0 0 83 1320 2116 576 1 0 0 0 127 1660 1964 344 1 0 0 8 485 2423 1142 38 0
0 0 2 108 1237 1978 723 48 0 0 0 200 1520 1852 511 13 0 0 8 596 2289 1128 75 0
0 0 3 117 912 2106 893 65 0 0 7 174 1203 2072 603 37 0 0 18 402 2111 1421 140 4
0 0 0 151 1271 2042 623 9 0 0 1 306 1628 1828 327 6 0 0 18 846 2287 906 39 0
0 0 3 201 1536 1768 568 20 0 0 19 418 1876 1529 249 5 0 0 58 1190 2133 691 24 0
0 0 17 249 1269 1818 702 41 0 0 41 480 1612 1575 370 18 0 1 100 1069 2084 796 46 0
0 0 23 367 1196 1671 779 60 0 2 70 603 1436 1557 402 26 0 0 113 1029 1974 909 71 0
0 0 7 277 1308 1695 751 58 0 0 33 554 1662 1395 417 35 0 0 69 1026 2080 839 82 0
0 0 23 385 1530 1649 474 35 0 3 68 759 1750 1266 234 16 0 3 141 1378 1965 582 26 1
0 0 15 312 1559 1666 491 53 0 0 49 680 1773 1325 239 30 0 0 85 1304 2027 628 52 0
0 25 409 431 1369 1450 389 23 0 10 264 882 1624 1108 197 11 0 0 199 1492 1843 525 37 0
0 12 592 1785 1416 265 26 0 0 10 214 1238 2047 546 41 0 0 0 65 659 2303 1042 27 0
0 13 169 2536 1352 26 0 0 0 2 114 1521 2365 93 1 0 0 0 52 1579 2321 142 2 0
0 0 0 269 3027 666 134 0 0 0 0 17 2973 781 318 7 0 0 0 0 2502 1172 413 9
0 0 0 212 1876 1451 549 8 0 0 0 19 1282 1703 968 124 0 0 0 0 388 2228 1222 258
0 0 0 121 458 1643 1838 36 0 0 0 5 373 801 2260 657 0 0 0 0 115 520 1847 1614
0 0 0 0 64 955 3064 13 0 0 0 0 3 211 2764 1118 0 0 0 0 0 17 723 3356
0 0 0 1 33 1360 2702 0 0 0 0 0 10 108 3337 641 0 0 0 0 0 4 353 3739
0 0 0 0 1 1267 2828 0 0 0 0 0 0 10 2868 1218 0 0 0 0 0 0 135 3961
0 0 0 869 1102 1505 620 0 0 0 0 20 976 1157 1894 49 0 0 0 0 49 1360 1298 1389
0 0 131 3272 693 0 0 0 0 0 0 65 3256 775 0 0 0 0 0 0 338 3730 28 0
