0 0 0 0 0 2976 1120 0 0 0 0 0 0 0 4096 0 0 0 0 0 0 0 779 3317
0 0 0 0 0 2378 1718 0 0 0 0 0 0 0 4096 0 0 0 0 0 0 0 672 3424
0 0 0 0 0 2195 1901 0 0 0 0 0 0 0 4096 0 0 0 0 0 0 0 991 3105
0 0 0 0 0 1829 2267 0 0 0 0 0 0 0 4096 0 0 0 0 0 0 0 49 4047
0 0 0 0 0 1217 2879 0 0 0 0 0 0 0 4096 0 0 0 0 0 0 0 1 4095
0 0 0 0 0 1248 2848 0 0 0 0 0 0 0 4096 0 0 0 0 0 0 0 0 4096
0 0 0 0 0 418 3678 0 0 0 0 0 0 0 4096 0 0 0 0 0 0 0 0 4096
0 0 0 0 0 0 4096 0 0 0 0 0 0 0 4096 0 0 0 0 0 0 0 0 4096
0 0 0 0 0 0 4096 0 0 0 0 0 0 0 4096 0 0 0 0 0 0 0 0 4096
0 0 0 0 0 3 4093 0 0 0 0 0 0 0 4089 7 0 0 0 0 0 0 0 4096
0 0 0 0 0 0 4096 0 0 0 0 0 0 0 3762 334 0 0 0 0 0 0 0 4096
0 0 0 0 0 0 4096 0 0 0 0 0 0 0 3554 542 0 0 0 0 0 0 0 4096
0 0 0 0 0 0 4096 0 0 0 0 0 0 0 3587 509 0 0 0 0 0 0 0 4096
0 0 0 0 0 0 3987 109 0 0 0 0 0 0 2190 1906 0 0 0 0 0 0 0 4096
0 0 0 0 0 0 1926 2170 0 0 0 0 0 0 1160 2936 0 0 0 0 0 0 0 4096
0 0 0 0 0 0 1754 2342 0 0 0 0 0 0 1045 3051 0 0 0 0 0 0 0 4096
0 0 0 0 0 0 1970 2126 0 0 0 0 0 0 1466 2630 0 0 0 0 0 0 0 4096
0 0 0 0 0 0 2162 1934 0 0 0 0 0 0 1504 2592 0 0 0 0 0 0 0 4096
0 0 0 0 0 0 1895 2201 0 0 0 0 0 0 1495 2601 0 0 0 0 0 0 0 4096
0 0 0 0 0 0 2066 2030 0 0 0 0 0 0 1547 2549 0 0 0 0 0 0 0 4096
0 0 0 0 0 0 3247 849 0 0 0 0 0 0 2826 1270 0 0 0 0 0 0 0 4096
0 0 0 0 0 0 3993 103 0 0 0 0 0 0 3455 641 0 0 0 0 0 0 0 4096
0 0 0 0 0 22 4074 0 0 0 0 0 0 0 4096 0 0 0 0 0 0 0 0 4096
0 0 0 0 0 0 4096 0 0 0 0 0 0 0 4096 0 0 0 0 0 0 0 0 4096
0 0 0 0 0 0 4096 0 0 0 0 0 0 0 4096 0 0 0 0 0 0 0 0 4096
0 0 0 0 0 0 4096 0 0 0 0 0 0 0 4096 0 0 0 0 0 0 0 0 4096
0 0 0 0 0 0 4096 0 0 0 0 0 0 0 4092 4 0 0 0 0 0 0 0 4096
0 0 0 0 0 0 4095 1 0 0 0 0 0 0 3535 561 0 0 0 0 0 0 0 4096
0 0 0 0 0 0 2829 1267 0 0 0 0 0 0 1756 2340 0 0 0 0 0 0 0 4096
0 0 0 0 0 5 3828 263 0 0 0 0 0 0 3545 551 0 0 0 0 0 0 6 4090
0 0 0 0 0 0 4091 5 0 0 0 0 0 0 3652 444 0 0 0 0 0 0 21 4075
0 0 0 0 0 0 4075 21 0 0 0 0 0 0 3688 408 0 0 0 0 0 0 0 4096
0 0 0 0 0 0 3910 186 0 0 0 0 0 0 3886 210 0 0 0 0 0 0 2 4094
0 0 0 0 0 0 3671 425 0 0 0 0 0 0 3293 803 0 0 0 0 0 0 28 4068
0 0 0 0 0 0 3508 588 0 0 0 0 0 0 3206 890 0 0 0 0 0 0 1 4095
0 0 0 0 0 0 4096 0 0 0 0 0 0 0 4096 0 0 0 0 0 0 0 335 3761
0 0 0 0 0 661 3435 0 0 0 0 0 0 0 4096 0 0 0 0 0 0 0 1789 2307
0 0 0 0 0 1030 3066 0 0 0 0 0 0 0 4096 0 0 0 0 0 0 0 2485 1611
0 0 0 0 0 682 3414 0 0 0 0 0 0 0 4072 24 0 0 0 0 0 0 1852 2244
0 0 0 0 0 1594 2176 326 0 0 0 0 0 0 3659 437 0 0 0 0 0 0 1040 3056
0 0 0 0 0 1453 2643 0 0 0 0 0 0 0 4042 54 0 0 0 0 0 0 244 3852
0 6 58 63 41 116 3682 130 0 3 61 53 51 33 3611 284 0 0 37 60 54 36 640 3269
0 3 44 63 46 90 2298 1552 0 1 48 61 35 58 2865 1028 0 0 25 63 47 42 384 3535
0 0 13 77 56 79 2465 1406 0 0 32 50 59 40 2412 1503 0 0 11 53 64 46 221 3701
0 3 47 57 56 299 3526 108 0 0 24 62 62 48 3767 133 0 0 6 63 50 56 403 3518
0 0 47 59 64 1644 2280 2 0 0 15 62 67 57 3870 25 0 0 0 45 67 54 213 3717
0 0 20 68 55 1472 2474 7 0 0 9 55 57 60 3882 33 0 0 0 23 75 53 366 3579
0 0 10 75 65 1354 2589 3 0 0 0 50 81 62 3844 59 0 0 0 8 77 64 186 3761
1 24 108 298 552 539 2510 64 0 21 86 271 535 283 2714 186 0 4 72 404 358 217 427 2614
0 0 0 0 0 591 3498 7 0 0 0 0 0 7 4073 16 0 0 0 0 0 0 34 4062
0 0 0 0 0 2838 1258 0 0 0 0 0 0 0 4093 3 0 0 0 0 0 0 0 4096
0 0 0 0 0 370 3726 0 0 0 0 0 0 0 4055 41 0 0 0 0 0 0 0 4096
0 0 0 0 0 7 4089 0 0 0 0 0 0 0 4078 18 0 0 0 0 0 0 5 4091
0 0 0 0 0 0 4096 0 0 0 0 0 0 0 4040 56 0 0 0 0 0 0 0 4096
0 0 0 0 0 0 4096 0 0 0 0 0 0 0 4093 3 0 0 0 0 0 0 0 4096
0 0 0 0 0 0 4096 0 0 0 0 0 0 0 4096 0 0 0 0 0 0 0 0 4096
0 0 0 0 0 0 4096 0 0 0 0 0 0 0 4096 0 0 0 0 0 0 0 0 4096
0 0 0 0 0 0 4096 0 0 0 0 0 0 0 4096 0 0 0 0 0 0 0 0 4096
0 0 0 0 0 0 4096 0 0 0 0 0 0 0 4096 0 0 0 0 0 0 0 0 4096
0 0 0 0 0 0 4096 0 0 0 0 0 0 0 4096 0 0 0 0 0 0 0 0 4096
0 0 0 0 0 0 4096 0 0 0 0 0 0 0 4096 0 0 0 0 0 0 0 0 4096
0 0 0 0 0 0 4096 0 0 0 0 0 0 0 4096 0 0 0 0 0 0 0 0 4096
0 0 0 0 0 0 4096 0 0 0 0 0 0 0 3892 204 0 0 0 0 0 0 0 4096
0 0 0 0 0 0 4096 0 0 0 0 0 0 0 4088 8 0 0 0 0 0 0 0 4096
0 0 0 0 0 0 4096 0 0 0 0 0 0 0 4096 0 0 0 0 0 0 0 0 4096
0 0 0 0 0 0 4096 0 0 0 0 0 0 0 4096 0 0 0 0 0 0 0 0 4096
0 0 0 0 0 0 4096 0 0 0 0 0 0 0 4096 0 0 0 0 0 0 0 0 4096
0 0 0 0 0 0 4096 0 0 0 0 0 0 0 3912 184 0 0 0 0 0 0 0 4096
0 0 0 0 0 0 4096 0 0 0 0 0 0 0 4090 6 0 0 0 0 0 0 0 4096
0 0 0 0 0 0 4094 2 0 0 0 0 0 0 3277 819 0 0 0 0 0 0 0 4096
0 0 0 0 0 0 4096 0 0 0 0 0 0 0 3475 621 0 0 0 0 0 0 0 4096
0 0 0 0 0 0 4096 0 0 0 0 0 0 0 4063 33 0 0 0 0 0 0 0 4096
0 0 0 0 0 0 4087 9 0 0 0 0 0 0 3866 230 0 0 0 0 0 0 8 4088
0 0 0 0 0 0 3252 844 0 0 0 0 0 0 2728 1368 0 0 0 0 0 0 30 4066
0 0 0 0 0 0 4050 46 0 0 0 0 0 0 3998 98 0 0 0 0 0 0 2 4094
0 0 0 0 0 0 4096 0 0 0 0 0 0 0 4091 5 0 0 0 0 0 0 15 4081
0 0 0 0 0 0 4096 0 0 0 0 0 0 0 4096 0 0 0 0 0 0 0 82 4014
0 0 0 0 0 264 3832 0 0 0 0 0 0 0 4096 0 0 0 0 0 0 0 95 4001
0 0 0 0 0 1915 2181 0 0 0 0 0 0 0 4096 0 0 0 0 0 0 0 380 3716
0 0 0 0 0 64 3837 195 0 0 0 0 0 0 3923 173 0 0 0 0 0 0 528 3568
0 0 0 0 0 13 4083 0 0 0 0 0 0 0 4078 18 0 0 0 0 0 0 1255 2841
0 0 0 0 0 68 4028 0 0 0 0 0 0 0 4096 0 0 0 0 0 0 0 687 3409
0 0 0 3 4 153 3936 0 0 0 0 1 2 9 4084 0 0 0 0 0 3 4 2666 1423
0 0 0 0 0 1 4095 0 0 0 0 0 0 0 4096 0 0 0 0 0 0 0 2454 1642
0 0 0 0 0 91 3994 11 0 0 0 0 0 0 3919 177 0 0 0 0 0 0 1100 2996
0 0 0 0 0 268 3828 0 0 0 0 0 0 0 4096 0 0 0 0 0 0 0 2466 1630
0 0 0 0 0 1685 2411 0 0 0 0 0 0 0 4096 0 0 0 0 0 0 0 1134 2962
0 0 0 0 0 2375 1721 0 0 0 0 0 0 0 4096 0 0 0 0 0 0 0 239 3857
0 0 0 0 0 1408 2688 0 0 0 0 0 0 0 4096 0 0 0 0 0 0 0 0 4096
0 0 6 212 516 354 2986 22 0 0 3 173 520 154 3197 49 0 0 10 440 313 89 92 3152
0 0 1 3 49 612 3413 18 0 0 0 4 36 54 3948 54 0 0 0 2 8 61 125 3900
0 0 0 0 0 22 4074 0 0 0 0 0 0 0 4065 31 0 0 0 0 0 0 4 4092
0 0 0 0 0 0 4096 0 0 0 0 0 0 0 4026 70 0 0 0 0 0 0 0 4096
0 0 0 0 0 0 4096 0 0 0 0 0 0 0 4096 0 0 0 0 0 0 0 0 4096
0 0 0 0 0 0 4096 0 0 0 0 0 0 0 4096 0 0 0 0 0 0 0 0 4096
0 0 0 0 0 12 4070 14 0 0 0 0 0 2 4077 17 0 0 0 0 0 1 78 4017
0 0 2 18 59 249 3348 420 0 0 5 25 50 155 3453 408 0 0 5 21 66 168 425 3411
0 0 0 1 2 142 3951 0 0 0 0 0 1 11 4079 5 0 0 0 0 1 8 60 4027
0 0 0 0 0 0 4096 0 0 0 0 0 0 0 4096 0 0 0 0 0 0 0 0 4096
0 0 0 0 0 0 4096 0 0 0 0 0 0 0 4096 0 0 0 0 0 0 0 0 4096
0 0 0 0 0 0 4096 0 0 0 0 0 0 0 4096 0 0 0 0 0 0 0 5 4091
0 0 0 0 0 0 4096 0 0 0 0 0 0 0 4096 0 0 0 0 0 0 0 0 4096
0 0 0 0 0 0 4096 0 0 0 0 0 0 0 4095 1 0 0 0 0 0 0 0 4096
0 0 0 0 0 0 4096 0 0 0 0 0 0 0 3993 103 0 0 0 0 0 0 0 4096
0 0 0 0 0 0 4096 0 0 0 0 0 0 0 4096 0 0 0 0 0 0 0 0 4096
0 0 0 0 0 0 4096 0 0 0 0 0 0 0 3813 283 0 0 0 0 0 0 0 4096
0 0 0 0 0 0 4096 0 0 0 0 0 0 0 4059 37 0 0 0 0 0 0 0 4096
0 0 0 0 0 0 4096 0 0 0 0 0 0 0 4096 0 0 0 0 0 0 0 0 4096
0 0 0 0 0 0 4096 0 0 0 0 0 0 0 4096 0 0 0 0 0 0 0 0 4096
0 0 0 0 0 0 4096 0 0 0 0 0 0 0 4096 0 0 0 0 0 0 0 0 4096
0 0 0 0 0 0 4096 0 0 0 0 0 0 0 4089 7 0 0 0 0 0 0 0 4096
0 0 0 0 0 0 4029 67 0 0 0 0 0 0 3828 268 0 0 0 0 0 0 169 3927
0 0 0 0 0 0 4045 51 0 0 0 0 0 0 4080 16 0 0 0 0 0 0 77 4019
0 0 0 0 0 0 4096 0 0 0 0 0 0 0 4096 0 0 0 0 0 0 0 129 3967
0 0 0 0 0 0 4096 0 0 0 0 0 0 0 4095 1 0 0 0 0 0 0 432 3664
0 0 0 0 0 0 4096 0 0 0 0 0 0 0 4096 0 0 0 0 0 0 0 374 3722
0 0 0 0 0 0 4096 0 0 0 0 0 0 0 4096 0 0 0 0 0 0 0 292 3804
0 0 0 0 0 0 4096 0 0 0 0 0 0 0 4093 3 0 0 0 0 0 0 510 3586
0 0 0 0 0 0 4037 59 0 0 0 0 0 0 4017 79 0 0 0 0 0 0 805 3291
0 0 0 0 0 6 4088 2 0 0 0 0 0 0 4089 7 0 0 0 0 0 0 850 3246
0 0 0 0 0 242 3854 0 0 0 0 0 0 0 4096 0 0 0 0 0 0 0 1606 2490
0 0 0 0 0 750 3346 0 0 0 0 0 0 0 4096 0 0 0 0 0 0 0 2913 1183
0 0 0 0 0 1018 3078 0 0 0 0 0 0 1 4095 0 0 0 0 0 0 0 3617 479
0 10 1167 2458 187 179 94 1 0 4 319 3120 322 116 212 3 2 374 2982 310 114 86 200 28
0 3 970 1930 133 340 720 0 0 0 281 2470 219 104 1021 1 0 243 2495 194 64 83 1001 16
0 2 662 2252 125 419 636 0 0 0 194 2552 238 96 1016 0 0 260 2485 163 92 79 991 26
0 189 1999 1080 113 228 486 1 0 32 1006 2064 229 76 679 10 7 1028 1999 240 79 61 459 223
0 60 1112 1494 93 123 1213 1 0 12 493 2054 166 60 1297 14 5 618 1913 155 46 51 434 874
0 1 235 1241 179 364 2075 1 0 0 67 1255 294 128 2349 3 0 69 1199 225 123 106 1186 1188
0 6 262 518 179 2597 532 2 0 0 107 532 272 145 3029 11 0 29 444 329 143 100 638 2413
0 0 11 195 568 1595 1727 0 0 0 0 136 530 161 3265 4 0 0 39 498 215 74 447 2823
0 0 1 37 65 1676 2315 2 0 0 0 28 29 153 3833 53 0 0 0 25 23 81 325 3642
0 0 0 0 0 2087 2009 0 0 0 0 0 0 0 4096 0 0 0 0 0 0 0 0 4096
0 0 0 0 0 64 4032 0 0 0 0 0 0 0 4096 0 0 0 0 0 0 0 0 4096
0 0 0 0 0 0 4096 0 0 0 0 0 0 0 4096 0 0 0 0 0 0 0 0 4096
0 0 0 0 0 0 4096 0 0 0 0 0 0 0 4096 0 0 0 0 0 0 0 0 4096
0 0 0 0 0 0 4096 0 0 0 0 0 0 0 4096 0 0 0 0 0 0 0 128 3968
0 0 0 41 71 590 3359 35 0 0 0 55 57 365 3554 65 0 0 0 52 95 535 600 2814
0 0 0 0 0 0 4096 0 0 0 0 0 0 0 4096 0 0 0 0 0 0 0 0 4096
0 0 0 0 0 40 4056 0 0 0 0 0 0 0 4096 0 0 0 0 0 0 0 63 4033
0 0 0 0 0 1 4095 0 0 0 0 0 0 0 4096 0 0 0 0 0 0 0 95 4001
0 0 0 0 0 0 4096 0 0 0 0 0 0 0 4096 0 0 0 0 0 0 0 84 4012
0 0 0 0 0 0 4096 0 0 0 0 0 0 0 4096 0 0 0 0 0 0 0 0 4096
0 0 0 0 0 0 4096 0 0 0 0 0 0 0 4096 0 0 0 0 0 0 0 0 4096
0 0 0 0 0 0 4096 0 0 0 0 0 0 0 4096 0 0 0 0 0 0 0 5 4091
0 0 0 0 0 0 4096 0 0 0 0 0 0 0 4091 5 0 0 0 0 0 0 0 4096
0 0 0 0 0 0 4096 0 0 0 0 0 0 0 4092 4 0 0 0 0 0 0 2 4094
0 0 0 0 0 0 4096 0 0 0 0 0 0 0 4096 0 0 0 0 0 0 0 0 4096
0 0 0 0 0 0 4096 0 0 0 0 0 0 0 4096 0 0 0 0 0 0 0 0 4096
0 0 0 0 0 0 4096 0 0 0 0 0 0 0 4096 0 0 0 0 0 0 0 0 4096
0 0 0 0 0 0 4096 0 0 0 0 0 0 0 4096 0 0 0 0 0 0 0 0 4096
0 0 0 0 0 0 4096 0 0 0 0 0 0 0 4096 0 0 0 0 0 0 0 0 4096
0 0 0 0 0 0 4096 0 0 0 0 0 0 0 4096 0 0 0 0 0 0 0 780 3316
0 0 0 0 0 0 4096 0 0 0 0 0 0 0 4096 0 0 0 0 0 0 0 2033 2063
0 0 0 0 0 15 4081 0 0 0 0 0 0 0 4096 0 0 0 0 0 0 0 2617 1479
0 0 0 0 0 24 4072 0 0 0 0 0 0 0 4096 0 0 0 0 0 0 0 2032 2064
0 0 0 0 0 57 4039 0 0 0 0 0 0 0 4096 0 0 0 0 0 0 0 1205 2891
0 0 0 0 0 0 4096 0 0 0 0 0 0 0 4096 0 0 0 0 0 0 0 577 3519
0 0 0 0 0 9 4087 0 0 0 0 0 0 0 4096 0 0 0 0 0 0 0 2458 1638
0 0 0 0 0 10 4086 0 0 0 0 0 0 0 4096 0 0 0 0 0 0 0 2926 1170
0 0 0 0 0 78 4018 0 0 0 0 0 0 0 4096 0 0 0 0 0 0 0 3689 407
0 0 0 0 0 795 3301 0 0 0 0 0 0 0 4096 0 0 0 0 0 0 0 3643 453
0 0 0 0 0 933 3163 0 0 0 0 0 0 0 4096 0 0 0 0 0 0 0 4079 17
0 0 0 0 0 360 3736 0 0 0 0 0 0 1 4095 0 0 0 0 0 0 0 3989 107
18 833 2629 615 1 0 0 0 1 361 2159 1571 4 0 0 0 56 2441 1596 3 0 0 0 0
52 804 2761 476 3 0 0 0 9 507 2184 1387 9 0 0 0 144 2273 1653 25 1 0 0 0
3 451 2738 884 17 2 1 0 0 188 2474 1400 30 3 1 0 20 1959 2065 45 5 2 0 0
0 185 1813 2054 44 0 0 0 0 96 1074 2857 68 1 0 0 24 1267 2755 49 1 0 0 0
0 5 758 3310 23 0 0 0 0 3 251 3741 101 0 0 0 2 727 3363 4 0 0 0 0
0 6 567 3417 106 0 0 0 0 2 318 3631 145 0 0 0 2 318 3670 106 0 0 0 0
0 37 523 2505 512 272 247 0 0 12 435 2453 608 257 331 0 0 317 2550 410 275 193 272 79
0 9 93 457 796 598 2143 0 0 1 46 374 681 556 2437 1 0 23 192 594 428 351 2136 372
0 0 6 110 77 482 3394 27 0 0 0 111 57 148 3709 71 0 0 0 108 51 76 990 2871
0 0 0 0 0 818 3278 0 0 0 0 0 0 0 4096 0 0 0 0 0 0 0 1651 2445
0 0 0 0 0 146 3950 0 0 0 0 0 0 0 4096 0 0 0 0 0 0 0 912 3184
0 0 0 0 0 0 4096 0 0 0 0 0 0 0 4096 0 0 0 0 0 0 0 871 3225
0 0 0 0 0 1076 3020 0 0 0 0 0 0 0 4096 0 0 0 0 0 0 0 484 3612
0 0 0 0 0 2643 1453 0 0 0 0 0 0 0 4096 0 0 0 0 0 0 0 156 3940
0 0 0 58 80 941 2997 20 0 0 0 64 71 255 3662 44 0 0 0 51 80 629 586 2750
0 0 0 0 0 28 4068 0 0 0 0 0 0 0 4096 0 0 0 0 0 0 0 247 3849
0 0 0 0 0 0 4096 0 0 0 0 0 0 0 4096 0 0 0 0 0 0 0 1055 3041
0 0 0 0 0 0 4096 0 0 0 0 0 0 0 4096 0 0 0 0 0 0 0 1856 2240
0 0 0 0 0 0 4096 0 0 0 0 0 0 0 4096 0 0 0 0 0 0 0 1711 2385
0 0 0 0 0 0 4096 0 0 0 0 0 0 0 4096 0 0 0 0 0 0 0 628 3468
0 0 0 0 0 0 4096 0 0 0 0 0 0 0 4096 0 0 0 0 0 0 0 119 3977
0 0 0 0 0 0 4096 0 0 0 0 0 0 0 4096 0 0 0 0 0 0 0 17 4079
0 0 0 0 0 0 4096 0 0 0 0 0 0 0 4096 0 0 0 0 0 0 0 0 4096
0 0 0 0 2 38 4055 1 0 0 0 0 0 11 4083 2 0 0 0 0 0 2 74 4020
0 0 0 0 0 0 4096 0 0 0 0 0 0 0 4096 0 0 0 0 0 0 0 0 4096
0 0 0 0 0 0 4096 0 0 0 0 0 0 0 4096 0 0 0 0 0 0 0 0 4096
0 0 0 0 0 0 4096 0 0 0 0 0 0 0 4096 0 0 0 0 0 0 0 273 3823
0 0 0 0 0 0 4096 0 0 0 0 0 0 0 4096 0 0 0 0 0 0 0 24 4072
0 0 0 0 0 0 4096 0 0 0 0 0 0 0 4096 0 0 0 0 0 0 0 752 3344
0 0 0 0 0 0 4096 0 0 0 0 0 0 0 4096 0 0 0 0 0 0 0 2246 1850
0 0 0 5 19 93 3937 42 0 0 0 5 12 32 3990 57 0 0 0 4 12 29 2223 1828
0 0 0 0 30 516 3543 7 0 0 0 0 32 127 3927 10 0 0 0 0 65 100 3231 700
0 0 0 0 0 332 3764 0 0 0 0 0 0 0 4096 0 0 0 0 0 0 0 3879 217
0 4 67 59 49 296 3621 0 0 0 17 79 51 53 3893 3 0 4 45 65 35 38 3276 633
0 0 0 0 0 16 4080 0 0 0 0 0 0 0 4096 0 0 0 0 0 0 0 3166 930
0 0 0 3 3 108 3982 0 0 0 0 2 1 7 4086 0 0 0 0 0 3 4 3923 166
0 0 70 119 59 362 3486 0 0 0 3 139 73 60 3821 0 0 2 51 121 49 42 3731 100
0 0 258 298 96 705 2739 0 0 0 26 438 143 92 3396 1 0 20 326 179 93 65 3390 23
0 3 180 89 46 982 2796 0 0 0 41 188 53 58 3755 1 0 20 145 95 22 37 3761 16
0 0 35 81 49 2162 1769 0 0 0 7 85 54 53 3897 0 0 0 27 78 42 33 3900 16
0 4 431 182 100 2197 1182 0 0 0 128 422 104 118 3323 1 0 19 416 148 77 85 3337 14
305 2600 711 186 87 93 107 7 189 2343 1007 276 81 109 83 8 1080 2330 305 113 90 120 52 6
295 1852 1236 358 140 117 98 0 270 1488 1286 712 144 154 42 0 757 2218 688 132 121 151 29 0
177 1072 1768 807 69 75 126 2 223 1000 1198 1397 84 88 103 3 631 1911 1273 18 100 103 60 0
115 885 999 1692 150 126 127 2 173 877 869 1809 133 113 120 2 696 1140 1868 85 115 135 57 0
206 962 1493 1130 80 87 136 2 212 920 942 1707 99 82 125 9 513 1555 1618 124 84 88 114 0
202 1534 1490 582 69 91 123 5 266 1246 1456 832 78 92 125 1 741 1791 1211 89 67 69 128 0
91 959 1363 1316 130 76 135 26 107 934 1128 1549 148 90 129 11 379 1527 1699 179 95 95 119 3
103 667 551 1635 649 284 197 10 202 612 477 1399 798 348 247 13 406 734 1379 773 332 237 220 15
131 893 488 472 343 599 1118 52 198 1007 276 393 394 394 1373 61 489 862 393 276 313 311 1165 287
111 754 842 1113 320 378 566 12 121 866 354 1385 377 229 754 10 438 714 1283 448 275 192 597 149
240 730 840 570 208 366 1123 19 277 875 523 617 274 251 1250 29 594 831 660 323 215 217 1064 192
105 954 609 396 250 493 1281 8 106 1040 530 317 396 270 1423 14 417 1062 372 287 327 204 1195 232
40 777 757 441 142 466 1434 39 89 899 654 310 184 257 1692 11 464 871 500 190 137 281 1265 388
58 689 530 175 153 544 1783 164 115 859 367 132 175 287 2061 100 330 800 245 130 152 257 1622 560
73 631 579 192 162 438 1936 85 140 756 434 176 135 445 1931 79 320 793 248 153 187 519 1203 673
74 645 642 270 187 349 1821 108 160 844 428 152 203 205 2056 48 396 854 240 173 150 197 1455 631
65 563 558 236 122 207 2222 123 112 778 368 210 68 142 2340 78 230 871 205 182 49 165 2103 291
33 678 605 135 93 242 2156 154 175 723 507 38 127 109 2286 131 314 906 194 29 121 115 2213 204
78 716 506 145 138 325 2019 169 142 832 374 129 111 169 2200 139 301 831 241 111 102 134 2004 372
42 576 611 222 78 188 2332 47 133 647 568 94 124 125 2344 61 356 724 302 70 108 98 2261 177
87 724 566 123 226 346 1903 121 176 797 446 62 261 210 2022 122 413 894 140 96 243 168 1127 1015
102 529 544 807 723 395 849 147 140 673 484 449 847 346 1060 97 327 1008 815 377 210 213 612 534
52 554 803 804 517 333 870 163 163 664 649 474 716 279 1015 136 345 1133 885 217 197 188 451 680
79 563 923 1095 426 298 463 249 150 603 705 969 562 306 633 168 374 1135 1065 283 231 225 380 403
97 528 629 783 511 392 964 192 178 586 572 569 561 315 1156 159 323 832 832 324 260 248 477 800
103 672 574 171 108 251 1972 245 171 825 469 64 110 192 2047 218 407 853 213 77 135 164 444 1803
138 665 557 418 224 321 1513 260 209 840 454 264 193 170 1776 190 442 855 294 250 122 198 810 1125
143 698 463 473 317 451 1322 229 241 835 335 291 302 368 1575 149 510 729 350 281 242 355 950 679
176 556 549 867 505 473 865 105 242 607 467 701 554 405 1035 85 467 626 889 510 244 326 703 331
143 605 477 484 201 629 1466 91 200 714 431 359 176 262 1932 22 478 685 496 136 137 253 1824 87
111 630 500 345 105 653 1693 59 135 716 534 213 106 108 2252 32 389 698 399 115 116 81 2182 116
197 610 451 170 72 1460 1103 33 206 775 333 116 59 300 2269 38 528 628 187 102 57 324 2203 67
138 505 754 717 169 969 837 7 182 628 505 733 196 163 1664 25 371 784 802 187 121 128 1668 35
166 893 1656 872 136 160 183 30 194 782 894 1621 210 107 271 17 508 1071 1779 240 129 101 241 27
236 610 1130 1050 207 435 418 10 261 619 599 1333 343 153 774 14 508 808 1289 423 175 146 711 36
192 583 1175 986 171 643 319 27 167 671 444 1592 181 183 839 19 399 595 1572 365 154 153 808 50
239 714 880 1116 263 546 315 23 274 640 387 1467 390 232 687 19 511 632 1290 520 238 209 658 38
183 1024 1397 1183 128 102 79 0 226 661 1081 1651 281 104 92 0 506 1245 1817 269 90 111 55 3
193 889 1506 1041 127 298 42 0 227 732 737 1835 172 118 273 2 514 938 1893 272 114 100 256 9
271 903 1421 726 168 502 105 0 325 714 1079 1095 237 137 509 0 506 968 1492 357 139 101 527 6
254 898 2204 302 80 133 199 26 150 509 2148 829 104 142 190 24 360 1268 1931 110 97 163 143 24
1207 798 167 171 720 975 58 0 1421 629 141 191 759 923 31 1 1755 326 129 215 796 865 10 0
1130 832 189 284 731 870 58 2 1300 696 153 333 698 837 73 6 1715 309 184 337 712 815 20 4
1013 634 362 103 210 1492 272 10 1015 744 229 132 441 1380 149 6 1344 509 189 95 543 1336 75 5
1200 569 230 159 240 1283 398 17 1202 645 161 163 371 1308 236 10 1408 529 106 168 548 1205 124 8
823 904 288 151 295 1286 331 18 903 855 256 141 431 1183 294 33 1310 633 129 157 531 1099 214 23
647 1013 291 131 133 1232 633 16 820 964 203 146 137 1564 262 0 1185 683 161 122 226 1560 159 0
870 1064 152 117 501 1127 246 19 889 1041 200 117 705 992 152 0 1322 694 145 123 869 844 99 0
974 716 215 175 1016 902 85 13 984 694 213 274 1143 704 65 19 1327 466 185 324 1309 445 27 13
691 843 356 301 464 1028 396 17 717 787 377 320 652 963 271 9 1196 518 293 322 702 921 140 4
722 843 387 541 379 920 285 19 725 873 281 649 395 973 182 18 1149 618 524 297 449 921 124 14
570 1069 525 212 321 1272 120 7 702 954 434 308 423 1217 47 11 1286 672 382 90 652 976 30 8
592 1202 447 287 217 1169 181 1 696 1153 323 354 333 1157 80 0 1313 736 427 59 566 951 44 0
84 1082 174 266 762 652 967 109 121 1074 151 320 795 665 844 126 724 516 190 407 761 663 747 88
270 1235 203 542 231 229 1145 241 363 1178 449 427 97 232 1230 120 1239 412 681 109 91 246 1250 68
527 812 314 457 135 231 1393 227 534 902 310 429 87 329 1435 70 961 573 464 218 99 421 1321 39
493 787 747 178 57 151 1517 166 449 654 782 287 81 246 1434 163 722 793 658 53 37 347 1409 77
566 769 521 304 180 451 1219 86 498 812 441 377 252 508 1161 47 968 699 430 111 234 640 981 33
470 672 556 374 174 528 1297 25 511 686 379 466 190 617 1211 36 951 582 513 92 168 709 1057 24
321 360 733 542 306 557 1145 132 328 407 462 772 412 551 1045 119 594 487 808 165 412 682 871 77
436 583 531 447 263 927 870 39 432 587 420 520 396 995 734 12 812 657 511 119 383 998 608 8
561 456 539 434 96 612 1196 202 453 544 450 499 156 703 1173 118 806 734 488 23 125 818 1028 74
352 525 846 327 192 645 1109 100 327 449 753 530 255 711 989 82 604 1060 373 67 328 738 858 68
445 802 586 225 50 215 1394 379 383 706 587 345 101 322 1344 308 821 852 359 29 68 428 1337 202
456 673 724 265 61 197 1132 588 403 573 643 467 93 243 1237 437 802 819 445 63 65 307 1283 312
446 605 893 230 66 148 1193 515 396 560 712 489 101 215 1340 283 644 1112 375 67 80 352 1251 215
543 926 609 124 62 425 1114 293 422 945 595 230 92 508 1068 236 804 1025 343 30 135 600 1002 157
542 875 614 257 360 618 698 132 461 783 626 422 526 543 653 82 926 813 476 152 554 585 561 29
360 498 336 590 776 977 486 73 342 473 426 712 763 901 408 71 581 470 406 699 765 812 313 50
432 659 751 338 256 1103 557 0 421 553 597 571 418 1269 266 1 764 941 408 117 499 1199 168 0
333 819 530 359 87 442 1512 14 386 710 389 453 176 729 1217 36 863 743 408 74 90 1139 765 14
253 575 727 439 161 781 1124 36 305 488 522 669 232 1096 763 21 591 857 487 127 218 1353 454 9
160 477 543 668 178 648 1317 105 172 477 361 799 264 862 1077 84 430 675 699 110 208 1090 818 66
194 727 581 396 198 1064 838 98 191 732 412 546 317 1109 737 52 581 728 554 94 407 1129 590 13
204 850 586 277 215 1115 824 25 205 736 649 305 347 1375 479 0 524 864 477 97 388 1462 284 0
96 849 664 297 110 1181 820 79 191 767 509 416 163 1300 740 10 425 989 473 51 187 1543 413 15
108 796 709 359 497 1159 431 37 201 764 431 605 549 1244 278 24 680 773 422 206 659 1152 182 22
69 772 808 271 37 1425 688 26 103 821 466 535 118 1688 365 0 512 701 704 16 312 1709 142 0
65 786 873 193 292 1333 544 10 74 753 734 366 514 1241 399 15 363 1007 491 87 638 1254 247 9
333 1186 303 136 288 1658 192 0 515 1085 218 162 525 1496 83 12 1086 644 133 181 722 1281 44 5
1087 697 81 78 386 1525 214 28 1122 649 143 24 576 1429 153 0 1365 477 76 34 736 1332 76 0
527 585 509 298 710 1112 352 3 515 623 263 536 865 1071 212 11 766 495 538 183 987 978 146 3
826 2552 592 106 20 0 0 0 117 2935 914 112 18 0 0 0 1026 2647 365 49 9 0 0 0
585 1835 985 418 236 36 1 0 568 1693 1132 485 193 24 1 0 1082 1901 821 268 23 1 0 0
1960 655 343 268 129 265 455 21 2095 574 369 266 153 564 75 0 2332 557 347 191 513 155 1 0
1245 297 73 25 52 405 1877 122 1439 158 32 38 129 1874 424 2 1545 59 42 92 1635 710 13 0
1174 225 34 11 35 223 2235 159 1337 95 3 45 54 1727 834 1 1425 8 25 57 1467 1103 11 0
1386 301 112 30 28 215 1801 223 1418 305 95 31 56 1262 927 2 1584 217 43 37 890 1313 12 0
1257 205 81 13 10 97 1876 557 1402 140 16 9 67 990 1470 2 1493 55 12 44 810 1677 5 0
1218 255 25 30 234 257 1815 262 1358 131 25 31 302 1133 1116 0 1479 24 36 142 1052 1363 0 0
1748 305 146 383 273 201 895 145 1864 273 135 400 274 696 444 10 2035 199 294 388 593 578 9 0
1114 276 516 243 385 180 1148 234 1234 134 435 405 446 675 761 6 1298 402 419 337 698 930 12 0
1077 421 1058 859 69 38 486 88 1195 173 888 1130 114 247 348 1 1312 917 1211 62 245 348 1 0
1071 890 1568 552 15 0 0 0 1184 496 1515 881 20 0 0 0 1296 1772 1002 25 1 0 0 0
285 310 704 804 1176 575 223 19 394 268 730 798 1475 369 45 17 536 457 944 964 1022 142 20 11
29 1495 506 699 509 399 420 39 119 1576 711 624 752 289 22 3 1291 752 877 820 309 40 5 2
1263 1090 784 321 271 222 121 24 1337 1300 636 309 285 164 50 15 1975 992 490 304 193 116 20 6
1100 406 691 832 572 311 130 54 1211 248 770 1004 533 223 79 28 1296 725 1010 588 304 103 56 14
1355 1489 969 272 11 0 0 0 1208 1061 1264 519 43 1 0 0 1609 1720 685 80 2 0 0 0
1180 726 1442 559 121 50 17 1 1182 393 1388 919 165 40 9 0 1365 1423 1085 177 40 6 0 0
1143 512 1320 549 164 116 205 87 1184 294 1137 865 214 148 214 40 1291 1334 878 174 126 208 85 0
1185 1069 1114 683 45 0 0 0 1188 586 1104 990 228 0 0 0 1552 1772 739 33 0 0 0 0
1973 1337 655 128 3 0 0 0 1782 1135 890 270 19 0 0 0 2242 1613 231 10 0 0 0 0
1694 1548 610 228 16 0 0 0 1257 1648 729 405 57 0 0 0 2308 1484 281 23 0 0 0 0
1381 1362 886 444 23 0 0 0 1264 1033 957 703 138 1 0 0 1918 1706 456 16 0 0 0 0
1474 1012 1008 505 71 25 1 0 1271 865 865 886 164 39 6 0 1934 1418 630 83 29 2 0 0
1592 1405 897 169 24 8 1 0 1334 1199 1073 437 36 14 3 0 2078 1518 445 38 15 2 0 0
1611 1461 744 270 10 0 0 0 1363 1235 932 506 58 2 0 0 2002 1537 512 44 1 0 0 0
1479 1304 842 455 16 0 0 0 1352 1043 859 738 104 0 0 0 1979 1387 664 66 0 0 0 0
1004 904 559 715 687 177 45 5 1029 885 528 802 622 187 31 12 1602 677 475 905 313 108 9 7
1610 1097 1145 235 7 1 1 0 1551 723 1251 550 19 1 1 0 1901 1700 477 16 1 1 0 0
1569 968 1075 445 39 0 0 0 1560 408 1212 755 157 4 0 0 1927 1570 551 46 2 0 0 0
1585 129 1109 1054 180 33 6 0 1596 38 496 1423 443 88 11 1 1731 1341 864 134 22 4 0 0
1581 333 1019 932 148 62 20 1 1625 136 721 1203 314 82 14 1 1746 1263 892 125 59 11 0 0
2122 633 735 164 105 300 34 3 2098 425 793 356 173 239 11 1 2259 959 445 260 145 25 3 0
1962 1132 236 97 115 424 105 25 1790 1205 363 101 224 346 58 9 1924 1278 206 224 375 72 15 2
1962 894 434 190 107 294 98 117 1738 1009 609 170 165 256 40 109 1868 1280 316 183 283 38 64 64
1721 725 813 495 202 115 21 4 1708 585 712 807 188 83 11 2 1830 1198 736 197 111 18 4 2
1723 661 1429 265 16 2 0 0 1707 278 1523 571 17 0 0 0 1813 1494 736 50 3 0 0 0
1841 982 923 346 4 0 0 0 1722 827 880 652 15 0 0 0 1850 1423 784 38 1 0 0 0
1910 1397 650 117 12 9 1 0 1772 1168 782 349 14 10 1 0 1865 1585 566 59 11 9 1 0
1645 1561 776 113 1 0 0 0 1587 1220 1026 259 4 0 0 0 1981 1608 484 22 1 0 0 0
898 1945 709 220 164 145 15 0 1122 1650 608 552 138 26 0 0 2005 1177 747 132 35 0 0 0
1586 2197 238 20 22 30 3 0 101 3433 473 22 24 30 13 0 801 3011 214 26 30 14 0 0
349 3662 85 0 0 0 0 0 154 3753 189 0 0 0 0 0 483 3578 35 0 0 0 0 0
316 2700 242 133 177 259 226 43 185 2905 204 158 215 284 145 0 651 2536 161 191 293 230 34 0
2623 774 193 95 105 141 123 42 161 3255 181 89 165 160 83 2 788 2738 106 135 164 144 21 0
451 2824 525 1 5 49 215 26 176 2312 1313 3 14 154 123 1 332 3390 80 10 112 150 22 0
194 3416 102 0 5 79 272 28 138 3221 353 0 18 199 161 6 239 3452 21 0 161 183 40 0
345 427 359 317 627 791 904 326 71 855 243 479 803 796 778 71 251 794 321 741 814 982 185 8
3280 205 53 30 87 79 217 145 5 3473 63 37 110 88 311 9 170 3376 33 78 124 286 28 1
976 1381 1302 82 59 51 183 62 239 1997 1411 111 52 104 173 9 460 2878 389 70 67 201 30 1
71 2037 886 92 75 194 632 109 102 1037 1866 107 86 433 454 11 183 2592 290 78 308 579 66 0
13 159 223 413 735 996 1245 312 82 186 174 515 934 1219 934 52 217 140 398 664 1247 1207 222 1
2794 635 343 167 49 37 41 30 67 3326 398 158 43 42 48 14 285 3355 246 91 38 45 36 0
107 1212 1038 505 1001 195 25 13 6 1139 1135 551 1011 217 14 23 100 1642 761 670 828 66 14 15
37 2362 570 296 351 285 151 44 19 1662 1347 354 362 215 120 17 98 2687 449 396 238 151 70 7
642 837 418 528 614 622 360 75 531 989 460 595 666 520 291 44 897 790 536 641 635 415 168 14
975 666 307 445 610 656 342 95 25 1628 339 541 668 565 284 46 125 1775 432 629 583 342 194 16
2228 1342 364 158 4 0 0 0 7 3375 372 311 31 0 0 0 153 3555 367 21 0 0 0 0
76 1293 1849 326 238 225 66 23 48 1323 1836 362 276 180 54 17 183 2512 799 312 187 65 27 11
17 338 753 1067 769 668 451 33 11 356 832 1168 764 667 289 9 134 849 1055 784 637 561 75 1
33 845 874 665 494 505 321 359 20 770 854 853 487 501 268 343 267 1202 778 464 456 438 172 319
1766 1755 460 114 1 0 0 0 204 3141 418 322 11 0 0 0 351 3551 192 2 0 0 0 0
1108 2167 627 43 55 47 16 33 30 3056 800 64 52 44 19 31 477 3093 348 38 64 35 11 30
181 1199 594 383 502 605 375 257 58 1336 539 443 580 605 291 244 561 1213 423 393 596 516 171 223
98 788 1101 604 397 449 448 211 64 674 1011 844 442 465 393 203 412 1346 648 375 409 494 237 175
666 1618 801 353 213 218 212 15 50 2092 894 488 245 204 120 3 574 2332 537 250 169 172 62 0
2349 1132 426 184 5 0 0 0 17 3232 449 347 51 0 0 0 327 3421 325 23 0 0 0 0
435 1637 821 434 339 297 113 20 125 1730 979 476 410 280 79 17 693 1830 633 302 369 213 47 9
837 686 349 663 964 472 100 25 730 800 341 665 941 476 93 50 990 704 463 800 816 231 64 28
49 1096 1186 896 474 274 110 11 20 945 1367 908 448 291 107 10 329 1363 1131 608 373 213 71 8
1229 2153 506 151 36 19 2 0 3 2833 946 246 45 18 5 0 314 3464 228 50 29 7 4 0
810 1822 1171 234 27 11 17 4 0 1904 1482 616 62 13 17 2 243 3244 519 45 18 10 17 0
3 415 1115 987 715 550 278 33 2 201 988 1232 805 634 219 15 84 1160 954 762 670 396 68 2
381 425 367 571 689 922 613 128 488 363 350 553 725 1005 561 51 598 369 472 718 1022 624 281 12
420 439 230 481 580 1187 620 139 1 866 297 440 691 1226 502 73 33 939 369 651 1236 620 236 12
2305 210 96 60 242 814 317 52 4 2472 127 82 438 732 225 16 63 2505 95 404 634 316 78 1
617 195 413 560 687 1198 387 39 13 841 464 531 830 1089 299 29 77 911 566 795 1051 582 108 6
0 73 525 699 1025 1293 458 23 0 183 499 687 1251 1129 337 10 15 351 578 1165 1255 640 91 1
16 296 443 532 651 1060 968 130 33 323 483 559 792 1156 703 47 86 437 504 842 947 970 301 9
1288 398 317 335 443 799 458 58 169 1555 359 323 595 758 306 31 508 1357 371 714 645 367 128 6
2523 401 331 235 209 353 44 0 795 2106 344 275 271 298 7 0 1302 1735 377 386 264 31 1 0
2201 830 703 238 108 14 2 0 503 2469 737 263 98 22 3 1 990 2340 484 235 39 6 2 0
1423 1364 1065 133 86 23 2 0 3 2585 1236 131 118 22 1 0 95 3211 612 137 39 2 0 0
121 1626 1941 385 21 2 0 0 471 2252 1330 37 5 1 0 0 289 2640 1109 52 5 1 0 0
111 1961 1121 335 232 229 100 7 84 1789 1406 367 298 140 12 0 93 2155 1200 356 221 70 1 0
2222 1249 357 76 75 63 39 15 7 3000 854 84 80 59 11 1 59 3618 243 103 58 14 1 0
228 1645 2199 24 0 0 0 0 1 1413 2666 16 0 0 0 0 13 3062 1019 2 0 0 0 0
0 3029 1046 21 0 0 0 0 0 2176 1874 46 0 0 0 0 0 3214 872 10 0 0 0 0
281 555 953 717 595 585 334 76 14 687 1186 926 703 502 75 3 63 1018 1268 908 609 218 12 0
2532 1564 0 0 0 0 0 0 0 3330 766 0 0 0 0 0 1 4095 0 0 0 0 0 0
483 1456 2127 30 0 0 0 0 6 1378 2671 41 0 0 0 0 93 2588 1403 12 0 0 0 0
0 1486 2099 102 62 160 130 57 0 823 2741 211 177 122 21 1 4 1893 1822 206 135 35 1 0
0 11 153 357 472 1244 1324 535 0 14 276 744 1619 1218 223 2 5 188 804 1683 1208 204 4 0
1639 2138 120 51 58 63 22 5 9 2822 1071 90 73 26 3 2 241 3638 105 89 18 4 1 0
38 1091 1419 542 934 58 10 4 2 914 1562 667 873 61 4 13 26 1557 1174 925 389 10 5 10
2 1562 1740 120 77 164 188 243 4 920 2318 264 173 265 148 4 60 1671 1705 243 285 116 16 0
404 583 533 586 618 564 466 342 322 668 626 774 734 497 296 179 557 685 984 702 587 295 113 173
95 1696 228 195 328 550 586 418 5 916 1259 355 639 646 266 10 182 1977 354 677 654 233 18 1
185 3896 15 0 0 0 0 0 1 1043 3052 0 0 0 0 0 5 4070 21 0 0 0 0 0
13 1184 2089 242 124 165 131 148 15 942 2335 345 173 186 97 3 48 2053 1475 222 184 106 8 0
0 1 54 370 805 1126 1009 731 0 1 158 797 1391 1336 410 3 0 98 777 1453 1415 336 17 0
0 22 203 435 841 927 920 748 1 97 318 926 1150 1156 441 7 47 302 930 1156 1339 313 9 0
152 3902 42 0 0 0 0 0 0 2024 2072 0 0 0 0 0 41 4052 3 0 0 0 0 0
81 2715 908 64 89 136 66 37 2 1485 2209 155 156 52 36 1 38 3157 601 191 61 41 7 0
0 3 95 439 718 1081 1064 696 0 14 312 882 1182 1423 282 1 6 233 940 1263 1431 216 7 0
0 23 229 479 678 1003 995 689 0 74 378 779 1289 1265 307 4 12 297 836 1418 1270 253 9 1
100 1802 475 322 329 398 390 280 4 1087 1473 426 426 498 172 10 158 2276 511 475 503 155 18 0
829 3267 0 0 0 0 0 0 0 2030 2066 0 0 0 0 0 0 4096 0 0 0 0 0 0
140 650 720 676 689 699 402 120 89 636 1035 779 803 595 153 6 213 1057 926 839 745 268 47 1
596 505 285 609 1128 881 92 0 454 647 415 596 1036 857 91 0 674 588 532 578 1328 378 18 0
0 112 886 1509 1010 476 101 2 4 221 970 1573 882 401 45 0 15 414 1318 1395 726 217 11 0
539 3014 352 90 45 39 17 0 6 1963 1904 128 50 31 14 0 28 3600 308 89 40 29 2 0
860 2158 583 227 142 85 35 6 1 1400 2176 260 137 86 32 4 8 3139 573 191 117 52 16 0
0 5 213 1002 1684 1039 147 6 0 8 239 1103 1794 838 108 6 0 52 556 1528 1547 370 38 5
360 396 276 817 1143 905 169 30 436 379 281 959 1182 717 137 5 527 350 563 1146 1109 353 48 0
155 1052 436 945 1000 426 67 15 0 809 873 1078 941 336 50 9 7 1303 744 1070 772 168 31 1
2216 1880 0 0 0 0 0 0 0 2860 1236 0 0 0 0 0 8 4087 1 0 0 0 0 0
682 538 380 832 1037 505 97 25 13 908 635 903 1065 476 77 19 43 1324 422 1033 923 288 59 4
0 5 284 1239 1599 807 147 15 0 14 360 1384 1544 671 114 9 3 72 684 1630 1212 423 68 4
22 106 566 1582 1264 486 67 3 9 129 739 1620 1141 402 55 1 32 212 1042 1601 903 278 28 0
1995 578 568 553 302 96 4 0 1 2476 646 605 293 74 1 0 2 2647 636 525 243 42 1 0
4081 15 0 0 0 0 0 0 0 4083 13 0 0 0 0 0 0 4096 0 0 0 0 0 0
4086 10 0 0 0 0 0 0 0 4011 85 0 0 0 0 0 0 4096 0 0 0 0 0 0
923 1523 1023 347 194 73 13 0 3 1504 1707 509 291 73 9 0 70 2404 1209 328 82 3 0 0
177 1009 1282 1316 277 22 13 0 238 1294 1707 794 63 0 0 0 498 2327 987 241 43 0 0 0
99 923 1540 983 391 151 9 0 152 1038 1690 747 367 101 1 0 374 1743 1178 516 247 38 0 0
88 3097 611 193 84 20 3 0 7 287 3042 635 103 19 3 0 38 3028 832 164 30 4 0 0
8 1172 2397 434 65 20 0 0 1 504 3044 450 76 21 0 0 1 1717 2110 196 61 11 0 0
80 2296 1258 363 74 23 2 0 27 1941 1501 493 103 29 2 0 98 2329 1233 323 89 22 2 0
116 869 1016 761 684 489 124 37 85 687 1325 851 686 388 50 24 156 1166 1202 879 534 117 30 12
192 3658 246 0 0 0 0 0 0 90 3688 318 0 0 0 0 0 3498 593 5 0 0 0 0
86 1705 1746 528 22 9 0 0 0 385 3031 644 26 10 0 0 4 1867 1890 312 14 9 0 0
21 1607 1389 582 269 154 64 10 26 1273 1580 774 294 114 35 0 48 1693 1377 766 145 63 4 0
22 107 63 260 1013 1979 585 67 30 99 82 471 1807 1435 167 5 56 100 413 1896 1392 201 33 5
70 3082 601 220 97 25 1 0 6 330 3026 468 247 19 0 0 67 2690 1008 293 37 1 0 0
4 662 1329 767 1094 213 21 6 0 251 1587 911 1100 208 23 16 12 820 1430 1148 604 59 16 7
20 1304 1516 394 224 370 228 40 13 863 1856 526 353 373 107 5 61 1300 1525 661 371 152 26 0
320 532 311 513 725 1064 531 100 279 587 350 700 917 985 230 48 434 560 708 1082 994 230 47 41
7 1656 479 224 513 669 498 50 6 302 1724 477 637 701 239 10 172 1546 769 688 664 240 17 0
22 3909 165 0 0 0 0 0 0 0 3766 326 4 0 0 0 0 3488 602 6 0 0 0 0
12 1036 1651 655 150 282 263 47 4 635 1957 770 255 335 138 2 16 1428 1481 653 376 129 13 0
0 0 0 81 603 1621 1622 169 0 0 8 308 1167 1885 708 20 0 8 351 1340 1893 494 10 0
0 53 276 319 697 1266 1277 208 0 57 270 580 1119 1424 632 14 26 184 663 1251 1481 477 14 0
8 3884 201 3 0 0 0 0 0 609 3247 201 39 0 0 0 0 3616 397 83 0 0 0 0
6 2103 1139 416 178 108 122 24 3 518 2413 708 246 123 82 3 8 2129 1118 600 143 86 12 0
0 0 10 163 673 1507 1520 223 0 0 75 420 1145 1949 473 34 0 89 416 1206 1898 450 37 0
0 8 136 462 922 1173 1038 357 1 9 191 725 1115 1374 469 212 2 56 667 1262 1409 428 111 161
23 1789 450 293 381 602 414 144 2 226 1891 562 491 593 241 90 51 1941 613 570 566 217 89 49
52 3711 317 13 2 1 0 0 0 14 3496 553 31 2 0 0 0 3438 562 93 1 2 0 0
42 418 526 743 697 791 627 252 87 268 807 784 909 776 349 116 241 583 929 975 849 371 93 55
325 322 211 469 1212 1209 290 58 281 348 270 585 1296 1100 160 56 399 333 393 890 1598 403 56 24
0 9 194 665 1014 1283 793 138 0 34 329 717 1299 1218 455 44 9 179 624 1230 1325 576 126 27
93 3392 425 56 44 29 39 18 1 211 3301 464 47 35 28 9 31 3293 628 55 46 32 10 1
118 2396 534 380 229 240 173 26 0 212 2553 708 259 221 136 7 9 2427 883 353 237 159 26 2
0 0 16 282 1235 1559 948 56 0 0 27 493 1547 1609 413 7 0 12 457 1522 1686 404 15 0
271 323 204 385 1048 1183 643 39 355 275 200 610 1214 1183 250 9 479 246 675 1251 1167 260 18 0
130 1309 319 441 759 842 277 19 1 195 1496 713 901 680 108 2 18 1496 743 959 760 115 5 0
331 3467 244 53 1 0 0 0 0 90 3529 461 16 0 0 0 0 3463 493 133 7 0 0 0
177 1209 1332 723 320 164 65 106 77 615 1783 955 327 176 61 102 119 1162 1456 789 304 128 45 93
49 116 290 968 1110 713 315 535 28 111 274 1153 1148 595 253 534 47 117 534 1476 897 320 231 474
0 40 240 824 1242 819 373 558 9 36 278 939 1242 728 328 536 30 234 822 1099 800 366 241 504
1729 1083 474 411 202 107 43 47 1 1509 1482 743 186 90 39 46 5 2567 904 369 134 46 27 44
3611 483 2 0 0 0 0 0 0 3329 596 171 0 0 0 0 0 3853 243 0 0 0 0 0
3175 510 207 183 21 0 0 0 1043 2549 235 241 28 0 0 0 1257 2361 229 215 34 0 0 0
87 779 1649 745 530 244 47 15 35 707 1173 1113 862 172 31 3 129 1235 1193 1080 395 63 1 0
127 591 457 1124 662 554 500 81 170 644 686 1203 481 648 258 6 373 1700 822 551 418 196 35 1
228 980 897 824 397 513 247 10 214 1034 1024 723 390 547 162 2 572 1543 706 449 424 339 63 0
65 608 2524 443 283 122 47 4 42 92 657 415 2685 157 43 5 64 577 400 2654 284 86 30 1
140 1023 1284 744 514 319 72 0 145 954 1139 663 800 339 56 0 269 1243 940 874 509 239 22 0
126 1367 903 804 512 335 49 0 116 1288 897 848 553 338 56 0 189 1360 908 790 524 286 39 0
87 414 785 841 1028 682 211 48 55 390 646 933 1358 523 157 34 127 508 783 1264 916 377 97 24
0 728 2614 753 1 0 0 0 0 0 640 213 3184 59 0 0 0 580 274 3124 118 0 0 0
14 779 1767 775 338 325 95 3 18 625 1287 533 1175 375 80 3 56 1177 949 1217 385 270 41 1
91 1135 851 648 688 388 243 52 135 1107 898 714 613 366 222 41 186 1313 762 807 465 361 171 31
90 432 460 756 1060 853 399 46 138 430 504 776 1219 795 213 21 245 467 606 974 1280 406 108 10
4 572 2686 637 123 40 26 8 2 70 657 397 2881 57 23 9 15 495 521 2934 92 25 11 3
12 249 902 846 1416 519 142 10 11 226 621 707 1880 527 85 39 26 450 728 1271 1324 235 39 23
139 1507 1020 857 312 187 72 2 93 1313 1074 997 346 213 58 2 203 1482 1033 888 323 137 30 0
167 741 463 489 860 846 490 40 147 719 554 669 973 833 197 4 239 745 876 1055 955 189 35 2
0 409 852 949 555 766 524 41 1 61 471 405 2110 790 250 8 34 279 604 2111 809 239 20 0
2 903 1433 1627 93 32 6 0 0 2 870 231 2854 131 8 0 0 358 704 2805 214 15 0 0
65 850 920 753 671 480 314 43 78 874 927 754 696 467 277 23 154 1170 885 773 583 362 157 12
74 508 561 436 605 1016 744 152 93 541 537 543 802 1143 415 22 125 661 778 996 1028 434 72 2
7 81 184 475 946 1168 968 267 4 81 207 649 1282 1291 555 27 25 213 754 1303 1254 492 54 1
0 1259 2316 520 1 0 0 0 0 0 1183 217 2665 31 0 0 0 743 627 2692 34 0 0 0
19 890 1984 477 232 204 152 138 21 349 1174 533 1595 172 158 94 74 812 992 1651 233 160 129 45
0 0 10 95 209 591 1254 1937 0 58 113 228 884 1553 993 267 15 96 170 578 1388 1205 558 86
271 996 455 379 564 769 543 119 291 1026 494 479 724 797 276 9 487 979 694 712 740 404 78 2
30 765 1103 440 594 651 467 46 33 178 814 543 1643 712 170 3 69 816 598 1547 797 259 10 0
0 1417 2597 82 0 0 0 0 0 0 1362 239 2495 0 0 0 0 1239 466 2391 0 0 0 0
11 165 332 853 1349 763 402 221 21 90 555 804 1555 612 285 174 52 366 604 1133 1234 450 148 109
94 219 132 211 1286 1436 601 117 91 232 118 333 1467 1499 291 65 129 243 230 896 1949 548 67 34
88 270 191 232 702 1397 1074 142 92 344 201 452 1165 1407 422 13 223 321 528 1278 1336 391 19 0
4 1755 1755 223 159 151 44 5 2 106 1631 479 1779 78 21 0 49 1598 529 1761 109 45 5 0
13 1369 1646 415 254 221 139 39 24 379 1413 729 1231 215 92 13 117 1481 846 1270 221 135 24 2
15 44 17 113 874 1828 1104 101 9 45 30 405 1542 1697 363 5 32 57 447 1650 1599 307 4 0
216 283 163 239 888 1388 808 111 302 249 141 474 1305 1252 360 13 419 208 556 1399 1204 289 16 5
0 781 541 384 789 1055 521 25 0 52 981 588 1346 929 198 2 13 853 682 1474 842 223 9 0
3 2230 1860 3 0 0 0 0 0 0 2133 286 1677 0 0 0 0 2029 372 1695 0 0 0 0
122 1187 1239 422 358 573 179 16 82 666 1394 608 821 433 84 8 239 1052 1131 1134 413 112 15 0
55 583 808 733 699 866 251 101 54 489 847 878 903 672 151 102 140 579 1178 1171 666 206 69 87
1 42 278 940 1082 1014 365 374 3 55 320 1071 1130 857 284 376 19 204 896 1300 797 328 230 322
687 1155 1014 381 297 350 134 78 0 206 1741 733 949 306 97 64 2 1731 694 1093 290 189 53 44
2194 1480 422 0 0 0 0 0 0 1969 452 1502 173 0 0 0 0 2386 1503 207 0 0 0 0
2820 1239 37 0 0 0 0 0 868 2581 108 539 0 0 0 0 1150 2361 585 0 0 0 0 0
106 441 448 383 920 623 530 645 87 623 392 241 1173 538 718 324 209 703 940 883 237 462 544 118
0 54 107 335 903 785 879 1033 13 113 169 282 1213 570 1144 592 82 163 759 916 309 722 1030 115
21 59 116 353 944 760 978 865 34 94 251 253 1160 670 1411 223 69 152 819 876 382 792 960 46
0 10 423 294 1186 497 617 1069 0 9 44 101 1731 566 1307 338 0 13 640 1349 372 552 1074 96
10 165 277 312 1210 751 562 809 11 221 163 416 1465 537 1036 247 76 267 855 1204 343 617 710 24
23 70 213 368 936 914 798 774 23 108 287 417 1258 635 1139 229 38 176 895 1070 416 749 730 22
7 44 188 317 994 722 774 1050 6 50 234 293 1279 514 1288 432 13 134 562 1136 466 763 969 53
0 0 141 900 778 503 526 1248 0 0 1 58 1774 535 1136 592 0 17 408 1305 625 345 1273 123
0 93 325 601 888 668 716 805 1 165 295 239 1452 533 1019 392 14 302 617 1274 429 546 867 47
23 163 344 356 917 768 709 816 15 249 455 317 1063 621 921 455 33 392 755 1077 361 606 767 105
20 57 345 649 788 618 624 995 28 67 470 513 832 642 1097 447 39 251 923 849 432 575 901 126
0 10 590 761 592 502 530 1111 0 13 102 157 1711 556 975 582 2 60 394 1695 353 414 971 207
3 100 199 658 1301 943 444 448 2 147 115 475 1629 938 456 334 17 189 447 1430 1088 387 412 126
29 249 550 480 570 776 700 742 23 286 524 524 759 695 898 387 38 387 645 1138 452 523 776 137
2 149 376 569 966 645 492 897 3 151 399 654 1059 512 951 367 7 210 759 1269 451 330 956 114
14 36 507 834 681 429 555 1040 15 36 153 483 1395 459 1155 400 23 42 379 1566 450 333 1134 169
0 0 901 854 385 239 670 1047 0 0 0 26 2057 325 1122 566 0 0 89 2036 226 336 1276 133
26 164 294 586 684 603 826 913 57 202 276 563 720 587 1321 370 125 235 381 1021 481 499 1193 161
32 112 432 581 554 795 754 836 26 112 439 712 666 649 1220 272 42 122 629 1121 463 605 995 119
0 39 373 884 650 526 718 906 0 35 404 881 702 498 1260 316 0 69 630 1057 606 511 1073 150
0 0 1208 721 235 408 906 618 0 0 0 26 2084 507 1125 354 0 0 70 2103 422 517 886 98
15 195 1915 799 240 194 484 254 15 150 252 1366 1342 243 585 143 46 173 216 1248 1476 421 462 54
363 340 828 1531 592 212 158 72 160 894 2064 616 242 90 30 0 119 1681 1394 538 298 50 16 0
100 470 2182 859 256 163 65 1 83 367 736 1904 748 194 61 3 136 328 422 538 1636 979 54 3
28 205 1287 502 446 482 662 484 15 212 384 356 1632 427 851 219 32 255 484 1614 455 480 735 41
0 0 1904 303 291 303 794 501 0 0 0 48 2513 280 1070 185 0 2 117 2466 258 599 640 14
24 123 364 593 609 730 1066 587 26 245 537 472 707 631 1095 383 71 456 615 726 600 931 533 164
48 183 275 332 749 1363 851 295 65 177 290 429 825 1294 839 177 75 211 425 804 1189 943 415 34
21 291 501 617 593 708 1054 311 46 315 540 766 615 612 1021 181 106 409 712 851 618 864 480 56
0 25 1960 347 196 254 975 339 0 16 28 72 2412 307 1087 174 3 30 67 2427 238 729 525 77
1 37 1572 401 479 393 985 228 6 95 296 361 1818 412 933 175 30 185 439 1889 321 830 334 68
8 125 354 811 1028 614 999 157 14 214 374 954 887 673 869 111 90 320 605 1122 672 910 348 29
10 116 132 326 832 874 1210 596 35 123 195 502 779 894 1126 442 91 151 436 613 856 1050 669 230
38 276 1170 559 597 405 927 124 58 292 347 507 1447 528 838 79 100 382 502 1551 427 716 414 4
0 0 2495 152 173 208 964 104 0 0 0 39 2732 287 964 74 0 0 19 2705 220 756 379 17
12 228 1081 744 572 330 1025 104 11 159 729 892 883 392 988 42 39 351 655 1401 370 869 397 14
132 487 743 644 702 458 924 6 108 473 801 849 512 589 763 1 194 613 752 1024 405 945 163 0
124 832 595 413 651 501 887 93 83 791 746 566 522 488 860 40 202 889 718 628 467 662 528 2
0 189 1974 362 226 109 710 526 3 134 178 307 2086 147 1032 209 11 177 402 2039 159 177 1082 49
212 887 1633 137 107 50 434 636 0 276 134 1413 1141 76 785 271 5 387 1512 1031 79 91 924 67
1365 1343 211 234 63 60 174 646 230 2109 275 530 79 68 231 574 425 1998 501 236 73 119 237 507
0 0 0 1 1567 2516 12 0 0 0 0 13 3226 856 1 0 0 0 1069 2998 29 0 0 0
0 0 0 0 1000 3074 22 0 0 0 0 7 3227 860 2 0 0 0 628 3431 37 0 0 0
0 0 0 0 800 3226 70 0 0 0 0 18 2987 1086 5 0 0 0 695 3288 110 3 0 0
0 0 0 2 645 3404 45 0 0 0 0 12 2925 1154 5 0 0 0 449 3584 63 0 0 0
0 0 0 3 1096 2895 102 0 0 0 0 34 2529 1531 2 0 0 2 726 3276 91 1 0 0
0 0 0 2 774 3138 165 17 0 0 0 20 2293 1755 28 0 0 1 569 3357 157 12 0 0
0 0 0 1 591 3171 332 1 0 0 0 9 1719 2351 17 0 0 1 332 3415 347 1 0 0
0 0 0 1 530 3261 304 0 0 0 0 13 1649 2415 19 0 0 6 364 3406 320 0 0 0
0 0 0 11 752 3039 292 2 0 0 0 27 2029 2008 32 0 0 7 503 3246 339 1 0 0
0 0 0 23 619 3031 421 2 0 0 0 55 1902 2109 30 0 0 13 454 3194 434 1 0 0
0 0 0 52 657 3041 344 2 0 0 0 46 1932 2095 22 1 0 23 453 3108 508 4 0 0
0 0 0 27 858 3004 207 0 0 0 0 44 2085 1942 25 0 0 12 629 3215 240 0 0 0
0 0 0 4 360 3243 487 2 0 0 0 10 1705 2349 32 0 0 0 252 3389 453 2 0 0
0 0 0 1 327 3041 721 6 0 0 0 8 1469 2571 43 5 0 1 164 3274 652 5 0 0
0 0 0 15 777 2945 359 0 0 0 0 37 1935 2092 32 0 0 4 343 3261 488 0 0 0
0 0 0 14 743 2960 379 0 0 0 0 40 1722 2289 45 0 0 5 362 3163 563 3 0 0
0 0 2 91 1221 2454 320 8 0 0 1 135 2081 1824 55 0 1 14 681 2895 488 17 0 0
0 0 1 97 1485 2247 264 2 0 0 0 121 2437 1506 32 0 0 11 818 2836 425 6 0 0
0 0 0 7 835 2899 354 1 0 0 0 66 1979 2005 46 0 0 0 411 3134 547 4 0 0
0 0 0 48 804 2425 756 63 0 0 6 81 1817 2121 71 0 0 16 448 2709 869 54 0 0
0 0 13 343 862 931 771 1176 3 37 299 616 1249 1287 532 73 20 193 786 1255 1089 615 138 0
147 1366 1930 128 191 221 47 66 35 377 2244 911 280 164 19 66 3 140 727 2300 830 24 7 65
557 671 2113 134 28 31 30 532 279 481 1781 940 31 35 29 520 84 523 377 1888 641 44 36 503
137 1024 2866 61 2 3 2 1 50 178 1779 2066 18 2 2 1 6 113 373 1579 1999 24 2 0
7 71 808 349 1004 1709 147 1 0 13 130 991 1497 1425 39 1 0 11 437 2125 1423 99 1 0
0 0 0 46 859 2446 633 112 0 0 0 87 1648 2073 256 32 0 16 429 2283 1068 235 65 0
0 0 0 38 927 2582 544 5 0 0 1 92 1673 2224 104 2 0 10 575 2549 928 33 1 0
0 0 12 78 1040 2220 734 12 0 0 16 89 1678 2204 106 3 0 33 622 2479 928 31 3 0
0 0 1 65 1296 2497 225 12 0 0 1 83 2063 1864 77 8 0 21 715 2899 442 16 3 0
0 0 0 84 1511 2341 155 5 0 0 1 95 2206 1731 62 1 0 45 1033 2719 293 6 0 0
0 0 2 104 1378 2472 139 1 0 0 0 65 2114 1883 34 0 0 39 921 2853 282 1 0 0
0 0 2 172 1765 1978 141 38 0 0 0 106 2231 1664 75 20 0 98 1340 2402 215 29 12 0
0 0 5 256 2067 1744 24 0 0 0 0 139 2558 1387 12 0 0 81 1567 2367 81 0 0 0
0 0 2 152 2362 1548 31 1 0 0 1 84 2644 1348 17 2 1 53 1378 2567 92 5 0 0
0 0 0 57 1990 1980 68 1 0 0 0 50 2482 1539 23 2 0 11 1095 2835 144 9 1 1
0 0 12 90 1317 2541 119 17 0 0 3 62 2047 1894 74 16 0 7 639 2998 343 79 23 7
0 1 19 249 1359 2330 134 4 0 0 13 165 2154 1670 91 3 6 68 819 2803 301 87 12 0
0 0 3 118 1691 2131 147 6 0 0 11 94 2641 1276 71 3 0 24 853 2776 353 84 6 0
0 0 2 189 2351 1417 97 40 0 0 0 109 2791 1099 65 32 0 20 1040 2616 298 76 37 9
0 0 2 280 2450 1171 155 38 0 0 1 120 2679 1113 137 46 1 36 1410 2209 228 153 38 21
0 0 0 162 1478 1838 532 86 0 0 0 113 2296 1363 252 72 0 26 932 2162 490 397 56 33
0 0 0 1 766 3234 95 0 0 0 0 23 2387 1685 1 0 0 3 400 3529 164 0 0 0
0 0 0 2 377 3517 200 0 0 0 0 3 1832 2249 12 0 0 0 203 3509 381 3 0 0
0 0 0 0 284 3520 292 0 0 0 0 7 1964 2110 15 0 0 0 154 3532 409 1 0 0
0 0 0 1 291 3519 284 1 0 0 0 11 1855 2222 8 0 0 1 167 3470 456 2 0 0
0 0 0 0 607 3257 230 2 0 0 0 8 1970 2087 31 0 0 0 309 3358 424 5 0 0
0 0 0 1 258 3331 496 10 0 0 0 6 1725 2329 32 4 0 1 227 3351 506 9 2 0
0 0 0 2 328 3290 475 1 0 0 0 5 1498 2566 27 0 0 2 223 3374 495 2 0 0
0 0 0 1 221 3386 486 2 0 0 0 3 1480 2589 24 0 0 0 132 3461 501 2 0 0
0 0 0 1 181 3359 553 2 0 0 0 6 1340 2727 23 0 0 1 102 3353 638 2 0 0
0 0 0 0 161 3510 425 0 0 0 0 3 1551 2520 22 0 0 0 86 3421 588 1 0 0
0 0 0 0 110 3232 751 3 0 0 0 7 1672 2398 19 0 0 0 90 3294 709 3 0 0
0 0 0 0 235 3292 565 4 0 0 0 7 1453 2612 24 0 0 0 146 3253 695 2 0 0
0 0 0 23 329 3054 688 2 0 0 0 35 1229 2773 59 0 0 29 228 2996 839 4 0 0
0 0 0 5 299 3056 733 3 0 0 0 18 1104 2922 52 0 0 6 204 3106 777 3 0 0
0 0 0 3 272 2683 1126 12 0 0 0 9 1033 2940 113 1 0 0 121 2795 1163 16 1 0
0 0 0 4 100 2335 1636 21 0 0 0 17 781 3106 190 2 0 5 65 2487 1522 16 1 0
0 0 0 1 90 2713 1278 14 0 0 0 7 820 3163 106 0 0 1 84 2874 1124 13 0 0
0 0 0 0 167 3054 868 7 0 0 0 3 960 3038 94 1 0 0 121 3026 938 11 0 0
0 0 0 1 181 3151 759 4 0 0 0 3 979 3065 49 0 0 1 142 3185 764 4 0 0
0 0 19 210 1202 1996 558 111 0 0 22 257 1639 2072 98 8 0 27 240 2689 1055 73 12 0
58 544 351 407 729 668 673 666 29 444 1019 714 698 936 232 24 133 1096 848 862 827 269 61 0
387 940 531 242 288 432 554 722 299 925 794 324 528 805 227 194 333 749 916 923 709 171 159 136
5 131 355 340 454 434 432 1945 81 346 423 289 457 534 564 1402 150 339 496 314 504 595 721 977
99 1666 652 180 84 107 163 1145 61 609 1454 527 132 387 829 97 27 210 1663 438 700 832 197 29
0 8 178 119 342 2354 846 249 0 0 34 373 1217 2228 228 16 2 23 279 2368 1170 212 42 0
0 0 0 5 168 2845 1048 30 0 0 1 23 1335 2645 89 3 0 5 160 2985 893 52 1 0
0 0 0 0 125 2974 959 38 0 0 0 8 1299 2699 66 24 0 0 129 2987 931 21 14 14
0 0 0 9 269 2984 817 17 0 0 0 25 1216 2776 77 2 0 4 208 3103 768 13 0 0
0 0 5 117 624 2469 877 4 0 1 6 134 1502 2384 69 0 0 10 362 2639 1074 11 0 0
0 1 35 138 568 2238 1104 12 0 4 38 200 1449 2339 66 0 4 48 407 2355 1251 31 0 0
0 0 4 20 470 2808 788 6 0 0 4 56 1580 2399 55 2 0 14 352 2937 782 11 0 0
0 0 1 25 751 2692 625 2 0 0 2 52 1780 2228 34 0 1 35 560 2868 632 0 0 0
0 0 0 2 542 3197 353 2 0 0 0 18 1926 2121 31 0 0 11 393 3345 347 0 0 0
0 0 0 5 221 3216 651 3 0 0 0 17 1572 2487 20 0 0 1 165 3190 737 3 0 0
0 0 0 11 279 3106 691 9 0 0 0 43 1849 2155 44 5 0 14 255 3176 637 9 5 0
0 0 0 3 124 2957 1003 9 0 0 0 9 1362 2687 38 0 0 6 141 3151 791 7 0 0
0 0 0 0 126 3021 939 10 0 0 0 25 1008 3013 49 1 0 7 116 3112 850 11 0 0
0 0 0 4 328 3255 507 2 0 0 0 15 1661 2380 40 0 0 7 260 3248 579 2 0 0
0 0 0 2 448 3185 460 1 0 0 0 5 1837 2224 30 0 0 1 221 3393 480 1 0 0
0 0 0 12 1151 2549 383 1 0 0 1 27 1950 2087 31 0 0 12 705 3008 371 0 0 0
0 0 0 11 801 3222 62 0 0 0 0 20 2136 1938 2 0 0 6 363 3584 142 1 0 0
0 0 0 1 954 2977 163 1 0 0 0 17 2308 1757 14 0 0 1 601 3271 222 1 0 0
0 0 0 2 475 3388 231 0 0 0 0 8 2241 1840 7 0 0 3 305 3515 273 0 0 0
0 0 0 11 338 3353 392 2 0 0 0 19 2005 2049 23 0 0 4 221 3414 455 2 0 0
0 0 0 5 452 3291 347 1 0 0 0 24 2085 1962 25 0 0 4 339 3305 448 0 0 0
0 0 0 3 237 3478 375 3 0 0 0 15 2248 1818 15 0 0 2 201 3456 434 3 0 0
0 0 0 0 147 3457 491 1 0 0 0 9 2154 1916 17 0 0 0 121 3482 490 3 0 0
0 0 0 0 163 3323 599 11 0 0 0 8 2109 1944 35 0 0 0 171 3393 525 7 0 0
0 0 0 0 122 3257 711 6 0 0 0 14 1912 2134 36 0 0 2 162 3310 617 5 0 0
0 0 0 1 190 3213 691 1 0 0 0 14 1996 2054 32 0 0 1 203 3235 656 1 0 0
0 0 0 1 206 3190 690 9 0 0 0 14 1719 2272 87 4 0 0 170 3084 832 8 2 0
0 0 0 0 152 3115 824 5 0 0 0 8 1630 2411 47 0 0 0 121 3095 869 11 0 0
0 0 0 1 124 3020 934 17 0 0 0 1 1147 2836 108 4 0 1 82 2891 1099 23 0 0
0 0 0 6 269 3068 748 5 0 0 0 19 1179 2814 83 1 0 2 199 3026 863 6 0 0
0 0 0 1 157 3020 912 6 0 0 0 23 1344 2662 67 0 0 1 161 2975 956 3 0 0
0 0 0 3 312 2971 801 9 0 0 0 21 1189 2794 92 0 0 2 280 3060 745 9 0 0
0 0 0 11 434 2943 696 12 0 0 0 34 1178 2773 109 2 0 14 407 2880 786 9 0 0
0 0 0 1 105 3035 951 4 0 0 0 5 1033 3003 55 0 0 1 103 3087 900 5 0 0
0 0 0 6 259 3011 810 10 0 0 0 15 1291 2686 104 0 0 5 227 3039 814 11 0 0
1 3 38 43 480 2678 844 9 1 9 40 57 1410 2494 85 0 9 43 137 2859 1034 14 0 0
77 257 302 1659 1735 45 21 0 61 267 325 1816 1585 42 0 0 203 324 1362 2151 56 0 0 0
15 282 354 1078 1533 280 167 387 48 297 378 1161 1580 229 314 89 202 427 972 1831 292 317 55 0
13 44 34 76 819 1100 824 1186 48 36 70 297 1494 1200 346 605 68 96 304 1482 1140 239 419 348
0 4 23 218 1570 528 378 1375 1 21 155 668 1545 422 311 973 3 53 414 891 1243 345 575 572
267 581 444 129 203 224 288 1960 69 715 633 264 241 390 306 1478 49 600 723 421 351 393 189 1370
51 300 200 51 253 2449 784 8 9 155 369 76 1161 2193 131 2 2 85 376 2504 1053 75 1 0
0 0 0 25 512 2333 1188 38 0 0 0 45 1600 2329 120 2 0 4 208 2294 1505 84 1 0
0 0 1 29 512 2936 607 11 0 0 3 56 1646 2320 70 1 0 9 203 2998 872 14 0 0
0 0 0 44 755 2776 517 4 0 0 1 75 1650 2287 81 2 0 19 454 2859 755 9 0 0
0 0 0 33 667 2692 698 6 0 0 1 86 1552 2352 103 2 0 12 460 2727 877 20 0 0
0 0 0 9 441 2550 1049 47 0 0 0 64 1357 2509 155 11 0 12 428 2459 1155 40 2 0
0 0 0 33 588 2472 972 31 0 0 0 93 1511 2324 163 5 0 40 487 2533 1011 25 0 0
0 0 1 51 850 2433 737 24 0 0 2 97 1452 2401 142 2 3 86 835 2422 731 19 0 0
0 0 0 25 640 2672 747 12 0 0 0 64 1447 2404 175 6 1 47 707 2521 809 11 0 0
0 0 1 38 940 2453 647 17 0 0 7 79 1758 2095 151 6 0 74 810 2504 682 26 0 0
0 0 1 43 881 2713 442 16 0 0 6 120 1773 2052 142 3 0 36 733 2510 757 58 2 0
0 0 0 7 313 2421 1256 99 0 0 2 48 1485 2187 359 15 0 8 278 2143 1134 489 44 0
0 0 0 17 410 2545 1106 18 0 0 0 51 1582 2356 106 1 0 18 411 2404 1150 113 0 0
0 0 0 10 260 2813 978 35 0 0 0 44 1587 2352 113 0 0 7 210 2580 1173 116 10 0
0 0 0 3 344 3363 386 0 0 0 0 17 1836 2214 29 0 0 4 229 3313 549 1 0 0
0 0 0 3 407 3222 463 1 0 0 0 12 1704 2349 31 0 0 0 232 3312 552 0 0 0
0 0 0 8 460 3381 246 1 0 0 0 23 1864 2194 15 0 0 5 391 3423 276 1 0 0
0 0 0 1 325 3400 368 2 0 0 0 33 2918 1140 5 0 0 0 363 3416 315 2 0 0
0 0 0 5 454 3324 312 1 0 0 0 40 2622 1417 17 0 0 5 410 3361 319 1 0 0
0 0 0 1 341 3473 280 1 0 0 0 35 2744 1312 5 0 0 1 302 3453 338 2 0 0
0 0 0 5 543 3291 256 1 0 0 0 39 2597 1449 11 0 0 1 434 3357 304 0 0 0
0 0 0 7 723 3047 316 3 0 0 0 53 2570 1456 17 0 0 4 573 3132 383 4 0 0
0 0 0 4 609 3255 225 3 0 0 0 27 2480 1567 22 0 0 6 547 3297 243 3 0 0
0 0 0 18 727 3068 276 7 0 0 0 45 2030 1982 38 1 0 21 678 3109 283 4 1 0
0 0 0 18 654 3037 383 4 0 0 0 39 1902 2076 78 1 0 13 540 3036 499 8 0 0
0 0 0 0 508 3096 489 3 0 0 0 7 1746 2264 79 0 0 0 435 3132 524 5 0 0
0 0 0 4 427 2967 684 14 0 0 0 23 1603 2397 72 1 0 7 375 3027 677 10 0 0
0 0 0 4 294 3023 770 5 0 0 0 32 1487 2522 55 0 0 4 226 3154 707 5 0 0
0 0 0 1 263 2827 988 17 0 0 0 5 1256 2731 103 1 0 1 205 3074 805 11 0 0
0 0 0 4 515 3000 575 2 0 0 0 35 1513 2423 125 0 0 6 484 2993 609 4 0 0
0 0 0 2 307 2907 870 10 0 0 0 11 1119 2810 154 2 0 1 289 3031 764 10 1 0
0 0 0 5 279 2689 1106 17 0 0 0 15 1186 2715 175 5 0 7 348 2794 934 13 0 0
0 0 0 4 267 3068 744 13 0 0 0 11 1398 2582 102 3 0 1 247 3130 699 19 0 0
0 0 0 4 249 2785 1047 11 0 0 0 19 1484 2498 94 1 0 2 222 2957 901 14 0 0
0 0 0 1 181 2779 1111 24 0 0 0 15 1510 2478 91 2 0 1 188 2900 989 18 0 0
17 129 121 157 609 2447 606 10 5 141 123 212 1719 1819 75 2 102 152 665 2592 575 10 0 0
71 298 382 597 1256 320 244 928 81 435 477 733 1461 689 216 4 298 579 780 1334 863 238 1 3
300 589 469 781 893 324 133 607 220 629 365 625 1111 804 188 154 318 559 409 667 1204 830 107 2
168 430 293 358 635 357 310 1545 81 404 298 335 470 764 467 1277 73 385 289 306 458 1040 628 917
0 0 0 339 1808 998 426 525 0 0 34 1299 1418 624 391 330 0 17 712 1424 1088 425 257 173
0 90 1166 328 694 553 526 739 0 35 765 1043 593 560 524 576 0 61 563 1514 582 475 589 312
0 45 470 185 752 2054 556 34 0 3 316 353 1647 1663 100 14 0 2 274 2421 943 407 35 14
0 0 0 3 227 2489 1344 33 0 0 0 29 1289 2629 147 2 0 1 218 2467 1379 31 0 0
0 0 0 10 563 2660 832 31 0 0 2 52 1658 2242 138 4 0 5 486 2514 1029 59 3 0
0 0 0 8 389 2597 1069 33 0 0 0 20 1433 2469 167 7 0 5 298 2695 1054 42 2 0
0 0 0 11 489 2588 978 30 0 0 0 29 1402 2408 252 5 0 8 393 2624 1037 34 0 0
0 0 0 7 280 2569 1193 47 0 0 0 24 1285 2561 221 5 0 9 228 2440 1336 76 7 0
0 0 0 30 538 2545 942 41 0 0 1 84 1352 2466 176 17 0 26 456 2373 1165 64 11 1
0 0 0 32 480 2263 1192 129 0 0 0 70 1197 2422 382 25 0 12 322 2153 1285 264 60 0
0 0 0 22 435 2615 970 54 0 0 2 54 1391 2436 211 2 0 14 315 2434 1217 103 13 0
0 0 0 4 297 2660 1090 45 0 0 0 28 1451 2467 150 0 0 1 182 2590 1211 112 0 0
0 0 0 4 451 2900 728 13 0 0 0 21 1455 2530 90 0 0 4 281 2970 827 14 0 0
0 0 0 50 967 2547 525 7 0 0 1 59 1504 2398 133 1 0 19 606 2674 772 25 0 0
0 0 0 69 1157 2521 345 4 0 0 3 158 1727 2107 101 0 3 62 730 2675 614 11 1 0
0 0 2 57 1161 2675 199 2 0 0 1 99 2043 1887 66 0 1 22 741 2933 397 2 0 0
0 0 0 13 1033 2859 190 1 0 0 0 42 2176 1846 32 0 0 5 654 3061 375 1 0 0
0 0 0 7 221 2962 888 18 0 0 0 8 1477 2525 84 2 0 0 95 2848 1113 40 0 0
0 0 0 7 303 2751 995 40 0 0 0 40 1374 2556 123 3 0 2 211 2555 1278 50 0 0
0 0 0 4 398 3319 355 20 0 0 2 93 2844 1149 8 0 0 8 372 3267 447 2 0 0
0 0 0 0 258 3225 597 16 0 0 0 38 2421 1604 33 0 0 0 193 3260 626 17 0 0
0 0 0 1 409 3123 557 6 0 0 0 50 2446 1566 34 0 0 1 321 3210 559 5 0 0
0 0 0 0 222 3279 593 2 0 0 0 14 2165 1887 30 0 0 0 185 3287 617 7 0 0
0 0 0 0 414 3160 516 6 0 0 0 17 2150 1867 61 1 0 0 302 3242 543 8 1 0
0 0 0 6 438 3204 447 1 0 0 1 31 2177 1835 52 0 0 3 304 3260 523 6 0 0
0 0 0 2 267 2918 896 13 0 0 0 16 1588 2403 89 0 0 1 217 2908 956 14 0 0
0 0 0 6 283 2837 953 17 0 0 0 19 1504 2476 96 1 0 7 255 2862 956 16 0 0
0 0 0 3 157 2889 1030 17 0 0 0 14 1246 2723 113 0 0 1 123 2918 1041 13 0 0
0 0 0 0 137 2902 1036 21 0 0 0 9 1391 2585 105 6 0 0 134 2896 1041 24 1 0
0 0 0 1 351 2916 821 7 0 0 0 27 1572 2406 91 0 0 8 359 2891 830 8 0 0
0 0 0 4 286 2922 871 13 0 0 0 31 1609 2333 122 1 0 1 272 2915 897 11 0 0
0 0 0 5 567 2979 523 22 0 0 0 26 1651 2307 106 6 0 0 394 2959 719 24 0 0
0 0 0 18 712 2594 743 29 0 0 0 35 1552 2348 150 11 0 17 625 2536 888 25 5 0
0 0 0 3 316 2886 873 18 0 0 0 13 1498 2497 88 0 0 3 301 2969 812 11 0 0
0 0 0 11 514 2764 791 16 0 0 0 49 1745 2173 122 7 0 12 646 2644 780 14 0 0
0 0 0 9 588 2909 572 18 0 0 0 37 1878 2090 89 2 0 6 597 2906 567 20 0 0
0 0 0 0 168 2886 1014 28 0 0 0 24 1759 2216 93 4 0 0 249 3057 771 17 2 0
7 45 108 123 394 2516 891 12 8 69 111 186 1623 2017 81 1 33 114 432 2742 756 19 0 0
145 548 517 758 1492 627 9 0 62 459 542 513 1073 1434 13 0 113 448 522 491 649 1794 79 0
461 494 293 475 955 737 254 427 322 722 399 473 967 1185 28 0 408 796 451 637 769 995 40 0
157 281 198 481 232 184 342 2221 28 400 367 454 190 219 588 1850 37 503 490 297 245 345 1256 923
0 31 357 2359 1156 47 44 102 4 81 858 2864 136 54 73 26 14 307 3140 436 75 69 53 2
9 137 458 898 999 906 462 227 13 192 416 1284 834 926 317 114 49 365 935 945 900 737 106 59
2 36 165 377 890 1906 675 45 2 39 151 334 1591 1848 113 18 9 89 287 1897 1158 607 32 17
0 0 0 2 205 2448 1403 38 0 0 0 22 1102 2742 225 5 0 4 219 2532 1303 37 1 0
0 0 0 4 184 2476 1383 49 0 0 0 17 1037 2756 279 7 0 5 257 2711 1078 45 0 0
0 0 0 4 150 2387 1500 55 0 0 0 14 1112 2736 228 6 0 2 148 2631 1265 49 1 0
0 0 0 18 444 2770 844 20 0 0 1 76 1846 2061 110 2 0 16 468 2895 695 22 0 0
0 0 0 14 472 2663 918 29 0 0 0 86 2084 1840 86 0 0 9 492 2747 816 32 0 0
0 0 0 27 457 2673 920 19 0 0 0 73 1803 2120 100 0 0 23 487 2776 796 14 0 0
0 0 0 25 557 2626 849 39 0 0 2 86 1839 2030 135 4 0 26 590 2762 691 27 0 0
0 0 0 11 466 2725 879 15 0 0 0 77 1794 2136 89 0 0 8 445 2807 823 13 0 0
0 0 0 8 283 2735 1055 15 0 0 0 42 1676 2257 120 1 0 9 250 2821 1001 15 0 0
0 0 0 10 188 2541 1330 27 0 0 0 23 1262 2632 177 2 0 2 152 2685 1231 25 1 0
0 0 0 0 89 2357 1613 37 0 0 0 8 1094 2825 166 3 0 0 87 2456 1514 39 0 0
0 0 0 0 133 2803 1127 33 0 0 0 15 1474 2490 113 4 0 0 127 2771 1163 35 0 0
0 0 0 15 550 2758 756 17 0 0 0 48 1715 2233 97 3 0 10 459 2799 806 20 2 0
0 0 0 9 513 2977 590 7 0 0 1 82 1977 1972 64 0 0 9 367 2861 854 5 0 0
0 0 0 16 405 2968 702 5 0 0 1 53 1781 2177 82 2 0 11 308 2865 896 16 0 0
0 0 0 12 282 2714 1068 20 0 0 0 28 1388 2500 177 3 0 10 198 2558 1286 44 0 0
