61 894 308 241 1126 423 818 225 131 1018 260 1103 156 828 411 189 128 1558 639 185 224 831 334 197
3 155 910 1154 954 461 190 269 19 423 1089 1713 278 163 187 224 33 884 1522 826 257 168 186 220
0 17 920 987 408 1115 170 479 0 151 1716 1072 405 165 187 400 8 490 2380 286 197 177 181 377
0 70 1508 759 997 244 201 317 2 277 2038 1020 147 156 204 252 37 893 2173 268 141 124 214 246
1058 895 179 189 185 812 531 247 1178 792 169 183 215 905 421 233 424 1455 197 182 210 845 503 280
23 489 1282 994 331 383 265 329 38 632 1220 931 311 385 267 312 6 284 1183 1228 346 344 316 389
30 380 2019 450 228 231 221 537 30 477 2171 229 233 224 223 509 9 149 2181 494 237 206 232 588
6 271 1994 467 213 194 225 726 7 380 2147 236 209 204 227 686 1 119 2191 398 221 206 223 737
832 801 274 416 740 747 234 52 709 752 374 315 773 850 228 95 181 949 521 338 610 856 427 214
69 739 1128 708 675 430 223 124 59 612 994 861 652 503 252 163 12 210 816 1074 710 613 353 308
100 1080 1298 380 333 323 318 264 108 1020 1091 579 314 347 339 298 15 420 1127 945 396 323 377 493
35 998 1506 449 411 328 228 141 43 838 1627 461 395 352 215 165 8 324 1370 1119 386 358 273 258
