0 0 0 0 0 0 0 4096 0 0 0 0 0 0 0 4096 0 0 0 0 0 0 0 4096
0 0 0 0 0 0 0 4096 0 0 0 0 0 0 0 4096 0 0 0 0 0 0 0 4096
0 0 0 0 0 0 0 4096 0 0 0 0 0 0 0 4096 0 0 0 0 0 0 0 4096
0 0 0 0 0 0 0 4096 0 0 0 0 0 0 0 4096 0 0 0 0 0 0 0 4096
0 43 188 308 18 11 17 3511 0 4 191 293 55 15 12 3526 0 0 188 243 110 15 13 3527
0 954 1021 1396 310 18 10 387 0 537 1428 1325 364 35 11 396 0 37 1899 1258 447 48 11 396
0 0 485 2321 1280 10 0 0 0 1 490 2057 1518 30 0 0 0 3 487 1893 1654 59 0 0
0 4 278 2864 942 8 0 0 0 4 170 2613 1262 47 0 0 0 4 102 2499 1412 79 0 0
0 3 654 2787 652 0 0 0 0 0 358 2603 1134 1 0 0 0 0 257 2482 1347 10 0 0
1 19 602 2310 998 151 12 3 0 0 214 1821 1607 424 28 2 7 290 1194 1949 638 14 4 0
1 95 940 2438 547 73 2 0 0 4 322 2155 1364 236 15 0 31 467 1506 1863 227 2 0 0
5 600 2142 1155 168 25 1 0 0 50 1150 2154 658 82 2 0 169 1636 1693 564 33 1 0 0
23 1172 1969 854 73 5 0 0 0 338 1535 1852 350 17 4 0 308 1964 1305 484 32 3 0 0
371 2457 976 178 37 15 31 31 53 1185 1921 720 121 21 22 53 966 2414 520 83 23 18 14 58
430 1684 806 348 171 156 195 306 47 1100 1448 563 202 162 144 430 348 1522 793 440 222 145 153 473
553 2357 839 206 62 33 34 12 28 1721 1644 482 120 47 23 31 1080 2045 641 178 58 34 34 26
0 0 0 0 0 0 0 4096 0 0 0 0 0 0 0 4096 0 0 0 0 0 0 0 4096
0 0 0 0 0 0 0 4096 0 0 0 0 0 0 0 4096 0 0 0 0 0 0 0 4096
0 0 0 0 0 0 0 4096 0 0 0 0 0 0 0 4096 0 0 0 0 0 0 0 4096
0 0 0 0 0 0 0 4096 0 0 0 0 0 0 0 4096 0 0 0 0 0 0 0 4096
0 124 579 450 191 34 26 2692 0 12 661 427 234 42 23 2697 0 0 603 448 273 45 19 2708
12 185 783 2394 695 26 1 0 0 210 631 2277 925 53 0 0 0 183 640 2305 918 50 0 0
64 350 1018 2211 450 3 0 0 29 419 764 2140 734 10 0 0 13 434 831 2051 760 7 0 0
93 414 653 2463 454 19 0 0 50 477 492 2285 761 31 0 0 40 505 524 2255 742 30 0 0
82 553 1124 2110 225 2 0 0 64 555 789 2213 469 6 0 0 52 590 842 2091 514 7 0 0
157 691 892 1969 381 6 0 0 161 680 657 1921 651 26 0 0 188 675 692 1889 621 31 0 0
109 447 1298 1946 291 5 0 0 104 364 704 2058 807 53 6 0 178 650 1163 1641 460 4 0 0
162 851 1759 1181 143 0 0 0 114 418 1416 1750 384 14 0 0 293 1103 1501 1023 176 0 0 0
173 1655 1709 512 46 1 0 0 9 547 1791 1519 226 4 0 0 709 1871 1115 368 33 0 0 0
378 2447 1072 182 14 3 0 0 12 939 2193 847 98 6 1 0 1136 2281 580 95 4 0 0 0
608 2291 881 242 33 15 13 13 75 1074 1944 754 186 30 10 23 1125 2093 616 188 25 16 12 21
1425 2273 350 47 1 0 0 0 66 2681 1098 227 23 1 0 0 2305 1489 253 47 2 0 0 0
0 0 0 6 579 467 111 2933 0 0 0 0 23 796 250 3027 0 0 0 0 108 735 219 3034
0 0 0 1 137 53 43 3862 0 0 0 0 0 149 56 3891 0 0 0 0 9 144 59 3884
0 0 0 0 0 0 0 4096 0 0 0 0 0 0 0 4096 0 0 0 0 0 0 0 4096
0 0 0 0 0 0 0 4096 0 0 0 0 0 0 0 4096 0 0 0 0 0 0 0 4096
0 0 84 822 112 14 19 3045 0 0 20 779 206 19 22 3050 0 0 27 744 210 40 21 3054
0 11 1504 2397 167 13 4 0 0 14 1156 2660 250 13 3 0 0 16 1303 2544 222 10 1 0
0 69 1998 1790 234 5 0 0 0 51 1602 2131 297 15 0 0 0 68 1806 1935 271 16 0 0
0 30 1402 2481 183 0 0 0 0 32 1003 2755 303 3 0 0 0 41 1193 2608 251 3 0 0
1 275 2661 1140 19 0 0 0 0 267 2424 1379 26 0 0 0 1 322 2714 1042 17 0 0 0
1 1217 2546 329 3 0 0 0 0 1198 2380 514 4 0 0 0 3 1375 2276 439 3 0 0 0
2 316 2799 927 46 6 0 0 1 169 2511 1313 88 13 1 0 3 274 2590 1158 62 7 2 0
0 213 2766 1077 40 0 0 0 0 72 1790 2046 172 16 0 0 27 387 2088 1540 54 0 0 0
162 1104 2152 657 21 0 0 0 2 514 1771 1704 105 0 0 0 293 1260 1838 685 20 0 0 0
481 2255 1099 224 34 3 0 0 20 1149 1911 863 138 13 2 0 1218 2069 648 141 19 1 0 0
1426 2206 412 49 3 0 0 0 62 2382 1347 270 32 3 0 0 2055 1712 288 37 4 0 0 0
1903 1866 284 43 0 0 0 0 273 2668 945 191 19 0 0 0 2490 1372 206 28 0 0 0 0
0 0 0 886 3051 159 0 0 0 0 0 2 1526 2557 11 0 0 0 0 96 3590 410 0 0
0 170 608 1168 1469 270 84 327 0 125 510 411 1033 1537 127 353 0 177 540 552 2079 345 58 345
0 675 830 793 568 214 89 927 0 561 834 565 490 552 130 964 0 607 828 638 816 185 72 950
0 415 1061 976 353 54 21 1216 0 460 1125 878 333 50 22 1228 0 555 1269 661 340 27 21 1223
0 399 1210 1737 273 13 12 452 0 366 1130 1707 407 16 14 456 0 330 1336 1540 404 18 12 456
0 485 2853 696 56 6 0 0 0 505 2875 676 37 3 0 0 0 522 3044 511 19 0 0 0
2 774 2777 529 14 0 0 0 3 783 2686 610 14 0 0 0 3 864 2738 481 10 0 0 0
0 857 2673 557 9 0 0 0 0 837 2558 691 10 0 0 0 1 936 2540 611 7 1 0 0
0 845 2643 601 7 0 0 0 0 719 2550 816 11 0 0 0 0 744 2670 675 7 0 0 0
2 754 2904 434 2 0 0 0 2 675 2844 572 3 0 0 0 6 847 2814 427 2 0 0 0
0 603 3084 405 4 0 0 0 0 274 3107 700 15 0 0 0 0 350 3111 622 13 0 0 0
1 363 3131 573 26 2 0 0 0 87 2130 1579 274 26 0 0 25 552 2768 709 42 0 0 0
105 1210 2117 613 51 0 0 0 0 170 1198 2009 656 63 0 0 414 1987 1365 320 10 0 0 0
314 2168 1347 242 25 0 0 0 2 664 2007 1201 204 18 0 0 823 2231 907 122 13 0 0 0
2332 1581 160 22 1 0 0 0 149 3031 803 101 12 0 0 0 2909 1060 116 11 0 0 0 0
3505 508 77 6 0 0 0 0 2258 1557 222 59 0 0 0 0 3649 387 56 4 0 0 0 0
0 0 132 2660 1166 65 8 65 0 0 0 399 2782 800 48 67 0 0 1 2189 1716 93 31 66
0 1524 259 1106 1058 95 22 32 0 1541 164 511 1408 404 19 49 0 1616 304 1536 546 33 14 47
2094 1973 29 0 0 0 0 0 405 3662 29 0 0 0 0 0 396 3686 14 0 0 0 0 0
1090 1696 547 434 170 82 46 31 728 2046 395 456 278 123 47 23 531 2361 513 421 164 62 40 4
584 1523 670 471 298 69 481 0 334 1549 526 530 502 134 520 1 391 1557 690 768 155 52 483 0
0 686 1051 347 877 388 747 0 0 744 1063 847 475 116 851 0 0 727 1357 920 210 104 778 0
0 285 1199 1019 1392 201 0 0 0 350 1208 1694 833 11 0 0 6 463 1335 2047 245 0 0 0
0 553 1322 734 894 551 32 10 3 632 1261 1134 482 214 355 15 7 730 1338 1263 207 442 94 15
0 415 1389 907 528 755 102 0 7 439 1394 1271 155 761 69 0 32 547 1534 1120 190 673 0 0
29 739 1543 1499 265 6 4 11 37 693 1806 1492 45 7 2 14 69 834 2155 1004 13 4 5 12
48 794 1952 626 675 1 0 0 49 567 2294 700 343 143 0 0 91 740 2414 437 414 0 0 0
44 679 1645 615 1100 11 2 0 27 449 1571 715 1270 58 6 0 70 808 1568 647 1001 2 0 0
105 1459 1586 844 102 0 0 0 20 510 1491 1361 684 30 0 0 282 1903 1132 701 78 0 0 0
1449 2267 363 15 2 0 0 0 110 2309 1432 238 7 0 0 0 2134 1736 214 12 0 0 0 0
2166 1595 229 49 28 6 8 15 881 2294 710 135 36 13 10 17 2812 1000 176 31 34 17 6 20
3353 671 32 18 8 4 5 5 1458 2402 187 18 17 3 4 7 3659 370 23 15 14 4 5 6
0 0 124 1048 1867 826 198 33 0 0 2 383 1247 1855 499 110 0 0 5 817 1050 1687 404 133
4 1025 263 906 1296 336 153 113 5 1004 194 614 1104 747 215 213 13 1065 329 794 887 607 175 226
929 568 245 762 974 370 174 74 325 1154 132 421 933 766 214 151 429 1043 141 386 911 780 239 167
111 45 184 1674 1533 364 92 93 75 76 37 704 2123 782 162 137 24 122 36 515 2074 986 197 142
123 40 46 1069 1442 1042 252 82 59 97 26 378 1564 1189 661 122 18 136 24 247 1603 1305 640 123
0 0 37 545 1223 1350 847 94 0 0 20 512 852 1227 1306 179 0 3 149 555 676 1164 1329 220
0 1 94 876 1453 1195 378 99 0 2 82 1008 970 967 861 206 0 9 159 1241 664 800 931 292
110 42 56 836 1723 1188 81 60 83 50 44 773 1598 1070 399 79 83 51 62 1270 1213 1125 212 80
0 2 112 840 1334 1584 120 104 0 0 20 404 1173 2082 283 134 0 1 32 451 1114 2120 239 139
0 1 157 1833 1599 396 58 52 0 1 137 1526 1382 815 150 85 0 2 394 1542 1152 756 158 92
0 1 235 1372 1970 381 55 82 0 0 338 1406 1382 796 65 109 0 7 685 1332 1449 458 53 112
0 140 496 1010 2069 275 50 56 0 2 191 769 2389 571 99 75 0 86 492 765 2192 390 83 88
33 370 1179 1561 729 125 62 37 0 87 661 1535 1351 330 47 85 20 204 772 1477 1170 316 49 88
374 1053 1373 716 405 106 65 4 35 801 1124 1194 550 274 64 54 379 617 1234 1003 485 261 57 60
319 906 1223 1130 453 53 11 1 103 662 1042 1141 899 215 30 4 160 659 1044 1157 828 214 30 4
384 1145 1282 1021 256 8 0 0 159 721 1221 1261 664 70 0 0 289 897 1194 1109 531 73 3 0
0 0 12 996 2547 493 47 1 0 0 2 56 1869 1939 227 3 0 1 168 1573 1676 637 40 1
1 11 74 682 1930 1325 73 0 0 3 31 183 1122 2023 721 13 0 3 39 443 1785 1534 279 13
0 9 189 1351 1887 654 6 0 0 0 32 381 1794 1640 249 0 0 0 43 487 1822 1511 233 0
4 107 488 1416 1717 362 2 0 0 13 183 818 1855 1175 52 0 1 83 386 943 1738 912 33 0
0 19 224 1033 1870 817 59 74 0 8 32 368 1864 1654 87 83 0 20 225 997 1884 839 68 63
0 2 71 522 1091 1949 461 0 0 0 5 129 763 1656 1515 28 0 2 37 352 602 1606 1467 30
0 15 401 1296 1366 840 178 0 0 0 31 692 1751 1089 488 45 0 48 654 1269 1062 489 497 77
65 28 213 1266 1576 884 40 24 46 39 49 348 2157 1353 73 31 50 58 413 1475 1557 478 33 32
0 3 354 1455 1448 692 46 98 0 0 7 475 1756 1582 139 137 0 15 430 1099 1317 1001 103 131
0 68 304 1334 1582 679 98 31 0 35 218 872 1676 1029 209 57 1 75 445 1316 1224 823 164 48
24 265 883 1563 1093 256 12 0 14 165 415 1541 1470 467 24 0 35 450 1290 1414 768 135 4 0
13 807 1686 1015 524 51 0 0 0 30 844 1623 1177 401 21 0 13 819 1785 874 525 80 0 0
0 172 1757 1565 531 71 0 0 0 8 499 2226 971 378 14 0 2 191 1455 1729 556 159 4 0
10 363 1644 1561 458 59 1 0 0 61 601 1992 1154 281 7 0 11 278 1601 1538 489 177 2 0
17 396 1509 1583 497 76 17 1 1 108 828 1676 1211 217 46 9 3 232 1216 1628 803 161 41 12
75 789 1514 1370 313 34 1 0 50 500 1058 1601 766 108 13 0 226 602 1225 1418 523 86 15 1
0 6 146 2796 1005 112 18 13 0 0 28 213 2591 1159 79 26 0 13 1297 1881 689 169 20 27
3 170 556 1186 1448 565 56 112 0 13 252 616 1279 1329 450 157 1 140 495 1043 1469 711 79 158
5 237 837 1901 969 128 11 8 0 5 228 885 1865 1018 79 16 4 210 793 1651 1118 288 17 15
0 79 794 2164 1040 19 0 0 0 1 75 511 1905 1520 84 0 0 179 1104 1846 917 50 0 0
0 70 649 1294 897 383 378 425 0 17 137 759 1392 873 355 563 3 220 946 1038 748 365 337 439
0 139 1202 1464 850 416 25 0 0 2 266 1376 1444 772 236 0 24 561 1231 992 666 498 124 0
13 241 1002 1878 761 95 46 60 0 34 243 928 1917 815 92 67 82 581 1320 1394 543 81 54 41
2 149 825 2243 795 44 11 27 0 6 62 640 2255 1032 64 37 15 243 1032 1883 809 68 13 33
0 84 669 1999 1086 137 48 73 0 0 55 577 2026 1172 153 113 4 158 1105 1778 794 113 39 105
4 239 1152 1631 609 268 184 9 0 43 372 1214 1613 558 255 41 62 715 1243 1029 561 281 197 8
249 1083 1487 977 272 18 10 0 0 241 880 1452 1259 251 9 4 385 1390 1452 691 160 8 8 2
279 886 1665 1111 145 10 0 0 0 287 591 1258 1663 285 10 2 436 1150 1741 671 92 6 0 0
214 1223 1598 926 125 10 0 0 0 134 901 1540 1305 202 14 0 388 1384 1684 568 72 0 0 0
119 1505 1914 517 40 1 0 0 0 72 944 2111 882 82 5 0 258 1851 1697 278 12 0 0 0
47 516 2030 1236 253 14 0 0 0 38 469 2003 1328 248 10 0 78 745 2043 941 245 40 4 0
23 1072 1993 914 91 3 0 0 0 158 1213 1624 1010 87 4 0 172 1448 1791 580 101 4 0 0
0 234 1333 2149 340 17 19 4 0 6 321 1117 2179 437 19 17 11 587 2361 956 127 22 12 20
0 175 796 2171 796 68 59 31 0 10 288 549 2163 942 58 86 0 344 1947 1438 218 36 31 82
2 115 722 2115 1113 28 1 0 0 1 64 592 2185 1233 21 0 22 425 2086 1415 143 5 0 0
1 62 704 1727 1534 68 0 0 0 3 148 708 1658 1527 52 0 9 562 1890 1532 103 0 0 0
2 193 770 1179 1760 183 9 0 0 6 251 678 1432 1640 84 5 53 761 1585 1546 137 12 2 0
3 214 525 1489 1694 167 4 0 0 19 329 520 1563 1605 60 0 60 627 1876 1415 115 3 0 0
8 174 452 1489 1715 253 5 0 0 18 231 418 1450 1817 161 1 77 496 1734 1582 204 3 0 0
1 112 415 1533 1709 319 7 0 0 7 75 324 1791 1801 98 0 29 346 1696 1826 195 4 0 0
0 9 186 1685 1965 246 5 0 0 0 5 127 1956 1904 102 2 2 166 1687 2034 194 13 0 0
0 23 249 1886 1785 150 3 0 0 0 24 249 2282 1486 53 2 4 228 2073 1663 123 5 0 0
0 33 176 2007 1788 90 2 0 0 0 27 164 2211 1651 42 1 8 196 2028 1757 105 2 0 0
0 22 187 2003 1830 53 0 1 0 0 11 126 2144 1773 41 1 10 240 2201 1578 66 0 1 0
0 6 323 2154 1533 79 1 0 0 0 5 171 2305 1571 44 0 3 246 2230 1537 80 0 0 0
0 6 379 2296 1343 72 0 0 0 0 3 224 2357 1435 77 0 4 451 2304 1260 77 0 0 0
0 7 375 2052 1553 99 10 0 0 0 0 295 2812 969 20 0 2 213 2208 1576 87 8 2 0
1 24 230 2085 1622 104 26 4 0 0 17 853 2805 396 20 5 12 177 2309 1479 85 26 8 0
0 0 304 3116 672 4 0 0 0 0 0 166 3166 763 1 0 0 216 2753 1108 19 0 0 0
0 0 65 1964 1958 107 2 0 0 0 0 53 1835 2133 75 0 0 89 1911 1907 184 5 0 0
0 0 43 1291 2581 174 6 1 0 0 0 36 1283 2665 108 4 0 66 1451 2368 205 4 2 0
0 1 43 1664 2198 181 9 0 0 0 0 27 1524 2407 135 3 1 141 1866 1909 166 13 0 0
0 0 27 1067 2583 390 24 5 0 0 0 40 1499 2373 169 15 0 69 1485 2223 283 24 12 0
0 0 29 1437 2454 175 1 0 0 0 0 40 1581 2368 107 0 0 79 1857 2020 138 2 0 0
0 0 38 1326 2460 255 13 4 0 0 0 52 1631 2283 126 4 1 97 1678 2118 188 11 3 0
0 1 60 1334 2457 241 3 0 0 0 2 75 1709 2196 114 0 3 222 2001 1753 117 0 0 0
0 0 59 1039 2501 494 3 0 0 0 3 158 1658 2141 136 0 0 161 1692 1986 256 1 0 0
0 0 10 669 2726 676 15 0 0 0 0 40 1426 2477 153 0 0 36 1147 2487 421 5 0 0
0 0 18 562 2656 827 32 1 0 0 1 45 1598 2335 116 1 0 59 1000 2562 459 16 0 0
0 0 8 810 2734 536 8 0 0 0 0 59 1786 2159 91 1 0 60 1448 2304 278 6 0 0
0 0 47 1688 2111 232 17 1 0 0 0 95 2186 1728 86 1 1 162 2181 1603 142 7 0 0
0 1 140 1590 2054 291 20 0 0 0 5 153 2355 1495 88 0 2 212 1931 1701 233 17 0 0
0 0 73 1470 2117 407 28 1 0 0 0 163 2312 1535 85 1 0 111 1620 1992 338 34 1 0
0 2 94 1609 1727 492 158 14 0 1 22 809 2485 616 150 13 3 156 1686 1553 468 195 35 0
0 24 712 2942 416 2 0 0 0 0 29 757 3179 131 0 0 15 655 2734 686 6 0 0 0
0 0 125 2704 1257 10 0 0 0 0 1 221 2940 931 3 0 0 248 2492 1309 47 0 0 0
0 0 106 2112 1778 100 0 0 0 0 0 131 2306 1591 68 0 4 214 2108 1644 125 1 0 0
0 1 148 2060 1706 181 0 0 0 0 1 209 2280 1495 108 3 7 431 2160 1294 197 7 0 0
0 0 112 1772 1967 229 14 2 0 0 3 209 2199 1576 107 2 2 275 2204 1437 169 8 1 0
0 3 123 2040 1709 192 25 4 0 0 2 118 1901 1915 144 16 3 315 2209 1343 184 27 15 0
0 1 83 1748 2099 160 4 1 0 0 10 200 1860 1951 73 2 5 308 2133 1548 100 1 1 0
0 0 66 1700 2148 178 3 1 0 0 0 94 2072 1863 66 1 0 244 2329 1436 84 2 1 0
0 3 28 1104 2520 426 13 2 0 0 3 99 2052 1863 79 0 2 185 1994 1747 162 6 0 0
0 0 15 946 2483 619 28 5 0 0 0 39 1780 2127 145 5 1 114 1678 2010 266 24 3 0
0 0 91 1669 2099 234 3 0 0 0 3 107 1958 1905 122 1 2 226 2016 1675 176 1 0 0
0 0 59 1902 1923 204 8 0 0 0 3 141 2360 1507 85 0 3 208 2291 1449 142 3 0 0
0 0 85 2001 1759 210 33 8 0 0 0 133 2463 1391 98 11 1 244 2489 1176 142 32 12 0
0 0 102 1942 1648 319 77 8 0 0 1 255 2412 1293 128 7 3 372 2234 1151 251 77 8 0
0 0 175 2489 1276 130 25 1 0 0 1 527 2899 585 75 9 0 432 2617 906 116 25 0 0
0 0 313 2398 1269 103 11 2 0 0 29 1281 2472 291 19 4 4 606 2296 1081 92 12 5 0
0 109 2289 1624 67 7 0 0 0 0 314 2784 986 12 0 0 128 2518 1386 64 0 0 0 0
0 33 1111 2604 337 11 0 0 0 0 88 1658 2216 123 11 0 37 1686 2085 262 26 0 0 0
0 4 347 2582 1135 28 0 0 0 0 11 596 2854 625 10 0 11 718 2516 809 42 0 0 0
0 20 466 2194 1317 99 0 0 0 0 7 402 2752 898 37 0 26 750 2370 860 89 1 0 0
0 4 332 2483 1163 100 13 1 0 0 6 428 2776 857 28 1 7 749 2473 786 78 3 0 0
0 0 120 2175 1696 99 5 1 0 0 5 245 2686 1113 46 1 2 394 2443 1163 87 6 1 0
0 8 270 2276 1377 135 26 4 0 0 23 483 2509 1020 58 3 15 580 2391 990 101 18 1 0
0 0 99 1998 1788 208 3 0 0 0 0 439 2873 762 22 0 0 497 2481 1017 101 0 0 0
0 23 489 2320 1178 85 1 0 0 0 10 627 2629 807 22 1 25 850 2304 858 58 1 0 0
0 9 386 2541 1072 70 13 5 0 0 8 517 2767 761 41 2 19 822 2463 727 55 8 2 0
0 0 224 2029 1646 191 6 0 0 0 7 460 2762 834 33 0 3 442 2416 1137 96 2 0 0
0 3 142 1971 1770 199 10 1 0 0 16 377 2817 831 55 0 2 256 2398 1285 146 9 0 0
0 1 118 2138 1641 183 15 0 0 0 7 581 2824 651 33 0 1 371 2465 1142 107 10 0 0
0 2 187 2126 1610 142 27 2 0 0 28 898 2657 474 34 5 11 586 2410 978 82 28 1 0
0 10 586 2474 966 56 4 0 0 0 45 1459 2240 344 8 0 23 1031 2388 616 38 0 0 0
0 16 1233 2442 385 17 3 0 0 0 302 2301 1408 82 3 0 35 1780 2037 226 16 2 0 0
