0 4 3942 150 0 0 0 0 0 0 3109 987 0 0 0 0 0 0 1233 2863 0 0 0 0
0 0 2542 1554 0 0 0 0 0 0 703 3393 0 0 0 0 0 0 74 4022 0 0 0 0
15 62 968 3047 4 0 0 0 18 56 211 3811 0 0 0 0 1 64 829 3202 0 0 0 0
81 135 535 3201 144 0 0 0 51 133 432 3478 2 0 0 0 5 246 1415 2334 96 0 0 0
124 220 488 3264 0 0 0 0 42 241 211 3599 3 0 0 0 0 277 145 3187 487 0 0 0
140 221 585 3150 0 0 0 0 27 240 350 3354 125 0 0 0 5 259 272 1962 1598 0 0 0
114 229 638 3115 0 0 0 0 12 241 356 2918 569 0 0 0 0 237 249 1177 2433 0 0 0
53 153 579 2720 591 0 0 0 8 155 350 2403 1180 0 0 0 5 181 1599 751 1560 0 0 0
44 154 729 3033 136 0 0 0 4 162 223 1990 1717 0 0 0 0 138 357 1436 2165 0 0 0
9 212 496 3192 187 0 0 0 0 189 187 1814 1906 0 0 0 0 92 225 1514 2265 0 0 0
4 181 348 2789 774 0 0 0 0 163 177 1812 1944 0 0 0 0 109 202 1511 2274 0 0 0
0 185 201 2469 1241 0 0 0 0 165 141 1708 2082 0 0 0 0 78 217 1371 2430 0 0 0
0 104 387 1924 1678 3 0 0 1 94 395 1759 1847 0 0 0 3 153 1086 1435 1418 1 0 0
0 83 186 1905 1922 0 0 0 0 60 183 692 3160 1 0 0 0 21 232 370 3466 7 0 0
0 4 193 470 3412 17 0 0 0 1 176 208 3655 56 0 0 0 1 208 171 3639 77 0 0
0 0 27 302 3030 737 0 0 0 0 20 492 2768 816 0 0 0 0 169 612 2582 733 0 0
0 0 0 21 236 2781 1032 26 0 0 0 55 939 2589 513 0 0 0 53 1092 642 2092 217 0
0 0 0 0 0 146 1757 2193 0 0 0 0 33 702 2151 1210 0 0 0 0 221 1098 2071 706
0 0 758 3338 0 0 0 0 0 0 336 3760 0 0 0 0 0 0 58 4038 0 0 0 0
0 0 126 3970 0 0 0 0 0 0 11 4084 1 0 0 0 0 0 1 4095 0 0 0 0
0 9 90 3522 475 0 0 0 0 25 60 3804 207 0 0 0 1 66 701 3147 181 0 0 0
0 16 196 2469 1415 0 0 0 0 22 254 2411 1409 0 0 0 2 74 1263 1098 1659 0 0 0
0 0 18 2928 1150 0 0 0 0 0 0 2147 1949 0 0 0 0 0 0 1395 2701 0 0 0
0 0 2 2477 1617 0 0 0 0 0 0 1224 2872 0 0 0 0 0 0 552 3544 0 0 0
0 0 6 2147 1943 0 0 0 0 0 0 548 3548 0 0 0 0 0 0 306 3790 0 0 0
0 10 131 1373 2582 0 0 0 0 34 118 1433 2511 0 0 0 3 69 1204 534 2286 0 0 0
0 0 8 1233 2855 0 0 0 0 0 4 351 3741 0 0 0 0 2 35 410 3649 0 0 0
0 0 0 632 3464 0 0 0 0 0 0 200 3896 0 0 0 0 0 0 174 3922 0 0 0
0 0 0 438 3658 0 0 0 0 0 0 279 3817 0 0 0 0 0 0 257 3839 0 0 0
0 0 0 271 3825 0 0 0 0 0 0 220 3876 0 0 0 0 0 2 217 3877 0 0 0
0 0 19 439 3633 5 0 0 0 0 29 441 3625 1 0 0 0 8 325 1601 2162 0 0 0
0 0 0 90 3902 104 0 0 0 0 0 58 3930 108 0 0 0 0 0 65 3974 57 0 0
0 0 0 1 2266 1829 0 0 0 0 0 0 2164 1932 0 0 0 0 0 0 2412 1684 0 0
0 0 0 5 869 3184 38 0 0 0 0 28 940 3126 2 0 0 0 10 740 452 2892 2 0
0 0 0 0 86 778 2379 853 0 0 0 2 260 1494 2231 109 0 0 3 235 1160 949 1749 0
0 0 0 0 0 0 87 4009 0 0 0 0 0 40 518 3538 0 0 0 0 13 105 2106 1872
0 71 246 3778 1 0 0 0 0 61 215 3808 12 0 0 0 0 64 200 3830 2 0 0 0
99 999 585 1634 687 46 24 22 213 894 628 1749 548 36 24 4 157 1014 667 1810 385 37 23 3
0 74 135 1182 817 84 827 977 0 79 144 1516 488 260 1405 204 0 80 795 1011 399 971 822 18
0 0 75 1110 2911 0 0 0 0 0 111 1481 2504 0 0 0 0 0 1096 777 2223 0 0 0
0 0 2 1114 2980 0 0 0 0 0 1 699 3396 0 0 0 0 0 1 664 3431 0 0 0
0 0 0 767 3329 0 0 0 0 0 0 560 3536 0 0 0 0 0 0 514 3582 0 0 0
0 0 0 404 3692 0 0 0 0 0 0 297 3799 0 0 0 0 0 0 288 3808 0 0 0
0 13 87 478 3518 0 0 0 0 20 78 1068 2930 0 0 0 2 43 714 1075 2262 0 0 0
0 0 2 250 3844 0 0 0 0 0 0 207 3889 0 0 0 0 0 8 336 3752 0 0 0
0 0 0 136 3960 0 0 0 0 0 0 124 3972 0 0 0 0 0 0 129 3967 0 0 0
0 0 0 187 3909 0 0 0 0 0 0 168 3928 0 0 0 0 0 0 180 3916 0 0 0
0 1 59 245 3777 14 0 0 0 1 55 248 3775 17 0 0 0 4 150 155 3784 3 0 0
0 1 56 329 3686 24 0 0 0 6 68 328 3681 13 0 0 0 45 276 1449 2326 0 0 0
0 0 0 8 3918 170 0 0 0 0 0 8 3917 171 0 0 0 0 0 22 3952 122 0 0
0 0 0 0 995 3101 0 0 0 0 0 0 978 3118 0 0 0 0 0 1 1613 2482 0 0
0 0 0 0 816 3244 36 0 0 0 0 15 865 3211 5 0 0 0 8 818 500 2770 0 0
0 0 0 0 2 611 3168 315 0 0 0 0 16 1420 2638 22 0 0 0 23 925 986 2162 0
0 0 0 0 0 93 906 3097 0 0 0 0 1 448 2179 1468 0 0 0 0 362 1257 2110 367
0 184 1021 2682 72 63 72 2 0 178 776 2864 136 65 56 21 0 92 475 2834 524 68 52 51
25 504 713 2108 504 146 44 52 92 443 607 2131 628 91 42 62 36 450 515 2004 883 84 53 71
0 93 360 1900 640 598 343 162 0 72 295 1954 840 557 285 93 0 44 724 1367 1179 491 200 91
0 52 581 2157 1163 55 46 42 0 48 403 2134 1335 77 36 63 0 66 757 1502 1517 143 32 79
0 10 226 2376 1333 53 44 54 0 0 87 1692 2133 69 41 74 0 0 41 1151 2675 88 54 87
0 3 170 1896 1868 65 45 49 0 0 68 1087 2746 76 50 69 0 0 38 757 3052 101 60 88
0 5 134 1447 2342 72 66 30 0 1 78 736 3087 71 59 64 0 1 66 522 3272 83 63 89
1 7 235 1705 2017 67 55 9 0 4 160 1791 1961 88 67 25 0 8 592 1521 1739 127 65 44
0 18 141 1296 2492 69 77 3 0 0 76 762 3066 90 79 23 0 0 65 642 3138 131 53 67
0 6 144 1082 2688 79 97 0 0 0 58 686 3145 76 111 20 0 0 50 574 3231 87 80 74
0 0 141 949 2834 81 91 0 0 0 63 606 3221 76 129 1 0 0 51 491 3326 80 106 42
0 4 231 872 2808 111 70 0 0 2 161 646 3051 127 109 0 0 6 294 410 3112 135 111 28
0 4 88 626 3230 110 37 1 0 3 53 595 3216 168 57 4 0 6 171 1488 2129 219 71 12
0 0 29 206 3625 129 107 0 0 0 4 166 3629 151 137 9 0 0 3 138 3580 205 129 41
0 0 8 145 1978 1868 97 0 0 0 0 116 1885 1950 141 4 0 0 0 83 1935 1908 152 18
0 0 1 258 1140 2611 82 4 0 0 10 417 1142 2416 103 8 0 1 253 849 683 2177 114 19
0 0 0 34 361 1755 1930 16 0 0 0 45 438 2050 1547 16 0 0 21 250 595 1971 1234 25
0 0 0 0 261 872 2212 751 0 0 0 6 487 1209 2070 324 0 0 0 108 1034 1152 1653 149
2 968 3036 90 0 0 0 0 2 981 2812 301 0 0 0 0 1 632 2178 1283 2 0 0 0
0 0 1948 2146 2 0 0 0 0 0 852 3238 6 0 0 0 0 0 123 3918 55 0 0 0
0 24 761 2895 360 37 19 0 0 18 340 3344 316 46 32 0 0 36 699 2573 643 101 39 5
3 372 1773 1229 605 89 23 2 1 257 1499 1889 277 139 29 5 5 239 1771 1593 268 160 45 15
0 11 1822 2226 37 0 0 0 0 1 745 3024 322 4 0 0 0 0 310 2930 851 5 0 0
0 1 212 3776 107 0 0 0 0 1 6 2855 1234 0 0 0 0 0 2 1770 2324 0 0 0
1 254 1150 2456 235 0 0 0 1 186 970 2108 827 4 0 0 4 239 974 1860 1014 5 0 0
0 64 1376 1932 571 79 69 5 0 50 1089 2193 598 62 91 13 0 109 1534 1786 487 61 86 33
0 0 190 3376 298 94 102 36 0 0 42 2161 1631 103 100 59 0 0 11 1363 2433 101 103 85
9 245 377 3270 195 0 0 0 8 191 335 2529 1033 0 0 0 12 223 313 2355 1193 0 0 0
1 172 2918 786 219 0 0 0 1 66 2838 864 325 2 0 0 1 118 2845 837 294 1 0 0
0 9 2273 1314 419 72 9 0 0 1 1614 1677 710 67 27 0 0 27 1640 1624 708 54 43 0
0 62 781 1361 1693 69 98 32 0 36 726 1118 1991 84 88 53 0 40 776 2202 840 81 85 72
0 44 2239 1154 647 12 0 0 0 30 1977 1297 757 35 0 0 0 40 2162 1148 714 32 0 0
0 0 504 2599 971 22 0 0 0 0 288 2696 1051 61 0 0 0 0 423 2585 993 95 0 0
0 0 84 1882 1467 631 24 8 0 0 97 1863 1864 241 24 7 0 2 414 2499 920 235 18 8
0 0 11 1439 1644 905 83 14 0 0 7 1605 1721 679 70 14 0 0 34 2217 1190 575 62 18
0 0 0 172 2767 960 182 15 0 0 0 325 2884 766 111 10 0 0 0 1330 2124 553 85 4
6 1743 2336 11 0 0 0 0 5 1629 2414 48 0 0 0 0 1 1451 2405 239 0 0 0 0
107 176 3502 311 0 0 0 0 128 94 2907 967 0 0 0 0 121 89 1623 2261 2 0 0 0
68 168 2243 1452 154 11 0 0 105 108 1476 2239 143 23 2 0 58 167 1554 2058 202 52 5 0
25 1025 1948 944 152 2 0 0 45 740 2008 1211 86 6 0 0 64 663 2559 740 66 4 0 0
48 146 3792 110 0 0 0 0 47 35 2678 1336 0 0 0 0 57 28 1541 2468 2 0 0 0
120 249 2540 1187 0 0 0 0 157 203 757 2975 4 0 0 0 197 169 445 3272 13 0 0 0
0 257 2943 891 5 0 0 0 0 172 1739 2172 13 0 0 0 0 236 1791 2062 7 0 0 0
4 331 1468 1887 277 98 31 0 2 264 1398 1958 312 109 51 2 7 324 2074 1296 224 101 66 4
121 202 1860 1765 27 48 72 1 105 184 513 3056 104 44 70 20 122 160 363 3116 196 41 63 35
0 363 2231 1489 13 0 0 0 0 198 1278 2585 35 0 0 0 0 287 1196 2582 31 0 0 0
0 189 3312 533 62 0 0 0 0 80 3280 648 88 0 0 0 0 150 3293 582 71 0 0 0
0 350 2401 1040 189 87 26 3 0 293 2137 1182 354 75 50 5 3 468 2141 1096 253 69 58 8
0 207 1616 1317 831 49 48 28 0 107 1536 1356 960 46 51 40 1 170 1730 1780 273 44 55 43
0 49 3129 795 123 0 0 0 0 30 3040 889 136 1 0 0 0 80 3224 708 84 0 0 0
0 14 1342 2565 175 0 0 0 0 12 1159 2718 207 0 0 0 0 22 1851 2101 122 0 0 0
0 30 778 1557 1591 127 9 4 0 19 771 1570 1616 97 19 4 0 66 1000 2436 473 102 15 4
0 1 386 2677 948 72 8 4 0 1 346 2676 981 78 7 7 0 5 1000 2296 709 72 7 7
0 0 24 2659 1372 41 0 0 0 0 24 2825 1223 24 0 0 0 0 299 3195 600 2 0 0
1228 1873 797 173 25 0 0 0 1511 1436 912 182 55 0 0 0 1338 1438 1004 207 108 1 0 0
1588 1190 897 316 105 0 0 0 1777 938 938 307 132 4 0 0 1802 852 926 349 150 17 0 0
445 1044 1272 1213 120 2 0 0 643 753 1209 1324 142 25 0 0 383 850 1851 753 186 72 1 0
100 1401 1461 894 233 7 0 0 63 1210 1476 1175 152 18 2 0 56 1064 2003 848 91 30 4 0
702 1366 1744 284 0 0 0 0 575 920 2143 441 17 0 0 0 428 1006 2055 573 34 0 0 0
616 2194 825 404 57 0 0 0 959 1936 697 420 82 2 0 0 1555 1449 640 359 90 3 0 0
166 1426 1962 496 46 0 0 0 182 1373 1766 678 97 0 0 0 225 1635 1487 646 102 1 0 0
18 527 1295 1776 418 55 6 1 10 412 1279 1847 422 114 10 2 70 368 1808 1538 164 133 13 2
673 1514 1164 563 64 90 28 0 749 1401 923 817 70 79 55 2 934 1229 910 803 81 84 53 2
155 1646 1725 500 69 1 0 0 91 1584 1405 855 158 3 0 0 105 1598 1357 867 166 3 0 0
260 1297 1796 650 93 0 0 0 284 1121 1924 616 150 1 0 0 339 1337 1730 556 133 1 0 0
2 365 2314 1003 318 83 10 1 2 262 2184 1109 425 83 30 1 3 511 2009 1184 259 89 40 1
345 912 801 1109 796 48 68 17 363 724 835 1025 1000 45 74 30 341 801 890 1515 395 47 66 41
135 1039 1926 784 199 13 0 0 123 849 2049 795 245 35 0 0 200 1120 1866 679 194 37 0 0
57 262 2510 991 238 38 0 0 46 242 2383 1107 264 54 0 0 84 296 2537 932 192 55 0 0
6 69 1311 1274 1349 66 17 4 8 54 1235 1402 1296 73 23 5 6 144 1393 2088 367 73 17 8
37 446 1833 1192 490 93 5 0 34 439 1765 1124 614 105 15 0 51 439 1844 1126 510 116 10 0
1 145 1127 2246 499 78 0 0 0 143 1034 2325 509 85 0 0 2 196 1434 2016 362 86 0 0
736 1474 1873 13 0 0 0 0 1032 2234 828 2 0 0 0 0 1068 2578 448 2 0 0 0 0
1298 1594 1061 142 1 0 0 0 1546 1585 861 104 0 0 0 0 1311 2009 681 95 0 0 0 0
985 1001 549 1389 158 13 1 0 1213 784 518 1235 314 31 1 0 718 1146 1035 742 388 65 2 0
480 1335 1083 1053 121 23 1 0 429 1291 961 1209 163 42 1 0 349 1199 1498 830 166 51 3 0
1729 1641 436 289 1 0 0 0 1617 1728 431 318 2 0 0 0 1221 2100 430 338 7 0 0 0
1483 1787 477 336 13 0 0 0 1450 1811 468 346 21 0 0 0 1337 1917 477 340 25 0 0 0
497 703 1669 1217 9 1 0 0 489 746 1897 955 8 1 0 0 479 1145 2124 339 9 0 0 0
324 689 1056 1809 132 80 0 6 299 619 1020 1805 213 123 11 6 246 711 1883 920 177 117 36 6
1319 1430 754 341 152 97 3 0 1090 1597 552 564 143 129 21 0 1021 1617 526 633 136 132 31 0
1550 1751 405 294 95 1 0 0 1395 1877 403 309 111 1 0 0 1343 1906 414 324 108 1 0 0
392 1080 1334 1232 57 1 0 0 303 1248 1508 979 57 1 0 0 315 1650 1642 447 40 2 0 0
368 870 1526 1084 198 42 5 3 374 739 1583 1048 265 79 5 3 386 994 1460 980 186 82 5 3
153 1242 705 1370 474 127 23 2 121 1284 621 1231 623 158 54 4 186 1248 705 1283 412 181 67 14
48 1992 1049 858 148 1 0 0 36 1867 1131 886 174 2 0 0 53 2045 1121 734 140 3 0 0
4 609 2769 534 169 11 0 0 1 433 2894 560 166 42 0 0 1 681 2732 485 136 61 0 0
18 182 1610 1594 663 28 1 0 28 182 1553 1550 724 57 2 0 27 343 1618 1662 366 79 1 0
103 1331 983 1119 463 94 3 0 97 1322 942 1060 516 154 5 0 158 1248 1057 948 488 182 14 1
2 323 2390 981 334 66 0 0 0 312 2354 996 319 115 0 0 5 367 2409 912 247 156 0 0
753 1833 832 548 89 41 0 0 1475 1238 574 610 127 68 4 0 721 1935 508 688 160 59 25 0
643 1897 605 689 210 52 0 0 802 1735 520 653 293 88 5 0 324 2139 481 649 383 85 35 0
103 1704 1048 1018 190 28 5 0 91 1631 964 991 358 44 17 0 24 1412 1292 815 454 78 18 3
115 1494 994 1292 120 65 16 0 76 1378 894 1369 262 82 34 1 36 1137 1335 958 480 82 55 13
70 2199 665 874 163 92 33 0 50 2070 611 794 397 92 82 0 30 1801 767 705 572 96 87 38
84 2101 603 888 201 216 3 0 49 2008 532 841 365 224 77 0 30 1925 556 734 504 141 203 3
187 1361 968 1048 323 209 0 0 170 1251 922 997 379 365 12 0 144 1200 1011 880 405 245 211 0
92 897 1469 1237 294 103 4 0 97 763 1264 1416 295 231 30 0 56 724 1785 892 307 225 106 1
15 1846 926 911 357 41 0 0 3 1335 1048 1045 539 122 4 0 3 777 1454 978 655 198 31 0
30 1823 680 841 475 246 1 0 12 1518 772 731 611 420 32 0 4 1099 1044 689 650 371 238 1
170 1336 627 918 560 451 34 0 182 1260 518 842 575 520 199 0 160 1196 556 721 559 412 446 46
224 972 922 1113 570 283 12 0 208 849 834 1120 533 491 61 0 197 808 864 1036 462 446 280 3
25 1121 1168 1185 515 82 0 0 7 778 1179 1289 622 214 7 0 1 426 1388 1236 644 352 49 0
19 1093 632 812 1126 407 7 0 7 800 716 770 969 789 45 0 4 552 848 566 936 840 345 5
1 473 905 767 990 947 13 0 0 281 979 585 843 1344 64 0 0 132 1044 394 847 913 753 13
1 268 930 1360 907 619 11 0 1 188 919 1247 681 1017 43 0 1 161 943 935 692 851 506 7
0 282 957 1147 1156 550 4 0 0 203 942 983 1072 870 26 0 0 154 922 530 1117 924 446 3
0 186 928 721 1195 1017 47 2 0 144 917 592 1007 1314 117 5 0 92 929 323 761 1030 901 60
3 274 1707 1121 884 107 0 0 2 202 1561 1120 828 382 1 0 0 24 1123 1053 898 681 316 1
2 41 616 1629 1396 412 0 0 0 23 445 1234 1481 895 18 0 0 3 137 682 1376 1110 774 14
1 72 525 1274 1487 734 3 0 0 45 310 1010 1371 1282 78 0 0 14 143 583 1112 1082 1107 55
2 265 703 1074 1049 975 28 0 1 218 480 961 986 1311 139 0 0 129 276 701 969 740 1185 96
0 52 438 955 1234 1274 143 0 0 32 293 804 1047 1434 486 0 0 2 119 526 818 949 1288 394
0 41 495 669 1269 1518 104 0 0 15 327 577 934 1778 465 0 0 2 131 532 549 889 1638 355
0 14 21 187 2035 1750 89 0 0 9 14 72 1172 2364 464 1 0 1 15 19 142 1631 1993 295
0 108 170 405 1272 2003 138 0 0 60 154 248 931 2080 621 2 0 33 129 162 402 982 1999 389
0 152 696 471 470 2215 92 0 0 79 511 556 339 1904 706 1 0 38 333 626 371 256 2118 354
0 16 240 634 545 2482 179 0 0 4 99 543 430 2016 1004 0 0 1 39 339 560 351 2283 523
1 22 64 184 440 3002 382 1 0 15 39 139 236 1904 1760 3 0 6 25 82 183 280 2535 985
0 0 10 26 242 3329 489 0 0 0 4 18 84 2162 1822 6 0 0 0 10 27 192 2872 995
0 5 53 80 217 3122 619 0 0 1 34 74 64 1783 2138 2 0 0 12 81 44 173 2508 1278
0 0 0 7 97 2762 1228 2 0 0 0 5 21 1385 2671 14 0 0 0 0 7 85 2238 1766
0 1 3 4 68 2684 1336 0 0 0 4 1 15 1291 2781 4 0 0 1 3 4 45 2206 1837
0 0 0 2 30 2751 1313 0 0 0 0 1 9 1210 2874 2 0 0 0 0 4 62 2250 1780
0 0 0 0 5 1804 2286 1 0 0 0 0 1 841 3231 23 0 0 0 0 0 5 1421 2670
0 0 1 1 7 1312 2774 1 0 0 0 2 2 364 3720 8 0 0 0 0 2 4 790 3300
0 0 0 0 575 3443 78 0 0 0 0 0 102 3544 450 0 0 0 0 0 0 74 3315 707
0 0 0 0 190 3651 255 0 0 0 0 0 7 2825 1264 0 0 0 0 0 0 4 2396 1696
0 0 0 0 98 3462 536 0 0 0 0 0 1 1994 2101 0 0 0 0 0 0 2 1593 2501
0 0 0 0 9 2904 1183 0 0 0 0 0 0 897 3194 5 0 0 0 0 0 0 919 3177
0 0 0 0 0 3029 1067 0 0 0 0 0 0 697 3399 0 0 0 0 0 0 0 827 3269
0 0 0 0 0 2559 1537 0 0 0 0 0 0 707 3384 5 0 0 0 0 0 0 927 3169
0 0 0 0 6 2628 1462 0 0 0 0 0 1 360 3735 0 0 0 0 0 0 1 645 3450
0 0 0 0 0 2063 2033 0 0 0 0 0 0 253 3779 64 0 0 0 0 0 0 573 3523
0 0 0 0 1 2350 1745 0 0 0 0 0 0 146 3946 4 0 0 0 0 0 0 477 3619
0 0 0 0 8 2538 1549 1 0 0 0 0 3 156 3933 4 0 0 0 0 0 5 635 3456
0 0 0 0 0 2060 2036 0 0 0 0 0 0 159 3930 7 0 0 0 0 0 0 774 3322
0 0 0 0 1 1433 2662 0 0 0 0 0 0 70 4025 1 0 0 0 0 0 0 352 3744
0 0 0 0 0 817 3279 0 0 0 0 0 0 3 4084 9 0 0 0 0 0 0 77 4019
0 0 0 0 0 337 3758 1 0 0 0 0 0 2 4086 8 0 0 0 0 0 0 30 4066
0 0 0 0 4 374 3717 1 0 0 0 0 3 31 4039 23 0 0 0 0 0 4 106 3986
0 0 0 0 8 251 3758 79 0 0 0 0 4 54 3745 293 0 0 0 0 0 18 94 3984
0 0 0 0 2 138 3776 180 0 0 0 0 0 29 3286 781 0 0 0 0 0 3 66 4027
0 0 0 0 0 27 4025 44 0 0 0 0 0 6 3858 232 0 0 0 0 0 0 13 4083
0 0 0 0 1 3908 187 0 0 0 0 0 0 3076 1020 0 0 0 0 0 0 0 2222 1874
0 0 0 0 0 3549 547 0 0 0 0 0 0 1420 2676 0 0 0 0 0 0 0 724 3372
0 0 0 0 0 3362 734 0 0 0 0 0 0 646 3449 1 0 0 0 0 0 0 253 3843
0 0 0 0 0 2119 1977 0 0 0 0 0 0 195 3742 159 0 0 0 0 0 0 145 3951
0 0 0 0 0 1569 2527 0 0 0 0 0 0 25 4020 51 0 0 0 0 0 0 30 4066
0 0 0 0 0 1407 2669 20 0 0 0 0 0 13 3327 756 0 0 0 0 0 0 22 4074
0 0 0 0 0 1116 2980 0 0 0 0 0 0 16 3658 422 0 0 0 0 0 0 72 4024
0 0 0 0 0 948 3097 51 0 0 0 0 0 0 3910 186 0 0 0 0 0 0 10 4086
0 0 0 0 0 445 3567 84 0 0 0 0 0 0 3169 927 0 0 0 0 0 0 14 4082
0 0 0 0 0 407 3687 2 0 0 0 0 0 0 3297 799 0 0 0 0 0 0 24 4072
0 0 0 0 0 345 3751 0 0 0 0 0 0 9 3720 367 0 0 0 0 0 0 19 4077
0 0 0 0 1 163 3854 78 0 0 0 0 0 10 3043 1043 0 0 0 0 0 1 28 4067
0 0 0 0 0 150 3899 47 0 0 0 0 0 1 3380 715 0 0 0 0 0 0 2 4094
0 0 0 0 0 31 4035 30 0 0 0 0 0 3 3205 888 0 0 0 0 0 0 3 4093
0 0 0 0 0 23 4048 25 0 0 0 0 0 1 2982 1113 0 0 0 0 0 0 5 4091
0 0 0 0 0 9 4083 4 0 0 0 0 0 0 3517 579 0 0 0 0 0 0 0 4096
0 0 0 0 0 19 3818 259 0 0 0 0 0 0 2951 1145 0 0 0 0 0 0 0 4096
0 0 0 0 0 152 3794 150 0 0 0 0 0 11 2893 1192 0 0 0 0 0 0 11 4085
