27 321 1024 974 794 444 339 173 23 400 1086 812 553 441 398 383 348 1244 775 575 442 330 289 93
0 28 623 1116 804 869 400 256 0 84 1075 1337 782 355 247 216 185 1449 1291 466 297 214 158 36
0 15 376 1168 767 420 1021 329 3 153 817 673 1344 431 303 372 121 874 1537 660 322 261 242 79
0 13 401 1413 831 430 967 41 3 239 955 961 1495 287 126 30 152 880 1962 693 256 132 21 0
0 101 754 1294 761 793 356 37 28 580 1130 984 1130 153 65 26 353 1271 1719 501 157 54 20 21
144 416 1282 2024 158 36 24 12 187 1867 1718 196 62 30 22 14 2613 1110 227 68 32 25 17 4
19 1338 2011 683 36 7 2 0 211 2597 1072 193 17 5 1 0 1040 2350 620 77 7 2 0 0
3 202 1277 1726 534 190 104 60 27 535 1736 1024 456 173 109 36 83 1411 1424 701 277 117 70 13
13 232 925 1360 653 449 269 195 47 334 1107 1212 662 369 219 146 84 548 1506 943 474 293 192 56
4 79 680 1342 834 359 230 568 14 110 857 1480 616 278 221 520 26 278 1283 1130 423 256 220 480
247 807 807 1000 346 171 126 592 260 917 831 915 326 160 119 568 622 816 953 661 263 139 115 527
17 348 688 447 336 183 334 1743 72 553 599 474 265 426 255 1452 178 670 669 369 521 194 70 1425
30 390 902 764 596 297 445 672 92 463 820 887 513 380 400 541 141 517 834 924 494 432 287 467
84 739 1382 851 568 123 209 140 190 836 783 1343 479 160 182 123 379 732 622 1445 493 199 153 73
176 563 1475 1176 477 68 54 107 161 566 760 1770 623 53 59 104 203 536 602 1785 716 82 62 110
