0 0 0 0 0 0 0 4096 0 0 0 0 0 0 0 4096 0 0 0 0 0 0 0 4096
0 0 0 0 0 0 0 4096 0 0 0 0 0 0 0 4096 0 0 0 0 0 0 0 4096
0 0 0 0 0 0 0 4096 0 0 0 0 0 0 0 4096 0 0 0 0 0 0 0 4096
0 0 0 0 0 0 0 4096 0 0 0 0 0 0 0 4096 0 0 0 0 0 0 0 4096
0 0 0 0 0 0 0 4096 0 0 0 0 0 0 0 4096 0 0 0 0 0 0 0 4096
0 0 0 0 0 0 0 4096 0 0 0 0 0 0 0 4096 0 0 0 0 0 0 0 4096
0 0 0 0 0 0 0 4096 0 0 0 0 0 0 0 4096 0 0 0 0 0 0 0 4096
0 0 0 0 0 0 0 4096 0 0 0 0 0 0 0 4096 0 0 0 0 0 0 0 4096
0 0 0 0 0 0 0 4096 0 0 0 0 0 0 0 4096 0 0 0 0 0 0 0 4096
0 0 0 0 0 0 0 4096 0 0 0 0 0 0 0 4096 0 0 0 0 0 0 0 4096
0 0 0 0 0 0 0 4096 0 0 0 0 0 0 0 4096 0 0 0 0 0 0 0 4096
0 0 0 0 0 0 0 4096 0 0 0 0 0 0 0 4096 0 0 0 0 0 0 0 4096
0 0 0 0 0 0 0 4096 0 0 0 0 0 0 0 4096 0 0 0 0 0 0 0 4096
0 0 0 0 0 0 0 4096 0 0 0 0 0 0 0 4096 0 0 0 0 0 0 0 4096
0 0 0 0 0 0 0 4096 0 0 0 0 0 0 0 4096 0 0 0 0 0 0 0 4096
0 24 187 68 49 112 290 3366 3 39 96 96 51 43 149 3619 0 0 0 27 148 95 59 3767
0 0 0 0 0 0 147 3949 0 0 0 0 0 0 0 4096 0 0 0 0 0 0 0 4096
0 0 0 0 0 0 1946 2150 0 0 0 0 0 0 0 4096 0 0 0 0 0 0 0 4096
0 0 0 0 0 0 0 4096 0 0 0 0 0 0 0 4096 0 0 0 0 0 0 0 4096
0 0 0 0 0 0 0 4096 0 0 0 0 0 0 0 4096 0 0 0 0 0 0 0 4096
0 0 0 0 0 0 0 4096 0 0 0 0 0 0 0 4096 0 0 0 0 0 0 0 4096
0 0 0 0 0 0 0 4096 0 0 0 0 0 0 0 4096 0 0 0 0 0 0 0 4096
0 0 0 0 0 0 0 4096 0 0 0 0 0 0 0 4096 0 0 0 0 0 0 0 4096
0 0 0 0 0 0 0 4096 0 0 0 0 0 0 0 4096 0 0 0 0 0 0 0 4096
40 175 298 299 176 111 82 2915 9 69 226 322 283 148 98 2941 181 270 287 182 124 80 90 2882
40 171 307 245 163 106 103 2961 14 75 230 298 236 147 100 2996 131 274 276 161 117 87 100 2950
0 0 0 0 0 0 0 4096 0 0 0 0 0 0 0 4096 0 0 0 0 0 0 0 4096
0 0 0 0 5 26 101 3964 0 0 0 0 6 50 95 3945 0 0 0 0 2 22 104 3968
0 0 0 0 0 0 0 4096 0 0 0 0 0 0 0 4096 0 0 0 0 0 0 0 4096
0 0 0 0 0 0 0 4096 0 0 0 0 0 0 0 4096 0 0 0 0 0 0 0 4096
0 0 0 0 0 0 0 4096 0 0 0 0 0 0 0 4096 0 0 0 0 0 0 0 4096
0 0 0 0 0 0 0 4096 0 0 0 0 0 0 0 4096 0 0 0 0 0 0 0 4096
13 12 9 2 2 4 5 4049 16 11 8 1 2 4 8 4046 2 14 11 7 2 2 7 4051
47 173 109 120 257 664 1032 1694 63 168 182 63 23 60 833 2704 1 53 132 118 117 77 95 3503
0 0 0 0 0 2 66 4028 0 0 0 0 0 0 20 4076 0 0 0 0 0 0 4 4092
0 0 0 0 0 0 67 4029 0 0 0 0 0 0 0 4096 0 0 0 0 0 0 0 4096
4 15 23 22 56 55 62 3859 2 9 23 24 54 53 56 3875 0 4 10 22 57 51 59 3893
0 0 0 3 34 23 26 4010 0 0 0 4 33 24 25 4010 0 0 0 2 33 23 28 4010
186 514 531 274 166 132 84 2209 18 262 552 479 252 175 108 2250 390 628 371 179 142 97 79 2210
230 674 945 518 161 104 87 1377 33 309 792 860 428 154 107 1413 584 1022 610 215 112 93 106 1354
201 625 937 736 355 166 91 985 21 272 715 965 640 340 131 1012 708 972 760 357 181 96 115 907
127 297 327 288 189 142 105 2621 12 161 349 344 281 177 136 2636 225 358 315 205 153 115 131 2594
280 834 1108 798 348 181 119 428 51 422 941 1070 692 300 142 478 1191 1102 716 309 181 105 166 326
143 680 924 648 340 168 126 1067 24 326 752 862 611 266 162 1093 816 909 641 321 168 102 155 984
6 202 759 307 69 49 75 2629 1 35 446 680 153 66 78 2637 19 255 808 219 40 47 73 2635
13 298 667 392 192 314 410 1810 3 126 543 618 305 367 389 1745 88 484 579 246 133 317 439 1810
16 396 1068 252 74 48 89 2153 3 86 872 671 156 61 88 2159 31 552 976 180 66 59 73 2159
20 586 1211 217 70 37 27 1928 1 113 1144 737 83 52 33 1933 10 578 1243 214 50 44 25 1932
11 452 1209 335 33 29 29 1998 0 56 917 933 126 28 32 2004 8 469 1299 220 37 30 32 2001
13 404 948 210 35 29 22 2435 1 97 732 688 78 37 21 2442 17 488 885 175 39 31 22 2439
764 671 608 228 59 55 44 1667 834 520 616 289 65 48 53 1671 425 747 649 392 90 65 37 1691
995 738 655 236 112 273 236 851 1173 460 610 385 104 124 288 952 618 1020 702 238 98 69 142 1209
38 304 416 219 220 296 315 2288 184 184 395 285 220 277 391 2160 69 314 405 208 219 245 303 2333
29 380 607 156 151 175 263 2335 96 193 642 268 157 171 295 2274 43 457 522 169 154 163 260 2328
337 911 805 329 165 148 196 1205 56 440 959 692 304 177 171 1297 674 832 538 257 153 148 144 1350
290 705 444 181 121 116 151 2088 40 414 692 366 164 120 140 2160 389 638 336 162 138 113 134 2186
1519 1493 717 213 55 26 33 40 416 1565 1312 539 133 37 29 65 2109 1311 423 111 35 19 27 61
1500 1290 905 326 68 4 3 0 493 1405 1145 788 226 33 5 1 2230 1235 507 109 12 3 0 0
958 1406 1089 485 124 30 4 0 193 1005 1328 1028 408 109 21 4 1964 1315 613 162 36 6 0 0
616 1288 1209 705 209 63 5 1 116 786 1250 1108 609 181 44 2 1664 1514 689 179 43 6 1 0
456 1557 1222 612 193 50 4 2 20 720 1505 1116 530 166 35 4 2300 1202 452 119 21 2 0 0
309 1597 1395 614 134 43 4 0 15 793 1513 1183 458 110 24 0 2295 1325 374 82 20 0 0 0
83 931 1919 969 168 21 4 1 14 501 1548 1456 503 64 7 3 1108 2015 839 123 8 3 0 0
103 1150 1420 555 241 294 295 38 24 688 1505 929 380 302 249 19 704 1694 739 171 151 327 300 10
211 2084 1534 248 18 1 0 0 41 1062 2051 846 88 8 0 0 1040 2374 628 50 4 0 0 0
107 934 2114 780 91 41 26 3 22 430 1794 1537 237 43 29 4 387 2078 1410 148 41 31 1 0
157 1264 2015 534 51 32 33 10 35 599 1911 1332 144 29 37 9 379 2100 1437 105 33 34 8 0
212 1892 1554 356 44 16 19 3 21 1019 2069 830 115 18 17 7 353 2494 1141 74 18 15 1 0
1324 2008 491 179 50 27 8 9 563 2235 966 223 56 32 14 7 1151 2258 410 204 51 4 7 11
688 2252 1024 89 8 23 12 0 173 1623 1898 347 23 24 8 0 787 2473 766 32 12 19 7 0
753 2060 880 81 63 91 82 86 197 1706 1601 264 72 89 80 87 919 2350 464 61 78 87 90 47
438 2081 900 270 135 87 96 89 134 1563 1559 340 222 97 95 86 694 2560 461 58 70 93 90 70
1308 1745 833 171 32 4 3 0 250 1309 1651 710 151 19 5 1 2602 1155 290 41 7 1 0 0
1268 1722 893 172 34 7 0 0 362 1398 1562 628 127 14 5 0 2220 1463 333 68 11 1 0 0
343 1045 1478 1025 183 19 3 0 190 925 1565 1167 216 28 5 0 1108 1663 1084 214 24 3 0 0
1062 1130 1222 580 94 8 0 0 614 954 1257 949 289 31 2 0 1880 1393 688 119 16 0 0 0
1464 1210 860 407 129 24 2 0 636 1324 1078 703 283 64 8 0 2399 1100 460 112 22 3 0 0
211 738 1298 1184 480 133 42 10 117 513 1300 1351 586 181 42 6 1370 1509 839 272 71 32 3 0
401 1502 1234 651 247 53 8 0 96 895 1388 985 532 172 27 1 2360 1173 440 108 14 1 0 0
531 1549 1226 573 170 37 9 1 128 1223 1330 921 370 96 25 3 2404 1222 356 90 22 2 0 0
319 1555 1434 665 108 11 3 1 115 1258 1722 818 151 27 5 0 1726 1811 476 74 7 2 0 0
465 1376 988 442 258 278 246 43 214 1282 1136 612 329 288 225 10 1442 1249 473 212 165 315 237 3
565 2401 1008 114 5 3 0 0 198 1802 1727 348 17 4 0 0 1674 2041 354 24 3 0 0 0
95 1194 2160 418 59 23 35 112 25 533 2305 1003 137 91 2 0 893 2350 632 59 20 89 53 0
39 929 2208 433 45 13 73 356 9 332 2101 1126 269 249 10 0 413 2378 809 52 16 64 363 1
113 1226 1767 454 57 39 130 310 137 710 1862 832 256 254 36 9 705 2100 728 72 40 73 358 20
821 847 967 950 280 61 79 91 817 713 919 987 439 118 76 27 837 1857 757 305 160 71 80 29
118 1116 1377 861 337 247 20 20 44 765 1273 1225 555 200 13 21 783 2098 717 136 287 59 14 2
495 1564 1674 279 41 42 1 0 134 1129 1686 1000 100 43 4 0 1146 2383 481 51 33 2 0 0
305 1838 1695 224 14 17 3 0 51 850 2165 948 61 17 4 0 1380 2431 253 15 14 3 0 0
1988 1407 518 143 26 7 6 1 749 1508 1271 435 105 17 7 4 2931 803 251 73 19 9 1 9
1723 1258 664 258 92 55 37 9 886 1410 1060 452 151 60 43 34 2454 982 343 116 47 57 47 50
155 845 1749 933 278 87 37 12 98 803 1879 860 281 108 35 32 665 1626 1119 354 138 95 53 46
534 1382 1296 486 200 125 52 21 272 1070 1499 763 242 155 76 19 1719 1467 453 128 94 118 80 37
812 753 737 674 447 282 203 188 737 757 781 748 575 303 116 79 1420 888 532 371 366 277 142 100
428 483 814 997 521 244 209 400 549 411 735 1049 882 262 115 93 1013 947 737 404 370 398 121 106
532 549 705 646 499 320 268 577 677 426 629 779 1040 298 175 72 1208 683 443 319 530 612 188 113
959 693 672 460 367 251 112 582 1281 406 614 579 1028 160 23 5 1721 681 416 271 374 614 17 2
1085 576 804 416 326 186 109 594 1138 425 742 644 964 181 2 0 1645 858 377 180 316 700 20 0
830 749 409 229 415 497 517 450 1092 626 359 288 948 627 141 15 1350 548 197 177 483 1038 279 24
1173 718 425 273 252 375 293 587 1368 578 412 362 815 427 74 60 1697 365 321 283 358 792 193 87
1154 676 287 535 491 340 202 411 1534 353 275 410 957 449 74 44 1652 381 496 438 391 395 293 50
910 451 348 489 1126 499 164 109 1097 390 369 368 1003 759 60 50 1292 420 951 717 244 315 124 33
335 846 925 516 997 436 28 13 404 768 873 501 562 936 38 14 814 824 910 1115 339 48 38 8
820 805 790 310 593 726 41 11 935 628 813 376 350 946 33 15 992 1109 660 992 255 54 29 5
124 1123 1210 548 682 342 52 15 29 434 1337 1177 819 227 56 17 1302 1306 433 666 280 59 40 10
133 1167 1319 1223 189 37 23 5 13 553 1517 1144 804 41 18 6 1052 1652 1104 182 52 38 12 4
158 1129 1622 1121 31 21 13 1 64 634 1635 1574 153 19 12 5 1051 2019 972 19 19 11 5 0
815 1504 1267 387 74 32 13 4 338 858 1572 1004 233 59 20 12 953 1586 1124 267 82 41 22 21
1070 1066 1120 589 157 66 21 7 650 825 1143 1003 332 92 38 13 1126 1153 932 558 216 85 23 3
593 868 1174 887 427 128 18 1 404 732 1135 1036 584 168 33 4 725 1082 1070 802 312 86 17 2
599 906 1067 826 504 158 24 12 332 792 1076 979 584 271 42 20 893 1031 927 620 378 194 33 20
383 705 808 692 531 567 285 125 213 571 811 846 631 594 306 124 787 889 668 498 553 369 213 119
418 1070 1011 727 431 256 128 55 236 787 1090 873 539 374 168 29 1058 1257 785 446 362 141 44 3
117 429 667 723 775 749 559 77 90 383 699 734 731 756 560 143 293 649 715 585 462 582 550 260
230 534 831 875 943 474 185 24 148 448 966 933 1012 473 89 27 494 729 819 987 670 274 89 34
339 517 741 778 1018 568 119 16 357 529 720 841 918 576 117 38 495 675 868 1085 541 254 128 50
115 234 498 714 1029 1038 341 127 123 260 520 672 1057 967 328 169 142 273 580 1061 753 546 457 284
14 98 268 675 2073 864 101 3 15 141 269 728 1991 896 55 1 51 249 882 2078 719 112 4 1
48 137 276 568 1558 1138 301 70 71 144 300 714 1679 964 159 65 77 201 744 1710 931 250 106 77
1 18 99 560 1720 1120 306 272 0 18 119 702 1555 1162 255 285 0 12 187 1299 1443 634 256 265
0 15 103 407 2168 1137 196 70 0 13 114 522 1662 1524 160 101 0 23 230 1957 1411 228 147 100
755 208 102 259 1550 1030 167 25 743 221 105 458 1582 907 67 13 566 379 289 1749 843 185 70 15
6 19 108 377 1856 1285 436 9 5 24 131 556 2334 902 140 4 10 42 446 2259 933 248 145 13
21 135 207 485 2008 906 324 10 7 94 220 780 2235 616 129 15 67 159 528 2130 753 269 159 31
51 286 365 1308 1322 678 85 1 17 197 447 1458 1761 151 62 3 283 405 981 1786 429 105 92 15
640 1184 849 1125 297 1 0 0 200 963 1068 737 1093 35 0 0 782 1222 1580 511 1 0 0 0
123 706 1032 1487 725 20 1 2 33 362 1020 956 1571 147 5 2 274 968 1420 1255 160 17 2 0
82 367 927 1543 1139 34 4 0 41 187 776 915 1895 272 10 0 212 797 1688 1341 45 12 1 0
104 261 747 1538 1324 105 15 2 77 223 595 928 1828 425 18 2 243 638 1494 1410 256 45 8 2
53 169 497 941 1175 758 329 174 26 122 397 773 1351 937 372 118 163 456 1079 1024 559 549 202 64
34 152 347 1032 1366 573 546 46 21 105 243 589 1715 1044 357 22 110 393 1458 1053 390 569 116 7
0 21 182 817 1096 1334 604 42 0 8 106 728 1438 1230 556 30 11 158 914 923 828 753 430 79
586 510 590 762 440 622 480 106 610 468 423 698 874 749 239 35 556 622 961 583 711 517 120 26
415 344 521 683 646 969 480 38 326 321 493 696 962 1067 225 6 311 361 754 654 1020 887 104 5
59 249 540 730 862 1042 535 79 70 290 530 781 867 1114 361 83 109 312 586 621 970 951 386 161
0 15 116 380 416 683 930 1556 10 62 294 505 508 1039 627 1051 36 200 486 440 691 1007 703 533
12 57 249 617 772 987 1199 203 34 110 386 875 965 1363 320 43 71 265 738 885 1154 825 154 4
8 28 112 552 931 1469 716 280 23 52 244 781 1335 1277 274 110 37 85 395 1039 1391 843 230 76
9 108 406 885 1172 1230 276 10 9 102 415 1260 1762 479 66 3 36 240 779 1598 1174 212 52 5
852 214 287 886 1087 580 190 0 903 154 245 945 1650 179 20 0 641 526 739 1485 601 84 17 3
1 16 254 1319 1501 650 353 2 1 30 425 1700 1672 249 18 1 15 270 1584 1433 674 113 6 1
0 11 325 1129 1119 1096 414 2 0 36 498 1659 1709 189 5 0 18 339 1431 1844 434 30 0 0
0 91 702 1406 1114 720 63 0 2 124 934 2073 958 5 0 0 10 605 2026 1435 20 0 0 0
12 210 2713 1137 24 0 0 0 6 115 1091 2704 180 0 0 0 102 1368 2555 71 0 0 0 0
2 86 1544 2133 323 8 0 0 2 22 456 2469 1142 5 0 0 22 605 2817 630 22 0 0 0
7 94 1333 2459 202 1 0 0 3 13 282 1884 1863 51 0 0 26 558 2904 602 6 0 0 0
3 84 904 2396 696 13 0 0 1 16 227 1379 2256 217 0 0 22 390 2314 1166 198 6 0 0
0 68 582 1852 1088 305 158 43 0 8 276 957 2025 637 160 33 41 355 1827 1147 439 195 59 33
3 37 465 2133 1345 112 1 0 3 22 91 785 2472 704 19 0 51 437 2263 1247 98 0 0 0
0 5 159 1568 1428 738 195 3 0 1 57 653 2017 1021 345 2 4 127 1181 1412 569 514 289 0
2 4 106 2072 1702 205 5 0 0 6 31 423 2762 814 60 0 10 140 2141 1586 216 3 0 0
0 1 126 1739 1770 424 36 0 0 2 31 563 2559 852 89 0 4 110 1714 1869 384 15 0 0
8 48 312 1396 1398 688 236 10 14 46 198 828 1831 818 343 18 6 120 1047 1477 653 387 376 30
6 44 193 1633 1782 393 45 0 3 30 79 691 2385 824 82 2 9 96 1575 1783 411 122 94 6
2 32 355 1922 1445 302 37 1 1 9 137 1026 2188 688 46 1 5 124 1616 1742 436 88 80 5
0 23 368 1783 1257 527 138 0 0 12 112 1092 1867 855 154 4 4 140 1439 1427 502 443 132 9
14 44 512 1777 1103 371 275 0 14 23 223 1287 1703 820 26 0 34 286 1715 1319 450 292 0 0
839 323 456 1114 802 452 103 7 891 331 493 1150 859 356 14 2 683 825 1209 802 470 92 13 2
5 102 602 1031 962 1046 330 18 22 243 1040 1408 831 527 22 3 207 986 1415 723 332 372 60 1
2 86 638 1536 896 684 253 1 29 354 1394 1399 581 274 65 0 323 1426 1378 565 104 179 121 0
0 18 347 1022 984 1321 403 1 6 133 1122 1264 1448 118 5 0 112 902 1402 1449 160 68 3 0
59 1229 2182 579 46 1 0 0 20 514 1775 1704 83 0 0 0 1310 2291 478 17 0 0 0 0
48 579 1323 1375 694 77 0 0 12 283 1765 1903 132 1 0 0 651 1857 1478 110 0 0 0 0
24 254 970 1451 1229 167 1 0 5 84 1235 2415 349 8 0 0 271 1281 2251 290 3 0 0 0
18 181 887 1457 1212 326 15 0 9 94 954 2120 823 95 1 0 257 1237 1829 662 109 2 0 0
1 75 508 997 1132 1071 309 3 4 60 507 1790 1188 505 42 0 128 634 1732 1203 371 28 0 0
11 90 687 1635 1156 454 59 4 21 107 682 1895 1117 265 9 0 191 1074 1860 808 159 4 0 0
0 46 475 1550 1084 736 205 0 0 33 300 1444 1175 899 245 0 54 508 1363 856 591 567 157 0
5 80 681 1978 1054 284 14 0 3 36 384 1600 1592 433 48 0 104 852 1995 910 224 11 0 0
8 94 695 1785 1089 395 29 1 5 51 421 1591 1451 521 55 1 115 892 1911 874 293 10 1 0
9 116 511 1214 1166 798 257 25 10 126 405 1324 1277 750 173 31 58 620 1344 890 594 489 62 39
77 204 908 1571 1007 295 34 0 86 156 556 1588 1228 460 22 0 122 788 1705 1076 345 58 2 0
378 623 773 1589 601 125 5 2 415 561 517 1554 817 220 10 2 191 921 1395 794 678 114 2 1
389 531 796 1155 588 456 162 19 360 542 646 1284 725 430 98 11 237 613 1135 812 860 361 67 11
391 340 460 533 356 551 1435 30 402 323 467 553 491 855 993 12 339 268 548 519 561 781 1047 33
968 81 48 132 86 413 2305 63 1009 52 61 131 143 933 1737 30 541 520 75 83 152 617 2003 105
0 0 2 9 52 1563 2470 0 0 0 6 6 195 2371 1518 0 0 0 4 7 80 1656 2296 53
0 0 0 1 103 2805 1186 1 0 0 0 4 249 3084 758 1 0 0 0 2 72 2765 1183 74
0 0 0 0 87 3574 435 0 0 0 0 2 397 3539 158 0 0 0 0 0 60 3610 418 8
96 1588 2265 144 3 0 0 0 0 98 1719 2151 127 1 0 0 1075 2810 208 3 0 0 0 0
129 1143 2266 552 6 0 0 0 3 181 1446 2179 283 4 0 0 1020 2479 585 12 0 0 0 0
110 760 2392 763 64 5 2 0 12 180 1139 2259 473 30 3 0 864 2362 799 63 8 0 0 0
212 853 1690 1059 220 50 11 1 62 409 1257 1778 530 53 7 0 882 1650 1319 226 19 0 0 0
55 305 879 1052 1021 565 210 9 29 196 1115 1805 746 192 13 0 298 1097 1860 707 120 14 0 0
42 231 593 602 1464 957 198 9 20 149 945 2122 727 124 8 1 231 913 1983 809 153 7 0 0
0 22 128 469 1756 1268 434 19 4 73 527 1508 1180 673 131 0 48 366 1390 1119 789 366 18 0
4 69 328 773 1351 1192 339 40 49 174 911 1774 882 274 32 0 152 798 1785 938 337 78 8 0
5 61 378 867 1142 1221 404 18 30 188 854 1496 1018 481 29 0 195 829 1379 1019 449 220 5 0
1 19 178 606 746 1071 1401 74 5 122 543 762 725 1309 617 13 73 439 691 526 678 1190 486 13
45 60 78 115 336 919 2429 114 62 106 87 260 412 1826 1329 14 23 169 95 324 465 1776 1213 31
194 861 328 164 130 467 1832 120 411 849 276 79 153 819 1497 12 321 729 492 103 175 834 1399 43
459 1138 414 104 66 253 1613 49 628 1234 199 83 74 433 1442 3 421 932 666 126 100 364 1423 64
222 1102 713 591 98 101 1257 12 354 1208 493 610 78 275 1076 2 234 890 734 246 406 456 1107 23
492 509 188 101 56 134 2575 41 570 488 145 91 62 207 2521 12 265 665 219 110 107 155 2333 242
0 0 0 0 8 129 3897 62 0 0 0 0 12 339 3735 10 0 0 0 0 6 137 3598 355
0 0 0 3 9 1388 2676 20 0 0 0 4 28 1940 2120 4 0 0 0 2 7 1153 2891 43
0 0 0 6 89 2422 1573 6 0 0 1 7 252 2733 1100 3 0 0 0 7 66 1775 2235 13
49 696 2294 958 88 9 2 0 9 149 1435 2102 377 21 3 0 534 2435 1059 61 7 0 0 0
31 383 1790 1563 311 18 0 0 14 155 1231 2114 553 29 0 0 458 2027 1409 197 5 0 0 0
67 539 1779 1504 203 4 0 0 15 207 1167 2129 543 35 0 0 527 1815 1565 185 4 0 0 0
272 959 1910 874 78 3 0 0 53 310 1160 1941 578 52 2 0 976 1899 1084 129 6 2 0 0
403 983 1464 910 194 132 9 1 91 502 1193 1537 618 145 10 0 1067 1508 1109 267 92 52 1 0
167 538 1153 799 480 832 122 5 57 338 900 1188 826 731 51 5 538 1098 963 393 553 504 43 4
51 115 392 555 688 1771 507 17 19 129 425 636 1000 1642 238 7 171 443 551 504 850 1322 248 7
0 1 7 56 268 1959 1791 14 1 5 64 125 603 2660 635 3 2 40 97 204 724 2413 614 2
0 0 0 10 63 1566 2411 46 0 0 0 13 271 2975 833 4 0 0 3 23 545 2815 707 3
0 0 0 6 130 1182 2684 94 0 0 1 30 361 2380 1314 10 0 0 5 83 621 2410 968 9
0 0 0 9 157 1242 2649 39 0 0 0 28 451 2445 1166 6 0 0 2 125 658 2572 734 5
0 0 0 2 58 837 3174 25 0 0 1 6 145 2437 1507 0 0 0 1 13 192 2270 1616 4
0 0 0 0 13 817 3239 27 0 0 0 0 47 2356 1692 1 0 0 0 1 43 1896 2149 7
0 0 0 0 0 655 3425 16 0 0 0 0 8 1938 2149 1 0 0 0 0 7 945 3122 22
0 0 0 0 13 1960 2120 3 0 0 0 0 42 3013 1041 0 0 0 0 0 21 2191 1866 18
0 0 0 0 12 2683 1398 3 0 0 0 0 66 3581 449 0 0 0 0 0 15 2829 1248 4
0 0 0 0 81 2997 1018 0 0 0 0 0 222 3547 327 0 0 0 0 0 47 3046 1003 0
0 0 0 13 894 3066 123 0 0 0 1 23 1358 2689 25 0 0 0 0 4 419 3422 250 1
