0 0 0 10 202 1018 1180 1686 0 0 0 19 411 1207 1053 1406 0 0 0 197 657 1273 893 1076
0 0 0 2 72 678 887 2457 0 0 0 8 139 864 924 2161 0 0 1 37 438 902 920 1798
7 13 2 17 20 121 672 3244 10 11 5 16 30 241 858 2925 10 11 8 16 80 503 901 2567
32 615 29 58 106 59 144 3053 78 579 30 74 93 60 298 2884 68 589 44 87 86 73 603 2546
67 1033 236 252 114 58 73 2263 161 1012 245 209 88 61 88 2232 158 1040 264 194 76 70 264 2030
28 1416 278 59 76 81 80 2078 76 1542 115 61 77 76 91 2058 56 1523 164 73 75 79 138 1988
76 833 468 603 633 305 100 1078 271 845 506 742 460 132 91 1049 203 1020 715 715 234 90 106 1013
65 1512 598 624 586 285 130 296 173 1661 571 711 407 221 91 261 122 1699 838 682 310 120 118 207
100 2070 388 268 406 289 116 459 164 2152 276 394 435 138 175 362 163 2098 389 615 231 107 304 189
127 1921 412 210 390 280 224 532 211 1953 325 299 391 242 275 400 179 2009 340 439 335 186 360 248
80 1467 803 248 361 392 275 470 162 1633 602 265 451 378 248 357 134 1634 693 330 518 273 400 114
222 2049 281 276 306 296 207 459 405 1930 277 327 327 283 151 396 221 2083 348 448 307 186 294 209
106 2462 739 232 99 148 68 242 310 2683 400 204 81 145 74 199 212 2784 446 174 159 68 149 104
90 1907 799 244 344 235 131 346 160 2218 472 312 313 185 171 265 125 2176 568 409 286 146 210 176
106 1583 764 296 331 250 242 524 172 1741 605 380 290 198 323 387 227 1784 563 451 244 203 387 237
