0 0 0 21 228 809 3038 0 0 0 0 10 183 553 1298 2052 0 0 0 7 165 428 839 2657
5 126 156 761 297 471 2277 3 0 10 124 194 845 265 742 1916 0 0 27 159 248 884 399 2379
33 150 163 1247 428 487 1542 46 0 92 187 238 1352 336 603 1288 0 7 129 245 333 1349 304 1729
264 72 62 1729 35 59 1875 0 0 238 104 61 1740 15 99 1839 0 0 158 190 96 1701 23 1928
310 57 85 1951 17 16 1660 0 64 261 54 112 1909 18 138 1540 0 63 209 123 158 1849 16 1678
219 337 795 992 1050 516 184 3 145 406 885 1080 1154 380 45 1 140 578 1643 1111 408 180 35 1
26 663 1432 1238 382 242 100 13 0 359 1005 1690 746 207 85 4 3 370 947 1401 1016 285 73 1
46 230 1041 2062 411 153 94 59 27 164 532 1929 1101 191 128 24 6 155 295 1344 1863 303 119 11
33 278 861 1047 1606 233 38 0 31 150 441 1012 2111 302 49 0 18 145 177 869 2320 495 71 1
0 94 949 835 1699 446 50 23 0 3 327 1112 1605 969 60 20 0 2 37 899 1534 1558 58 8
346 379 1036 2220 115 0 0 0 182 936 2399 530 49 0 0 0 327 2898 581 280 10 0 0 0
77 358 1052 2239 298 65 6 1 40 696 2547 529 244 35 5 0 172 2363 995 400 150 16 0 0
36 360 822 2166 350 164 148 50 37 479 2353 699 197 178 149 4 116 1651 1460 400 265 178 26 0
11 228 1679 1298 285 262 322 11 24 1053 1771 405 297 270 270 6 199 2051 685 347 378 407 29 0
0 114 1727 730 318 323 838 46 9 1104 1281 223 289 585 568 37 237 1905 287 257 359 926 116 9
