0 0 0 4 937 1640 1457 58 0 0 0 18 246 767 2682 383 0 0 0 27 339 164 430 3136
0 0 0 0 0 1019 3004 73 0 0 0 0 0 22 3267 807 0 0 0 0 3 17 8 4068
0 0 0 0 0 517 2889 690 0 0 0 0 0 0 1229 2867 0 0 0 0 0 0 0 4096
0 0 0 0 0 371 3220 505 0 0 0 0 0 0 1061 3035 0 0 0 0 0 0 0 4096
0 8 101 678 934 899 898 578 4 38 206 892 1005 669 595 687 7 57 536 741 1017 426 387 925
0 11 51 325 1197 966 999 547 0 16 141 764 1153 1024 424 574 0 32 358 829 1002 943 269 663
0 4 31 327 845 762 1132 995 0 18 135 728 824 918 274 1199 1 28 303 700 764 904 209 1187
0 2 64 428 657 454 385 2106 3 117 250 505 565 441 127 2088 9 128 316 552 506 392 109 2084
0 0 95 1333 2292 328 32 16 0 34 834 2540 626 39 22 1 8 277 1731 1960 72 34 14 0
0 11 42 587 2409 1008 27 12 0 36 335 2192 1483 34 16 0 6 123 1340 2416 180 27 4 0
0 21 41 352 1653 1971 31 27 6 33 229 1396 2349 44 18 21 11 80 701 2613 634 20 20 17
0 2 38 283 2823 876 30 44 1 18 103 1510 2370 34 33 27 7 38 346 3116 505 34 34 16
