251 232 572 1897 1111 33 0 0 237 236 509 1821 1009 284 0 0 565 1817 564 677 363 110 0 0
108 288 241 485 1290 1247 112 325 123 291 204 474 722 976 968 338 397 395 621 315 153 521 850 844
37 397 514 1096 1186 649 71 146 92 374 447 1131 899 583 414 156 452 589 1128 629 382 204 282 430
7 222 535 404 441 772 1080 635 12 270 514 518 542 636 986 618 243 528 550 555 586 445 765 424
0 124 405 2290 1275 2 0 0 0 79 423 2191 1382 21 0 0 55 1810 1175 1039 17 0 0 0
6 175 1509 1706 699 1 0 0 5 152 1336 1938 659 6 0 0 229 2287 1436 111 29 4 0 0
3 438 1404 1182 696 188 58 127 7 594 1332 1198 636 158 50 121 397 1552 1328 442 176 58 38 105
0 73 872 928 264 213 1299 447 0 70 789 890 380 215 1223 529 26 450 932 651 233 187 1361 256
3 213 2141 1221 518 0 0 0 3 338 1882 1226 647 0 0 0 553 2168 1057 318 0 0 0 0
4 761 2516 769 46 0 0 0 8 889 2332 817 50 0 0 0 518 3146 380 52 0 0 0 0
2 558 2706 679 88 48 13 2 4 606 2664 677 95 38 10 2 182 2147 1494 175 68 20 9 1
0 63 902 1333 275 194 1067 262 0 50 864 1366 296 196 1073 251 1 296 1417 747 200 277 1069 89
