4 373 610 441 428 426 477 1337 0 10 428 558 470 477 552 1601 0 187 509 441 428 419 495 1617
7 732 1297 642 371 321 369 357 0 51 880 1241 688 364 388 484 88 929 1052 545 359 288 357 478
5 881 1194 643 374 295 365 339 0 126 1049 1057 706 361 381 416 71 1219 956 498 329 293 351 379
11 1025 1275 664 318 280 256 267 1 457 1300 934 488 338 290 288 93 1479 1051 447 247 255 251 273
5 1110 1300 462 308 298 232 381 0 409 1558 728 382 361 249 409 117 1595 967 302 280 223 214 398
1 802 1300 594 409 364 313 313 0 265 1339 917 515 414 287 359 74 1425 901 405 366 333 276 316
2 508 1353 663 249 240 267 814 3 332 927 959 428 266 284 897 123 1377 849 247 212 195 224 869
0 772 1755 469 273 281 268 278 21 1125 1414 452 263 273 262 286 34 1634 1062 322 257 273 244 270
6 938 1231 697 338 276 281 329 0 162 1090 1119 684 339 299 403 160 1424 946 445 284 274 272 291
12 1226 1412 382 212 244 308 300 0 379 1624 821 315 272 331 354 237 1994 676 206 212 242 256 273
72 1852 874 308 245 225 252 268 10 769 1520 687 302 248 269 291 1031 1507 388 238 226 220 238 248
52 1635 1045 340 262 236 261 265 3 653 1631 668 353 251 260 277 783 1642 463 247 242 235 231 253
162 2306 469 213 210 250 230 256 37 1720 1118 232 230 249 254 256 969 1738 269 202 215 237 216 250
85 2265 467 253 255 240 275 256 11 1398 1248 304 317 285 274 259 997 1633 277 221 228 246 240 254
43 2082 638 312 253 227 251 290 1 931 1425 517 351 258 296 317 906 1696 308 246 217 218 222 283
7 1330 1341 382 272 247 227 290 11 1092 1496 439 265 259 235 299 303 1665 925 245 254 216 225 263
205 1704 842 314 237 260 250 284 10 1694 942 364 246 269 282 289 633 1686 510 275 233 264 225 270
139 2205 463 241 252 285 247 264 5 1637 1028 323 250 330 255 268 678 1857 320 231 261 271 215 263
250 2109 479 264 233 255 240 266 1 1283 1336 365 270 247 301 293 897 1620 366 272 217 233 224 267
55 1297 1096 497 314 270 274 293 0 207 1309 1102 448 346 313 371 234 1541 836 387 284 252 266 296
169 1882 682 304 286 265 243 265 2 881 1434 579 321 288 299 292 804 1664 384 242 261 250 231 260
31 1497 996 470 261 303 273 265 0 496 1521 719 400 329 327 304 449 1920 462 280 227 273 225 260
27 924 1458 519 314 260 309 285 0 106 1271 1226 462 362 373 296 495 1553 706 328 240 235 266 273
604 1674 501 250 209 257 305 296 92 1360 856 523 317 285 313 350 1414 1156 274 205 179 239 312 317
1 212 801 590 444 398 505 1145 0 1 186 723 693 501 463 1529 0 141 637 569 379 406 415 1549
8 481 1376 653 308 292 382 596 0 25 701 1194 624 341 304 907 2 347 1170 727 338 283 290 939
3 292 557 1469 777 231 177 590 2 25 438 1485 979 316 177 674 6 366 469 1572 600 236 164 683
143 412 276 585 758 544 321 1057 7 374 399 545 644 578 404 1145 6 338 430 636 554 506 432 1194
47 385 1106 166 76 433 49 1834 0 227 677 758 86 307 200 1841 0 316 541 624 262 225 283 1845
2 242 710 195 97 63 61 2726 0 95 463 511 140 80 66 2741 11 336 455 305 115 67 61 2746
0 77 925 652 200 55 27 2160 0 73 549 878 318 85 32 2161 78 802 682 143 149 52 31 2159
0 227 1391 719 499 53 41 1166 3 384 1252 560 601 89 42 1165 37 785 1281 232 475 80 40 1166
1 706 1392 572 190 81 51 1103 0 183 1151 1029 424 122 72 1115 113 1596 766 200 164 86 62 1109
104 1232 1426 532 115 21 18 648 4 171 1094 1283 708 156 25 655 814 1820 641 120 24 15 23 639
88 2298 1232 286 42 14 15 121 14 1080 1963 747 129 29 13 121 1051 2257 566 60 21 11 12 118
408 3296 337 42 11 0 2 0 172 3078 689 122 27 6 1 1 1906 2040 110 29 7 2 1 1
270 3281 419 88 19 8 4 7 87 2855 967 139 28 7 5 8 1718 2151 154 37 15 7 6 8
536 3392 154 14 0 0 0 0 234 3481 364 17 0 0 0 0 2192 1834 69 1 0 0 0 0
260 3514 235 50 19 9 5 4 41 3265 652 79 34 13 7 5 1722 2152 137 38 28 8 7 4
43 1960 1647 407 36 3 0 0 5 1681 1962 410 31 7 0 0 595 2277 965 237 19 3 0 0
369 2879 764 83 1 0 0 0 51 2909 1062 72 2 0 0 0 1421 2234 422 19 0 0 0 0
381 2699 841 120 21 11 11 12 62 2528 1209 217 41 13 11 15 1179 2285 504 71 23 12 10 12
447 2843 664 123 10 5 4 0 17 2128 1613 294 31 6 4 3 1116 2396 463 104 7 5 5 0
277 3296 478 40 4 1 0 0 0 1602 2282 190 19 2 1 0 911 2926 226 24 8 1 0 0
153 3014 844 68 9 4 4 0 4 1100 2452 486 40 10 2 2 1461 2447 152 14 9 9 2 2
164 3143 569 99 50 22 22 27 3 1956 1739 256 48 34 23 37 1401 2293 219 67 25 30 22 39
101 2012 1538 364 67 10 4 0 22 1041 2178 702 117 30 5 1 706 2381 795 175 26 7 5 1
88 2990 908 103 7 0 0 0 0 802 2444 711 130 9 0 0 1591 2203 278 23 1 0 0 0
3 188 660 600 498 524 619 1004 0 4 148 618 685 576 617 1448 2 136 499 559 487 469 545 1399
20 760 1455 1437 253 60 60 51 11 74 1274 2128 359 91 62 97 26 817 1849 1021 153 75 60 95
330 1540 620 1049 476 46 29 6 55 391 1125 1915 503 49 43 15 108 388 1336 1769 383 53 44 15
4 951 378 419 389 402 1096 457 0 44 827 748 344 405 873 855 0 42 994 578 329 406 642 1105
66 1599 2417 14 0 0 0 0 0 212 798 2731 355 0 0 0 0 171 876 2255 794 0 0 0
274 1575 1984 82 21 16 8 136 6 625 1476 1725 101 15 9 139 4 558 987 2093 290 14 10 140
156 526 975 283 532 498 401 725 26 404 994 436 485 450 496 805 8 398 594 851 423 382 527 913
1681 396 85 787 494 60 214 379 121 1525 396 416 960 54 105 519 172 1559 339 552 784 69 86 535
2258 284 46 593 857 15 7 36 336 1894 282 387 1100 50 9 38 410 1865 265 513 962 36 7 38
1867 194 43 630 865 40 23 434 483 1383 219 324 1148 77 23 439 620 1283 186 546 949 52 22 438
1412 157 61 604 850 46 33 933 502 934 170 353 1090 75 30 942 554 909 148 508 937 66 35 939
976 345 209 660 766 60 32 1048 527 746 236 359 1064 78 39 1047 632 744 138 594 842 64 38 1044
513 620 339 806 706 63 42 1007 422 670 379 486 1008 81 44 1006 500 762 268 756 703 61 41 1005
113 1179 379 753 597 46 40 989 74 1034 499 546 848 66 39 990 331 1179 166 802 535 55 44 984
154 1719 178 450 465 46 36 1048 26 1713 317 336 556 64 33 1051 692 1314 57 475 424 53 35 1046
130 1191 845 471 305 40 48 1066 21 1233 970 389 320 48 51 1064 552 1092 720 292 284 42 53 1061
169 1971 852 144 39 14 24 883 47 1954 988 147 36 23 22 879 792 1730 515 100 38 21 21 879
207 2147 896 278 94 51 40 383 29 1652 1434 386 100 65 43 387 928 1758 660 190 67 65 38 390
201 2247 1149 319 125 37 7 11 7 1158 2203 486 175 46 7 14 690 2345 692 235 90 26 5 13
191 2507 1207 169 22 0 0 0 18 1204 2130 631 102 11 0 0 591 2837 598 66 4 0 0 0
151 3475 397 28 12 15 5 13 7 2487 1457 91 15 14 8 17 1190 2679 142 36 12 13 7 17
275 3227 492 84 16 2 0 0 10 2371 1529 151 30 4 1 0 1824 1984 214 57 13 3 1 0
393 2041 1358 289 15 0 0 0 274 2058 1476 269 19 0 0 0 1246 1863 844 141 2 0 0 0
523 2724 794 55 0 0 0 0 71 2634 1274 110 7 0 0 0 1572 2138 377 9 0 0 0 0
4 340 1164 723 473 440 458 494 0 6 587 967 674 562 542 758 21 546 960 702 438 389 414 626
462 1687 690 1094 144 15 4 0 91 453 1498 1847 179 19 9 0 104 545 1835 1481 111 13 7 0
14 2043 1600 109 94 174 62 0 4 89 1087 2353 293 119 146 5 1 98 1213 2117 375 94 183 15
99 1593 836 252 303 411 240 362 61 881 830 898 317 298 378 433 31 901 938 738 322 274 406 486
54 2267 1042 125 134 324 150 0 299 1611 561 882 239 169 327 8 146 1805 564 765 280 135 309 92
261 2572 414 167 133 201 326 22 738 2044 383 228 140 134 302 127 294 2461 376 237 134 118 217 259
46 1788 449 51 17 61 84 1600 335 1677 275 43 12 70 66 1618 160 1802 314 52 13 52 57 1646
2381 496 9 45 13 8 55 1089 3 1857 861 172 44 7 20 1132 36 2227 538 92 45 6 21 1131
3658 433 5 0 0 0 0 0 9 3351 589 147 0 0 0 0 85 3483 492 36 0 0 0 0
3712 384 0 0 0 0 0 0 9 3374 661 52 0 0 0 0 86 3509 492 9 0 0 0 0
3673 423 0 0 0 0 0 0 7 3341 676 72 0 0 0 0 77 3496 509 14 0 0 0 0
3704 389 3 0 0 0 0 0 1 3425 488 182 0 0 0 0 63 3546 383 104 0 0 0 0
3688 402 6 0 0 0 0 0 150 3342 396 208 0 0 0 0 256 3363 378 99 0 0 0 0
3467 587 23 18 1 0 0 0 486 2792 601 214 3 0 0 0 621 2819 538 112 6 0 0 0
3187 459 68 325 57 0 0 0 467 2565 548 351 165 0 0 0 591 2605 471 310 119 0 0 0
2837 314 58 687 198 2 0 0 542 2226 336 618 372 2 0 0 617 2249 277 794 158 1 0 0
2191 427 76 759 408 32 24 179 510 1627 459 680 575 35 24 186 554 1693 392 856 359 33 27 182
1101 296 103 761 515 64 105 1151 252 880 326 597 693 80 77 1191 346 864 290 848 417 70 89 1172
0 28 115 805 779 103 177 2089 0 3 114 508 1075 122 148 2126 5 85 75 896 676 104 163 2092
29 410 285 978 572 110 180 1532 3 255 393 704 909 113 158 1561 42 507 189 1042 505 110 175 1526
596 1192 393 848 173 41 35 818 494 712 893 805 286 56 32 818 767 1166 271 851 148 46 34 813
650 1633 229 819 88 33 31 613 147 1785 525 808 141 44 27 619 1135 1205 233 760 82 38 30 613
453 1027 753 1147 113 34 34 535 76 1399 878 969 160 42 32 540 757 1038 833 783 82 34 34 535
945 2471 106 104 25 26 34 385 181 2911 423 99 32 29 32 389 2060 1406 59 100 27 26 32 386
21 975 1108 458 339 270 334 591 0 319 936 888 594 339 365 655 137 1266 834 375 329 264 291 600
89 2008 404 158 149 205 324 759 114 1769 359 340 163 170 225 956 36 1867 363 307 161 143 238 981
193 3457 183 85 46 111 21 0 458 3186 184 77 43 53 89 6 150 3440 206 98 48 44 94 16
299 3520 160 83 26 5 3 0 670 3160 146 89 22 5 2 2 153 3611 179 92 50 4 4 3
152 3928 13 3 0 0 0 0 684 3401 9 2 0 0 0 0 234 3845 14 3 0 0 0 0
387 3435 143 67 51 12 1 0 761 3068 136 72 49 10 0 0 230 3552 151 77 54 29 3 0
52 2210 169 13 35 17 6 1594 261 2127 44 29 29 6 10 1590 50 2249 132 15 32 18 6 1594
2414 467 2 32 36 6 67 1072 0 1811 1005 68 47 22 13 1130 35 2210 633 7 51 18 12 1130
3722 374 0 0 0 0 0 0 3 3314 742 37 0 0 0 0 65 3505 524 2 0 0 0 0
3777 319 0 0 0 0 0 0 4 3315 724 53 0 0 0 0 79 3526 491 0 0 0 0 0
3734 362 0 0 0 0 0 0 2 3260 767 67 0 0 0 0 86 3477 529 4 0 0 0 0
3729 366 1 0 0 0 0 0 0 3292 665 139 0 0 0 0 26 3562 480 28 0 0 0 0
3733 362 1 0 0 0 0 0 0 3283 649 164 0 0 0 0 19 3576 460 41 0 0 0 0
3589 507 0 0 0 0 0 0 0 2979 902 215 0 0 0 0 31 3381 631 53 0 0 0 0
3525 569 2 0 0 0 0 0 0 2915 931 250 0 0 0 0 31 3321 696 48 0 0 0 0
3738 355 3 0 0 0 0 0 0 3126 780 190 0 0 0 0 7 3629 410 50 0 0 0 0
3430 663 3 0 0 0 0 0 0 2693 1176 227 0 0 0 0 4 3214 826 52 0 0 0 0
2208 509 225 96 60 44 105 849 7 1817 1019 175 56 53 89 880 31 2238 675 81 57 50 95 869
84 667 1386 330 169 149 270 1041 74 656 1366 341 182 132 210 1135 228 537 1365 327 171 154 246 1068
16 189 652 387 168 150 579 1955 0 181 580 419 200 138 417 2161 14 212 600 383 178 146 412 2151
3634 462 0 0 0 0 0 0 81 3141 868 6 0 0 0 0 157 3425 514 0 0 0 0 0
3999 92 5 0 0 0 0 0 523 3093 479 1 0 0 0 0 574 3288 233 1 0 0 0 0
3625 142 115 214 0 0 0 0 608 2789 440 259 0 0 0 0 731 2882 319 164 0 0 0 0
3152 110 244 538 6 7 11 28 561 2380 420 673 13 6 13 30 695 2431 440 477 6 7 10 30
54 1062 1034 444 275 309 268 650 0 522 743 909 537 392 276 717 199 1517 651 258 289 303 235 644
162 2423 69 71 72 56 136 1107 164 2368 90 62 69 74 85 1184 26 2477 121 61 70 73 89 1179
339 3510 147 75 22 2 1 0 601 3254 147 71 20 2 1 0 95 3722 149 90 30 8 2 0
256 3570 182 69 12 6 0 1 444 3388 175 75 7 5 1 1 69 3698 190 109 23 3 3 1
61 4010 22 3 0 0 0 0 351 3731 14 0 0 0 0 0 62 4014 18 2 0 0 0 0
282 3527 147 72 51 11 5 1 603 3211 143 66 54 14 4 1 181 3587 155 79 63 18 10 3
5 2236 208 47 0 27 36 1537 71 2291 112 22 0 33 31 1536 4 2235 215 42 0 30 32 1538
2485 363 31 2 22 38 25 1130 2 1856 972 49 2 31 32 1152 42 2240 574 24 1 32 31 1152
3818 278 0 0 0 0 0 0 4 3354 722 16 0 0 0 0 93 3539 464 0 0 0 0 0
3826 270 0 0 0 0 0 0 10 3309 751 26 0 0 0 0 106 3486 503 1 0 0 0 0
3856 240 0 0 0 0 0 0 1 3344 736 15 0 0 0 0 53 3545 498 0 0 0 0 0
3789 307 0 0 0 0 0 0 0 3245 784 67 0 0 0 0 20 3607 467 2 0 0 0 0
3834 262 0 0 0 0 0 0 1 3217 799 79 0 0 0 0 31 3588 477 0 0 0 0 0
3720 376 0 0 0 0 0 0 0 3060 934 102 0 0 0 0 34 3437 606 19 0 0 0 0
3605 490 1 0 0 0 0 0 0 2852 1115 129 0 0 0 0 18 3309 750 19 0 0 0 0
3765 331 0 0 0 0 0 0 0 3110 877 109 0 0 0 0 2 3639 438 17 0 0 0 0
3534 562 0 0 0 0 0 0 0 2702 1242 152 0 0 0 0 7 3199 882 8 0 0 0 0
2327 542 31 30 42 36 72 1016 33 1700 1075 113 34 22 52 1067 77 2242 546 61 30 19 62 1059
127 1743 197 191 142 167 297 1232 252 1605 195 142 170 139 238 1355 573 1310 182 137 157 176 259 1302
0 242 109 84 131 95 940 2495 0 198 112 85 90 159 237 3215 1 241 88 74 88 159 240 3205
3683 413 0 0 0 0 0 0 0 2839 1252 5 0 0 0 0 6 3410 680 0 0 0 0 0
3946 150 0 0 0 0 0 0 0 3357 738 1 0 0 0 0 3 3730 363 0 0 0 0 0
4038 58 0 0 0 0 0 0 0 3387 709 0 0 0 0 0 10 3710 376 0 0 0 0 0
4043 53 0 0 0 0 0 0 0 3226 870 0 0 0 0 0 8 3762 326 0 0 0 0 0
29 757 1309 486 260 337 258 660 2 176 689 1107 672 353 354 743 241 1456 688 303 237 303 230 638
118 1733 102 347 182 101 130 1383 97 1719 113 228 286 89 120 1444 7 1770 153 212 304 89 116 1445
112 2313 291 790 587 3 0 0 247 2221 241 556 809 22 0 0 56 2331 283 479 901 46 0 0
45 1994 211 619 984 214 23 6 170 1926 154 473 1030 318 20 5 61 1991 176 348 1085 411 19 5
19 1713 153 639 867 218 123 364 159 1629 102 623 877 280 96 330 69 1693 175 609 838 315 97 300
55 1167 172 836 974 85 91 716 202 1070 153 733 984 152 64 738 114 1121 193 635 981 251 76 725
6 546 137 500 582 103 100 2122 39 565 119 434 570 153 50 2166 39 524 160 360 536 255 90 2132
2425 391 7 53 4 1 62 1153 1 1922 876 31 50 0 29 1187 24 2292 499 23 42 0 46 1170
3868 228 0 0 0 0 0 0 10 3418 659 9 0 0 0 0 83 3569 444 0 0 0 0 0
3879 217 0 0 0 0 0 0 7 3352 719 18 0 0 0 0 157 3475 461 3 0 0 0 0
3898 198 0 0 0 0 0 0 1 3336 757 2 0 0 0 0 31 3637 428 0 0 0 0 0
3879 217 0 0 0 0 0 0 0 3257 799 40 0 0 0 0 41 3622 430 3 0 0 0 0
3842 254 0 0 0 0 0 0 0 3300 741 55 0 0 0 0 36 3625 435 0 0 0 0 0
3858 238 0 0 0 0 0 0 0 3145 884 67 0 0 0 0 31 3598 466 1 0 0 0 0
3745 351 0 0 0 0 0 0 0 2954 1100 42 0 0 0 0 12 3361 723 0 0 0 0 0
3881 215 0 0 0 0 0 0 0 3384 681 31 0 0 0 0 5 3670 420 1 0 0 0 0
3746 350 0 0 0 0 0 0 0 2894 1146 56 0 0 0 0 7 3345 744 0 0 0 0 0
2418 420 41 42 39 25 50 1061 14 1774 1066 51 34 29 41 1087 58 2285 529 37 36 26 41 1084
105 2034 230 95 88 121 131 1292 182 1957 192 110 92 101 125 1337 407 1739 202 100 93 108 124 1323
0 527 85 60 38 47 776 2563 1 481 109 58 43 46 135 3223 22 480 98 55 42 42 94 3263
3623 472 1 0 0 0 0 0 0 2785 1308 3 0 0 0 0 7 3429 660 0 0 0 0 0
4026 70 0 0 0 0 0 0 0 3339 757 0 0 0 0 0 4 3711 381 0 0 0 0 0
4054 42 0 0 0 0 0 0 0 3391 705 0 0 0 0 0 7 3734 355 0 0 0 0 0
4069 27 0 0 0 0 0 0 0 3231 865 0 0 0 0 0 7 3763 326 0 0 0 0 0
167 1502 706 311 294 255 221 640 23 1002 1054 519 333 265 258 642 452 1555 415 299 291 233 213 638
0 0 0 16 105 356 323 3296 0 0 0 3 101 333 313 3346 0 0 0 5 131 352 262 3346
0 0 14 26 283 1264 1430 1079 0 0 13 12 207 902 1649 1313 0 1 10 13 155 722 1745 1450
0 117 32 36 59 1399 1852 601 1 115 32 35 30 906 2207 770 1 111 34 36 20 714 2298 882
8 257 40 146 760 1327 1055 503 53 210 44 237 867 982 1171 532 41 222 217 293 757 750 1305 511
51 321 55 181 807 1303 881 497 200 183 49 157 922 1443 496 646 165 215 55 136 1074 1286 597 568
4 288 36 352 808 319 606 1683 64 241 29 410 775 521 322 1734 79 220 32 378 817 539 307 1724
2478 338 0 26 38 1 56 1159 0 1882 926 8 51 13 8 1208 18 2297 501 0 58 6 9 1207
3882 214 0 0 0 0 0 0 8 3376 708 4 0 0 0 0 78 3580 438 0 0 0 0 0
3899 197 0 0 0 0 0 0 8 3383 699 6 0 0 0 0 186 3464 446 0 0 0 0 0
3943 153 0 0 0 0 0 0 0 3342 751 3 0 0 0 0 21 3652 423 0 0 0 0 0
3867 229 0 0 0 0 0 0 0 3289 782 25 0 0 0 0 19 3634 443 0 0 0 0 0
3884 212 0 0 0 0 0 0 0 3371 702 23 0 0 0 0 18 3654 423 1 0 0 0 0
3897 198 1 0 0 0 0 0 0 3225 856 15 0 0 0 0 22 3649 424 1 0 0 0 0
3846 250 0 0 0 0 0 0 0 2928 1159 9 0 0 0 0 14 3315 766 1 0 0 0 0
3950 145 1 0 0 0 0 0 0 3372 713 11 0 0 0 0 4 3703 388 1 0 0 0 0
3769 311 2 3 6 1 2 2 0 2854 1210 19 2 7 1 3 10 3339 731 2 3 7 0 4
2336 418 55 48 54 29 73 1083 0 1694 1099 43 38 59 27 1136 10 2189 601 42 34 57 26 1137
91 2160 458 129 71 101 115 971 154 2205 333 116 76 111 82 1019 353 2050 298 115 74 106 88 1012
2 548 133 81 57 55 755 2465 7 499 119 112 66 54 124 3115 10 468 170 94 65 48 75 3166
3547 503 22 14 10 0 0 0 0 2621 1452 14 9 0 0 0 2 3408 666 12 8 0 0 0
4028 68 0 0 0 0 0 0 0 3257 839 0 0 0 0 0 0 3723 373 0 0 0 0 0
4047 49 0 0 0 0 0 0 0 3320 776 0 0 0 0 0 0 3787 309 0 0 0 0 0
3999 97 0 0 0 0 0 0 0 3184 912 0 0 0 0 0 0 3804 292 0 0 0 0 0
36 570 755 727 653 350 340 665 2 280 327 869 827 639 427 725 150 1236 673 540 337 264 290 606
394 2009 134 68 72 167 135 1117 658 1700 140 78 76 140 127 1177 295 2046 163 81 83 132 123 1173
612 3239 193 17 19 15 1 0 1056 2825 163 10 23 15 4 0 542 3252 223 39 21 16 3 0
618 3236 131 87 24 0 0 0 1039 2832 121 83 21 0 0 0 547 3268 142 106 33 0 0 0
626 3455 15 0 0 0 0 0 1754 2336 6 0 0 0 0 0 1127 2950 19 0 0 0 0 0
938 2925 144 72 17 0 0 0 1918 1955 144 68 11 0 0 0 1272 2584 138 86 16 0 0 0
238 2234 82 12 56 2 0 1472 919 1622 14 28 41 0 0 1472 668 1847 40 13 54 2 0 1472
2468 302 31 14 7 39 44 1191 0 1767 1010 28 11 21 45 1214 4 2236 542 26 8 24 47 1209
3949 144 3 0 0 0 0 0 3 3326 762 5 0 0 0 0 79 3577 437 3 0 0 0 0
3923 171 1 1 0 0 0 0 5 3317 771 3 0 0 0 0 83 3583 427 2 1 0 0 0
3888 208 0 0 0 0 0 0 1 3313 755 27 0 0 0 0 24 3647 425 0 0 0 0 0
3937 159 0 0 0 0 0 0 0 3194 899 3 0 0 0 0 6 3666 424 0 0 0 0 0
3957 139 0 0 0 0 0 0 0 3329 757 10 0 0 0 0 6 3713 376 1 0 0 0 0
3978 118 0 0 0 0 0 0 0 3205 890 1 0 0 0 0 15 3640 441 0 0 0 0 0
3940 156 0 0 0 0 0 0 0 2807 1285 4 0 0 0 0 14 3352 729 1 0 0 0 0
3983 113 0 0 0 0 0 0 0 3351 739 6 0 0 0 0 1 3729 366 0 0 0 0 0
3628 345 15 13 6 12 21 56 0 2653 1317 16 15 10 19 66 1 3252 721 15 15 6 19 67
1532 665 42 114 103 111 93 1436 0 968 1244 88 123 118 85 1470 0 1574 658 82 125 105 103 1449
0 52 33 32 77 907 2337 658 0 60 27 24 35 208 3026 716 1 59 28 24 27 151 2730 1076
0 11 3 4 7 216 1992 1863 0 11 4 3 6 42 1301 2729 0 11 4 4 5 15 768 3289
3410 547 37 19 14 19 23 27 0 2321 1670 21 14 19 24 27 0 3290 709 16 15 17 23 26
4035 61 0 0 0 0 0 0 0 3150 946 0 0 0 0 0 0 3788 308 0 0 0 0 0
4000 96 0 0 0 0 0 0 0 3231 865 0 0 0 0 0 0 3755 341 0 0 0 0 0
3955 141 0 0 0 0 0 0 0 3087 1009 0 0 0 0 0 0 3832 264 0 0 0 0 0
0 0 3 228 791 607 895 1572 0 0 0 5 448 1197 1259 1187 0 7 454 635 601 853 752 794
181 2375 53 41 55 72 87 1232 221 2283 76 52 32 62 87 1283 39 2454 88 49 37 64 82 1283
482 3414 164 35 1 0 0 0 574 3333 151 37 1 0 0 0 139 3679 229 41 7 1 0 0
386 3452 172 67 10 6 2 1 389 3444 176 69 9 5 3 1 73 3587 312 101 7 9 4 3
246 3825 23 0 2 0 0 0 416 3663 15 1 1 0 0 0 117 3888 87 2 2 0 0 0
657 3094 198 93 43 6 4 1 1342 2440 172 91 39 4 7 1 648 3059 222 107 46 6 4 4
23 2328 200 58 15 0 18 1454 231 2279 43 67 4 0 29 1443 118 2331 104 61 10 0 16 1456
2465 268 19 13 25 26 18 1262 0 1771 971 10 23 24 17 1280 1 2281 466 5 22 28 13 1280
3982 114 0 0 0 0 0 0 3 3368 725 0 0 0 0 0 37 3705 354 0 0 0 0 0
3988 108 0 0 0 0 0 0 1 3313 780 2 0 0 0 0 52 3660 384 0 0 0 0 0
3981 115 0 0 0 0 0 0 0 3225 862 9 0 0 0 0 19 3722 355 0 0 0 0 0
3958 138 0 0 0 0 0 0 0 3089 1007 0 0 0 0 0 17 3674 405 0 0 0 0 0
3995 101 0 0 0 0 0 0 0 3316 778 2 0 0 0 0 2 3710 384 0 0 0 0 0
3974 122 0 0 0 0 0 0 1 3174 920 1 0 0 0 0 5 3715 376 0 0 0 0 0
3980 116 0 0 0 0 0 0 0 2825 1271 0 0 0 0 0 3 3420 673 0 0 0 0 0
3998 98 0 0 0 0 0 0 0 3278 817 1 0 0 0 0 5 3737 354 0 0 0 0 0
3895 201 0 0 0 0 0 0 0 2720 1374 2 0 0 0 0 0 3431 665 0 0 0 0 0
2488 466 20 16 117 157 60 772 0 1582 1360 29 98 142 90 795 0 2312 630 31 99 141 91 792
0 0 0 0 0 1099 2995 2 0 0 0 0 0 1 3738 357 0 0 0 0 0 0 2984 1112
0 0 0 0 0 137 2525 1434 0 0 0 0 0 0 1624 2472 0 0 0 0 0 0 1154 2942
3224 653 35 22 14 15 25 108 0 2320 1588 28 12 17 27 104 0 3167 754 15 12 23 26 99
3994 102 0 0 0 0 0 0 0 3133 963 0 0 0 0 0 0 3644 452 0 0 0 0 0
4050 46 0 0 0 0 0 0 0 3252 844 0 0 0 0 0 1 3727 368 0 0 0 0 0
3959 137 0 0 0 0 0 0 0 3265 831 0 0 0 0 0 2 3831 263 0 0 0 0 0
0 0 1 126 446 1028 736 1759 0 0 3 131 416 1180 1135 1231 0 21 186 393 481 929 1118 968
50 2029 158 140 129 85 122 1383 107 1928 171 82 179 70 102 1457 24 2018 169 72 191 73 99 1450
259 3426 287 63 59 2 0 0 368 3360 242 46 74 6 0 0 143 3437 367 65 67 17 0 0
217 3504 275 80 10 5 4 1 376 3401 227 70 10 4 6 2 151 3443 370 107 8 8 5 4
193 3868 31 4 0 0 0 0 177 3895 21 3 0 0 0 0 24 3962 106 3 1 0 0 0
290 3403 247 98 46 6 4 2 851 2892 215 87 37 7 4 3 286 3342 317 96 38 7 4 6
36 2326 217 43 0 23 43 1408 174 2325 104 19 1 37 28 1408 45 2381 159 37 0 30 36 1408
2253 435 47 17 0 38 90 1216 0 1708 982 52 10 0 52 1292 0 2220 476 50 6 2 48 1294
3978 118 0 0 0 0 0 0 7 3296 792 1 0 0 0 0 68 3726 302 0 0 0 0 0
3910 186 0 0 0 0 0 0 7 3278 811 0 0 0 0 0 45 3631 420 0 0 0 0 0
3890 205 1 0 0 0 0 0 2 3076 1017 1 0 0 0 0 20 3663 413 0 0 0 0 0
3873 217 6 0 0 0 0 0 0 2981 1111 4 0 0 0 0 10 3697 386 3 0 0 0 0
3871 219 6 0 0 0 0 0 0 3242 848 6 0 0 0 0 3 3734 357 2 0 0 0 0
3912 182 2 0 0 0 0 0 0 3109 986 1 0 0 0 0 10 3684 401 1 0 0 0 0
3950 145 1 0 0 0 0 0 1 2775 1316 4 0 0 0 0 1 3441 654 0 0 0 0 0
3964 130 2 0 0 0 0 0 0 3220 876 0 0 0 0 0 4 3751 341 0 0 0 0 0
3829 265 2 0 0 0 0 0 0 2731 1360 5 0 0 0 0 3 3377 714 2 0 0 0 0
2436 607 13 41 139 69 51 740 0 1695 1340 27 103 120 50 761 0 2375 667 17 100 126 50 761
0 0 0 0 0 1333 2758 5 0 0 0 0 0 80 3676 340 0 0 0 0 0 10 3112 974
0 0 0 0 0 235 2467 1394 0 0 0 0 0 8 1615 2473 0 0 0 0 0 0 1116 2980
1926 1133 166 104 92 128 145 402 0 1590 1684 128 81 74 123 416 19 2457 833 113 70 73 123 408
3837 259 0 0 0 0 0 0 0 3002 1094 0 0 0 0 0 0 3647 449 0 0 0 0 0
3880 216 0 0 0 0 0 0 0 3258 838 0 0 0 0 0 2 3792 302 0 0 0 0 0
3932 164 0 0 0 0 0 0 0 3353 743 0 0 0 0 0 0 3883 213 0 0 0 0 0
0 0 7 80 103 706 1326 1874 0 0 20 68 138 682 1662 1526 0 36 90 172 427 737 1465 1169
0 0 0 13 202 272 302 3307 0 0 0 0 183 243 259 3411 0 0 0 4 215 211 246 3420
1 28 15 27 229 654 1767 1375 1 25 16 12 137 511 1537 1857 1 23 17 17 132 469 1541 1896
40 328 114 136 209 898 2165 206 75 304 100 110 183 660 2183 481 55 298 132 144 183 635 2075 574
223 667 195 332 576 1410 598 95 357 593 299 422 305 1274 752 94 310 755 477 272 247 1238 719 78
125 1172 250 62 36 429 1225 797 217 1140 192 57 34 218 1171 1067 166 1159 220 60 36 177 1212 1066
187 918 185 34 26 487 816 1443 291 883 114 31 27 246 1046 1458 203 908 170 37 23 161 1134 1460
1979 651 45 13 7 30 286 1085 0 1333 1312 37 9 15 44 1346 0 2075 582 25 10 12 47 1345
3912 183 1 0 0 0 0 0 11 3132 950 3 0 0 0 0 32 3676 388 0 0 0 0 0
3922 169 5 0 0 0 0 0 0 3201 891 4 0 0 0 0 33 3622 437 4 0 0 0 0
3826 268 2 0 0 0 0 0 1 2992 1101 2 0 0 0 0 18 3679 397 2 0 0 0 0
3500 596 0 0 0 0 0 0 0 2714 1382 0 0 0 0 0 5 3609 482 0 0 0 0 0
3619 477 0 0 0 0 0 0 0 3030 1066 0 0 0 0 0 4 3716 376 0 0 0 0 0
3629 467 0 0 0 0 0 0 0 2969 1124 3 0 0 0 0 3 3732 361 0 0 0 0 0
3378 718 0 0 0 0 0 0 0 2571 1524 1 0 0 0 0 5 3351 740 0 0 0 0 0
3233 863 0 0 0 0 0 0 0 2642 1453 1 0 0 0 0 0 3674 422 0 0 0 0 0
2797 1299 0 0 0 0 0 0 0 2201 1895 0 0 0 0 0 0 3351 745 0 0 0 0 0
1309 1795 22 29 111 53 71 706 0 1224 1876 26 95 78 48 749 0 2378 728 23 95 77 59 736
0 0 111 101 91 586 3104 103 0 0 76 111 77 153 3153 526 0 0 80 99 79 134 2021 1683
0 0 16 72 61 180 2005 1762 0 0 10 58 62 137 1214 2615 0 0 8 44 73 130 541 3300
1258 2382 75 18 25 17 14 307 1 1479 2233 20 25 17 15 306 5 2973 741 25 15 19 17 301
2263 1833 0 0 0 0 0 0 0 2310 1786 0 0 0 0 0 0 3721 375 0 0 0 0 0
2308 1786 2 0 0 0 0 0 0 2678 1418 0 0 0 0 0 0 3871 225 0 0 0 0 0
1827 2134 78 17 18 13 8 1 0 2478 1556 22 16 17 6 1 0 3755 290 17 19 12 3 0
0 0 5 49 180 979 1509 1374 0 0 1 35 383 1476 1282 919 0 24 87 690 1217 922 510 646
0 0 0 15 235 197 155 3494 0 0 0 8 267 252 77 3492 0 0 0 105 368 93 48 3482
0 0 0 76 476 163 569 2812 0 0 0 26 566 100 512 2892 0 0 0 270 364 78 475 2909
0 0 0 407 307 842 706 1834 0 0 0 206 490 671 864 1865 0 0 1 499 245 811 676 1864
0 0 1 227 1059 1500 414 895 0 0 6 244 1082 1347 508 909 0 0 45 507 1037 1184 399 924
0 0 2 125 1046 1635 1093 195 0 0 4 182 1158 1244 1249 259 0 0 9 393 1105 1272 1046 271
0 0 0 70 435 1527 532 1532 0 0 2 89 470 1334 630 1571 0 0 25 86 559 1279 573 1574
1807 772 33 14 19 23 142 1286 0 1320 1267 29 13 23 31 1413 0 2009 583 26 10 24 29 1415
3824 272 0 0 0 0 0 0 8 3063 1025 0 0 0 0 0 35 3690 371 0 0 0 0 0
3906 190 0 0 0 0 0 0 1 3221 874 0 0 0 0 0 16 3679 401 0 0 0 0 0
3799 297 0 0 0 0 0 0 0 3065 1031 0 0 0 0 0 15 3699 382 0 0 0 0 0
3737 359 0 0 0 0 0 0 1 2824 1271 0 0 0 0 0 4 3670 422 0 0 0 0 0
3779 317 0 0 0 0 0 0 0 3071 1025 0 0 0 0 0 0 3758 338 0 0 0 0 0
3516 580 0 0 0 0 0 0 0 2973 1123 0 0 0 0 0 8 3753 335 0 0 0 0 0
3173 923 0 0 0 0 0 0 0 2430 1666 0 0 0 0 0 1 3444 651 0 0 0 0 0
2228 1866 2 0 0 0 0 0 0 2381 1715 0 0 0 0 0 0 3726 370 0 0 0 0 0
1751 2344 1 0 0 0 0 0 0 1693 2401 2 0 0 0 0 0 3342 754 0 0 0 0 0
1020 2223 37 37 30 23 75 651 161 1095 1984 43 47 37 33 696 202 2314 735 34 48 34 33 696
829 568 34 21 54 150 282 2158 787 373 268 22 31 139 206 2270 829 488 116 17 34 141 200 2271
1126 807 125 47 29 33 80 1849 1027 548 430 73 47 33 64 1874 1276 670 126 37 22 32 59 1874
1793 1556 301 118 41 11 19 257 1296 842 1300 187 148 45 20 258 1631 1757 369 31 23 9 20 256
2298 1097 129 112 183 163 73 41 1871 877 745 158 226 167 48 4 2046 1373 306 230 112 29 0 0
1259 1236 292 195 326 468 299 21 1246 1134 409 266 526 435 79 1 1611 1127 432 566 297 63 0 0
93 589 930 670 569 710 479 56 107 552 1045 689 761 749 188 5 328 1115 1160 807 567 114 5 0
0 0 34 183 524 1124 1375 856 0 0 80 282 850 1376 931 577 8 135 435 881 1155 734 352 396
2 119 271 679 986 973 759 307 23 160 488 823 1048 1089 353 112 122 558 1101 1080 888 235 25 87
41 1332 902 434 208 108 51 1020 178 1521 768 359 181 66 13 1010 688 1705 476 146 47 11 12 1011
15 661 591 336 193 87 42 2171 87 796 589 235 179 28 15 2167 286 1022 368 159 65 15 12 2169
1 611 138 15 13 10 12 3296 46 666 42 15 10 15 10 3292 167 564 21 14 12 15 9 3294
0 9 6 3 73 66 20 3919 0 13 3 2 76 60 24 3918 0 12 3 3 114 26 22 3916
0 0 0 2 326 134 45 3589 0 0 0 2 354 102 49 3589 0 0 0 42 382 40 45 3587
1986 567 7 10 43 14 679 790 0 1452 1104 5 13 51 20 1451 0 2191 367 8 17 42 14 1457
3936 158 2 0 0 0 0 0 8 3290 797 1 0 0 0 0 85 3679 331 1 0 0 0 0
3865 230 1 0 0 0 0 0 3 3318 773 2 0 0 0 0 30 3707 359 0 0 0 0 0
3690 405 1 0 0 0 0 0 41 3257 797 1 0 0 0 0 111 3643 342 0 0 0 0 0
3729 365 2 0 0 0 0 0 521 2741 832 2 0 0 0 0 580 3232 284 0 0 0 0 0
3780 314 2 0 0 0 0 0 1133 2375 586 2 0 0 0 0 1188 2732 175 1 0 0 0 0
3475 527 73 21 0 0 0 0 1471 1901 648 47 25 4 0 0 1658 2219 217 2 0 0 0 0
3443 614 34 5 0 0 0 0 2027 1308 741 18 2 0 0 0 2310 1540 246 0 0 0 0 0
3039 828 205 24 0 0 0 0 2202 1104 608 137 43 2 0 0 2711 1255 129 1 0 0 0 0
2221 1036 407 271 91 21 10 39 1847 1130 545 355 139 43 14 23 2582 1154 304 16 11 10 19 0
1904 512 408 549 311 219 163 30 1893 389 424 658 409 257 63 3 2274 749 602 290 141 40 0 0
1231 327 417 728 851 391 107 44 1190 267 297 587 932 628 174 21 1524 636 1062 686 136 32 20 0
571 410 357 496 669 915 521 157 456 413 362 547 958 990 327 43 878 667 821 926 587 181 32 4
12 102 370 699 1124 1079 581 129 0 34 266 813 1585 1130 235 33 154 662 1290 1151 675 138 26 0
0 1 70 363 1224 1566 762 110 0 2 95 516 1770 1469 236 8 14 231 1049 1689 915 195 3 0
0 1 96 427 1089 1234 1003 246 0 0 1 165 1043 1932 912 43 1 197 914 1351 1117 500 16 0
0 6 261 934 689 550 746 910 0 0 61 359 1149 1007 780 740 18 478 1033 617 631 541 742 36
