15 647 1099 772 603 394 227 339 2 201 985 955 731 485 313 424 2 118 858 1012 740 556 324 486
149 976 850 600 514 389 277 341 19 527 1009 694 579 437 366 465 1 230 982 815 613 503 374 578
180 1213 1416 689 343 173 63 19 57 664 1475 1026 511 226 104 33 36 559 1588 1101 484 198 89 41
603 1139 889 616 397 244 157 51 426 1102 908 704 429 278 171 78 215 1229 980 710 436 255 171 100
512 1176 926 681 421 221 118 41 319 1088 965 752 497 266 146 63 185 1105 1086 772 498 238 143 69
109 1187 1280 764 360 219 126 51 23 885 1387 880 465 247 138 71 18 898 1583 832 452 193 110 10
11 587 1458 1161 630 181 59 9 2 342 1305 1284 795 264 93 11 5 390 1357 1293 759 245 46 1
136 663 997 1040 840 316 89 15 57 651 955 1009 915 379 112 18 51 786 1034 1031 839 283 67 5
480 1335 751 587 446 243 167 87 655 1175 719 553 462 272 178 82 463 1404 766 555 424 247 156 81
490 567 864 844 614 416 219 82 460 516 813 892 636 446 225 108 393 666 877 871 602 386 208 93
8 645 1330 587 351 140 160 875 0 122 1438 841 424 225 192 854 0 87 1079 1270 473 182 228 777
28 846 1052 343 398 262 133 1034 0 210 1175 695 447 360 158 1051 0 121 1416 683 480 244 173 979
275 645 542 536 587 437 343 731 121 635 534 575 592 523 379 737 0 482 797 740 830 517 369 361
330 562 951 914 668 376 195 100 218 557 890 1023 698 413 206 91 144 632 1128 1004 652 317 186 33
1633 799 745 489 210 137 53 30 1521 845 786 520 222 122 59 21 1246 1107 862 525 189 106 52 9
