0 0 32 387 1142 1052 797 686 0 0 1 104 696 1249 1064 982 0 0 56 575 1044 948 746 727
0 0 16 469 680 422 315 2194 0 0 0 91 611 670 416 2308 0 0 79 602 599 351 283 2182
0 65 475 703 321 97 63 2372 0 0 82 503 735 281 94 2401 0 9 327 919 313 91 61 2376
0 154 944 780 150 59 54 1955 0 0 162 961 781 139 63 1990 0 25 774 1060 169 52 45 1971
81 302 1098 595 876 835 210 99 61 90 628 937 644 1213 386 137 77 244 833 764 614 1158 296 110
0 275 1111 1588 539 370 149 64 0 36 374 1545 1243 547 263 88 4 121 1507 1245 480 461 220 58
330 1164 1795 514 196 81 13 3 9 414 1164 1772 502 186 44 5 38 833 1915 949 186 143 28 4
877 1748 1230 241 0 0 0 0 38 937 1732 1162 227 0 0 0 208 1743 1671 473 1 0 0 0
15 139 710 803 1229 484 276 440 1 19 230 944 1243 864 344 451 2 54 652 1094 1173 504 489 128
0 1 297 731 1376 1133 286 272 0 0 4 533 1381 1585 334 259 0 6 112 1177 1781 640 335 45
6 5 228 679 1398 1279 298 203 2 5 5 196 1038 2073 551 226 6 3 72 1865 1399 451 272 28
137 85 354 404 1192 1851 62 11 27 122 80 166 563 2705 419 14 74 139 56 2727 996 75 26 3
