1732 1253 345 352 204 110 70 30 1939 1105 284 321 183 141 78 45 2158 911 279 284 150 130 101 83
2181 1086 365 252 113 80 19 0 2590 732 299 263 95 73 44 0 2729 599 283 241 113 59 67 5
837 533 433 604 497 282 101 809 1011 316 389 587 512 280 173 828 1020 466 317 492 450 293 215 843
9 432 780 568 305 318 186 1498 4 136 631 786 422 320 252 1545 20 726 562 383 280 274 268 1583
88 716 852 523 317 236 131 1233 26 342 861 767 369 266 184 1281 90 917 577 430 309 244 230 1299
75 239 611 1501 1553 76 8 33 101 261 628 1493 1349 214 16 34 98 278 733 1623 1079 232 18 35
26 308 1010 1769 952 31 0 0 38 386 1075 1765 813 19 0 0 49 404 1159 1754 715 15 0 0
21 188 809 1850 1108 116 4 0 32 213 889 1828 1036 93 5 0 23 175 819 1759 1150 162 7 1
5 47 282 1118 2283 332 29 0 5 46 239 1009 2387 372 38 0 3 53 203 720 2439 619 55 4
46 185 493 1832 1447 92 1 0 20 151 349 1536 1785 253 2 0 35 186 299 1264 1906 392 14 0
107 285 660 1532 1399 113 0 0 142 306 728 1652 1148 120 0 0 143 315 982 1586 909 161 0 0
31 237 644 1277 1537 367 3 0 104 286 741 1583 1298 84 0 0 132 307 825 1865 938 29 0 0
0 22 127 459 1743 1622 123 0 0 26 193 667 2284 912 14 0 1 26 216 921 2446 486 0 0
1 26 237 718 1084 1773 257 0 12 132 367 718 1470 1369 28 0 22 182 335 726 1907 918 6 0
1 13 146 1037 893 1101 900 5 1 13 135 957 1064 1428 498 0 0 16 142 833 1239 1552 314 0
