3504 557 31 4 0 0 0 0 2787 1198 105 5 1 0 0 0 3567 498 27 4 0 0 0 0
3282 752 54 7 1 0 0 0 2390 1517 166 19 4 0 0 0 3399 640 49 8 0 0 0 0
2421 1303 285 58 21 8 0 0 1538 1735 607 151 47 17 1 0 2791 1059 191 36 16 3 0 0
1804 1587 542 127 28 6 2 0 981 1666 1011 340 76 19 2 1 2202 1459 345 73 14 2 1 0
1392 1735 633 203 69 35 20 9 694 1854 984 366 122 37 25 14 1797 1599 448 157 46 25 19 5
389 1292 1400 774 184 45 11 1 89 757 1333 1069 636 167 35 10 808 1770 1129 309 62 14 4 0
203 682 1012 1049 595 308 148 99 42 414 753 914 907 611 291 164 415 1069 1227 790 298 152 95 50
9 107 473 1089 1314 729 286 89 4 19 142 501 1058 1392 746 234 49 346 1111 1501 744 206 97 42
0 16 141 531 960 1087 738 623 0 1 22 149 605 1158 1216 945 3 81 507 1160 1044 536 324 441
5 41 174 393 652 702 553 1576 0 5 37 174 475 841 805 1759 5 77 297 675 589 477 520 1456
7 47 195 555 993 737 686 876 0 3 34 187 609 1199 973 1091 5 81 501 1045 677 542 563 682
8 79 248 457 826 1086 826 566 0 6 46 229 546 1114 1249 906 6 85 395 1017 1076 677 478 362
0 4 21 112 484 986 1104 1385 0 1 9 44 200 765 1332 1745 0 10 78 478 852 830 755 1093
0 1 14 39 155 268 460 3159 0 0 6 27 76 256 475 3256 0 2 25 86 171 281 412 3119
0 0 0 8 74 362 559 3093 0 0 0 3 38 271 596 3188 0 0 0 16 145 413 467 3055
0 0 1 11 133 443 409 3099 0 0 1 0 45 320 529 3201 0 0 3 72 296 351 342 3032
0 0 3 15 64 273 595 3146 0 0 1 7 45 195 599 3249 0 0 1 16 132 312 520 3115
0 0 1 10 81 350 564 3090 0 0 0 2 25 227 607 3235 0 0 2 44 269 386 374 3021
0 0 0 14 137 475 685 2785 0 0 0 2 30 301 803 2960 0 0 2 92 358 456 501 2687
0 0 1 18 122 270 320 3365 0 0 0 5 47 230 386 3428 0 0 17 116 179 219 252 3313
0 3 25 202 886 918 635 1427 0 0 13 67 354 1147 1065 1450 0 51 594 809 659 461 364 1158
1 24 134 338 531 545 429 2094 1 15 70 207 535 706 529 2033 31 183 419 445 400 375 351 1892
3 5 27 95 207 292 300 3167 5 10 42 117 192 292 398 3040 4 12 42 136 211 265 294 3132
0 6 50 188 207 246 240 3159 0 19 72 176 239 269 260 3061 5 40 189 228 190 191 232 3021
0 1 1 12 10 20 23 4029 0 0 1 4 11 16 31 4033 0 0 1 4 12 17 26 4036
3 14 58 170 161 184 198 3308 0 3 15 65 210 209 236 3358 1 12 74 158 150 165 212 3324
1 22 129 486 845 832 599 1182 0 1 24 129 566 1033 967 1376 69 355 635 761 573 350 275 1078
11 90 313 715 781 603 445 1138 2 17 81 308 799 959 719 1211 108 414 745 709 458 316 306 1040
3372 524 141 41 13 4 1 0 2896 784 263 110 30 8 5 0 3484 472 97 31 10 2 0 0
2847 949 225 57 14 3 1 0 2114 1280 501 146 41 11 3 0 3065 822 158 36 12 2 1 0
2816 935 234 74 23 10 3 1 1987 1452 413 163 49 24 4 4 3044 789 185 51 20 5 2 0
1853 1393 516 188 82 32 23 9 1024 1585 911 327 130 68 34 17 2244 1246 375 131 55 27 16 2
2211 1050 497 205 70 32 22 9 1503 1310 689 348 150 55 24 17 2433 1068 379 122 44 24 19 7
933 1421 1105 410 137 61 19 10 353 1152 1198 866 352 107 48 20 1367 1640 746 225 70 34 7 7
432 1277 1353 731 239 50 13 1 76 717 1394 1154 552 159 37 7 894 1699 1089 333 64 15 2 0
8 110 502 976 1176 798 324 202 2 24 184 581 975 1206 760 364 75 432 1171 1251 659 239 150 119
6 50 161 378 723 839 577 1362 0 11 55 157 456 853 943 1621 5 89 384 892 666 375 394 1291
21 232 527 935 909 574 460 438 0 9 146 505 916 1076 749 695 14 257 932 1158 752 352 280 351
5 86 440 814 901 992 753 105 0 2 40 316 824 1119 1297 498 14 225 925 1447 1126 241 85 33
4 29 54 178 685 1625 1278 243 0 1 17 49 220 1031 2027 751 11 48 434 1511 1478 439 124 51
0 4 22 165 661 1465 1329 450 0 2 4 35 225 958 2019 853 1 21 221 891 1541 893 270 258
0 0 1 21 259 1121 1118 1576 0 0 1 6 82 607 1517 1883 0 0 10 171 847 1016 734 1318
0 0 3 20 394 1718 1288 673 0 0 0 5 91 886 2106 1008 0 0 10 238 1352 1400 609 487
0 0 3 82 832 2237 756 186 0 0 0 7 160 1458 2042 429 0 0 21 450 2086 1164 283 92
0 0 6 99 682 1911 937 461 0 0 0 12 152 1173 2020 739 0 1 33 418 1645 1170 453 376
0 3 50 354 1281 1462 641 305 0 0 5 60 385 1519 1535 592 0 16 167 1010 1570 744 377 212
0 7 64 469 1209 1357 633 357 0 1 5 69 527 1406 1413 675 0 10 161 1001 1475 805 383 261
0 3 32 205 807 1265 940 844 0 0 3 30 270 1038 1546 1209 0 5 75 554 1115 904 709 734
0 14 44 220 753 1714 840 511 0 0 17 48 257 1130 1881 763 20 43 205 663 1747 733 291 394
0 3 9 104 625 928 661 1766 1 2 5 30 205 859 1031 1963 0 5 28 314 766 610 592 1781
0 1 19 135 565 792 626 1958 0 0 4 31 204 744 913 2200 0 1 26 321 728 588 450 1982
0 3 20 99 416 666 702 2190 0 0 4 34 160 580 816 2502 0 2 21 144 451 578 599 2301
15 70 160 223 328 373 461 2466 0 4 45 158 285 443 473 2688 1 22 134 245 301 371 420 2602
0 71 406 900 1024 625 374 696 0 0 42 268 897 1233 748 908 3 107 662 1247 716 368 271 722
3 76 474 1139 1444 734 197 29 0 1 39 282 1064 1725 836 149 53 442 1295 1493 609 156 39 9
148 695 981 902 527 384 275 184 8 94 438 944 1088 707 452 365 127 806 1191 789 462 308 194 219
2813 956 255 56 15 1 0 0 2052 1261 568 154 50 11 0 0 3098 785 160 46 6 1 0 0
2784 681 388 165 54 18 5 1 2334 749 517 312 123 43 15 3 3018 645 292 96 32 8 5 0
3024 751 233 69 17 2 0 0 2433 1117 363 137 37 9 0 0 3197 678 166 47 6 2 0 0
1398 1286 694 325 179 133 62 19 795 1298 888 508 263 161 124 59 1853 1230 534 242 142 71 21 3
2153 1256 334 136 83 63 51 20 1324 1659 637 185 103 75 64 49 2512 1035 283 113 72 50 24 7
2079 1582 341 76 13 4 1 0 1088 2172 640 154 35 2 5 0 2443 1351 248 43 7 4 0 0
444 1642 1284 522 149 38 13 4 106 1062 1474 876 405 125 37 11 931 1872 923 275 70 19 5 1
189 808 1165 991 541 188 122 92 9 188 612 1166 1101 616 227 177 248 1115 1447 732 279 106 99 70
59 240 501 596 465 376 432 1427 3 41 186 435 718 594 500 1619 43 293 621 564 377 355 432 1411
6 88 270 652 1008 908 516 648 1 3 66 247 665 1155 1069 890 31 163 755 1174 872 309 207 585
3 17 143 696 1451 1194 571 21 0 3 19 121 698 1602 1374 279 14 119 969 1864 1036 90 4 0
18 65 339 741 1216 1156 528 33 0 14 50 308 740 1424 1236 324 35 233 995 1734 936 152 10 1
1 36 232 604 1125 1168 572 358 0 1 26 198 677 1370 1281 543 5 93 698 1206 1118 488 230 258
0 2 26 181 1023 1594 642 628 0 0 7 32 302 1389 1538 828 0 8 90 621 1626 844 409 498
1 4 35 288 1421 1890 391 66 0 1 9 36 356 1780 1709 205 1 14 103 940 2203 710 88 37
0 8 65 505 1630 1557 289 42 0 0 9 83 557 1990 1315 142 0 15 163 1204 2101 528 57 28
19 67 182 999 2064 702 62 1 0 28 81 187 959 2185 626 30 19 82 333 1941 1490 223 7 1
1 35 188 920 1729 826 264 133 0 3 50 201 966 1899 745 232 3 55 352 1527 1376 485 195 103
0 16 99 378 694 713 738 1458 0 5 20 137 459 836 885 1754 0 12 121 469 718 638 639 1499
6 55 289 1028 1245 836 362 275 1 11 58 259 991 1477 816 483 4 55 407 1340 1200 560 299 231
1 37 132 736 1567 967 359 297 0 3 51 155 789 1760 917 421 3 51 232 1297 1444 582 258 229
6 31 164 685 1595 1066 313 236 1 10 44 189 822 1863 778 389 4 31 210 1247 1641 496 254 213
18 54 202 531 817 737 707 1030 6 20 80 245 629 932 816 1368 14 40 172 550 769 751 685 1115
2 23 153 392 618 680 803 1425 0 2 38 203 483 781 841 1748 3 12 122 397 557 664 727 1614
27 127 434 656 733 619 548 952 0 22 63 361 748 884 763 1255 21 107 432 753 666 583 469 1065
14 218 947 1425 920 323 152 97 0 4 100 630 1445 1278 403 236 11 192 1069 1635 673 254 148 114
207 1061 1054 901 637 166 48 22 2 63 640 1124 1061 894 238 74 73 815 1564 1180 339 62 30 33
471 1213 942 678 375 194 102 121 16 199 1033 932 939 563 203 211 169 1178 1293 745 343 141 89 138
2684 986 308 91 22 5 0 0 1752 1404 609 232 78 18 3 0 2944 843 228 60 18 3 0 0
2082 1330 501 141 33 8 1 0 1227 1493 878 376 92 25 5 0 2489 1186 323 76 17 5 0 0
2495 1130 302 87 40 26 12 4 1685 1463 600 206 79 24 24 15 2718 975 253 90 27 23 10 0
1975 1009 511 290 168 102 37 4 1238 1078 648 453 311 212 120 36 2065 914 535 310 188 69 13 2
2165 999 390 230 156 103 36 17 1493 1340 482 281 204 155 96 45 2484 818 368 215 122 66 21 2
1836 1638 472 97 38 12 3 0 893 1849 881 328 102 28 12 3 2162 1458 370 75 27 4 0 0
374 1456 1375 647 198 44 2 0 24 294 1070 1493 849 299 63 4 507 1909 1343 308 28 1 0 0
130 514 872 910 635 441 292 302 10 95 404 884 1015 786 453 449 187 748 1135 834 444 305 248 195
62 369 638 544 385 337 361 1400 2 48 269 668 655 506 419 1529 83 462 716 492 336 319 351 1337
148 468 700 706 601 400 332 741 10 96 352 669 799 753 511 906 131 538 917 788 421 291 300 710
242 598 933 980 840 349 106 48 14 164 442 801 1144 1003 412 116 154 742 1385 1137 476 122 52 28
37 191 659 1245 1091 521 211 141 2 29 119 508 1253 1312 583 290 52 327 1273 1373 635 222 123 91
19 204 734 1196 1150 607 106 80 0 5 105 581 1241 1366 641 157 28 399 1353 1402 667 134 43 70
9 42 239 651 1778 1224 152 1 0 2 29 148 698 1884 1225 110 17 136 529 1644 1504 250 16 0
56 221 370 1044 1715 592 93 5 0 14 136 330 977 1905 656 78 35 188 581 1685 1311 247 49 0
22 198 618 1382 1372 430 71 3 2 21 203 613 1372 1470 380 35 34 211 813 1740 1031 242 24 1
15 152 786 1513 1148 372 78 32 1 21 115 656 1578 1327 329 69 17 177 982 1820 834 192 47 27
6 79 532 1572 1276 491 112 28 0 7 94 470 1618 1394 433 80 6 135 810 1867 976 245 41 16
0 21 213 768 1181 798 442 673 0 1 38 255 881 1308 776 837 1 49 364 1110 1005 546 404 617
10 58 246 758 1007 698 437 882 1 27 95 321 817 1132 681 1022 10 61 324 985 963 496 422 835
9 44 241 935 1422 990 301 154 1 9 53 242 1029 1612 870 280 10 56 368 1404 1486 468 192 112
20 96 388 1032 1046 692 398 424 0 34 100 355 1117 1221 686 583 23 121 648 1205 967 465 308 359
4 79 373 872 934 801 507 526 0 7 92 379 944 1145 838 691 8 152 649 1022 855 598 332 480
141 735 898 963 738 374 171 76 16 224 776 867 975 729 370 139 176 859 1049 1014 550 292 97 59
289 775 1128 1010 628 221 42 3 14 157 540 1027 1290 769 262 37 177 739 1336 1217 466 140 20 1
141 631 1348 1264 566 115 24 7 1 51 298 986 1494 1032 197 37 77 528 1538 1465 397 70 15 6
319 1344 1343 843 225 20 2 0 2 177 968 1266 1159 469 51 4 102 1140 1774 945 124 8 3 0
865 1508 643 453 374 185 63 5 59 713 1291 800 527 433 209 64 447 1550 1080 622 277 101 17 2
3387 523 113 51 17 5 0 0 2770 936 248 79 44 15 4 0 3397 500 122 51 20 6 0 0
2273 1193 408 142 41 31 7 1 1326 1468 777 313 129 49 29 5 2476 1086 343 120 42 24 4 1
1055 777 737 734 544 183 61 5 513 587 565 739 789 620 218 65 1222 993 955 649 194 71 12 0
1035 1028 819 611 370 153 69 11 109 689 955 866 717 484 196 80 992 1260 950 542 239 82 31 0
450 597 582 742 838 598 261 28 74 270 489 549 829 1000 662 223 519 793 1106 992 497 167 21 1
598 683 461 611 856 697 179 11 162 386 589 462 625 983 744 145 575 999 1054 942 451 65 9 1
220 1008 1411 957 362 112 23 3 6 104 509 1345 1307 630 171 24 383 1598 1518 470 113 9 5 0
23 191 670 1032 1240 695 192 53 0 8 96 500 1113 1440 750 189 87 665 1509 1201 428 130 60 16
229 878 971 796 541 292 188 201 15 76 423 1115 1090 720 326 331 156 1069 1408 719 317 172 112 143
283 817 1298 1165 408 83 27 15 15 171 521 1073 1367 725 173 51 243 1097 1609 867 200 43 29 8
287 1025 1323 933 391 94 22 21 21 182 677 1227 1177 609 150 53 219 1081 1617 844 242 53 24 16
175 868 1322 990 473 127 46 95 8 102 502 1207 1261 674 205 137 138 933 1600 936 290 64 51 84
170 1035 1283 851 490 207 50 10 2 70 590 1343 1114 668 254 55 127 1134 1657 819 273 68 12 6
37 202 383 745 1544 1008 168 9 0 14 120 349 693 1682 1070 168 53 278 527 1377 1452 386 23 0
429 900 826 905 757 238 40 1 0 118 620 859 1057 1030 344 68 165 832 1088 1137 645 192 35 2
437 1191 1159 783 390 107 29 0 3 171 927 1314 1007 498 150 26 169 993 1473 973 363 97 28 0
128 603 1093 875 588 425 293 91 7 122 532 1184 1048 614 406 183 73 462 1096 1035 637 431 291 71
14 61 340 1187 1574 798 119 3 0 15 68 295 1154 1738 767 59 18 86 567 1686 1320 367 50 2
4 43 430 1476 1389 640 100 14 1 4 32 263 1439 1635 639 83 6 90 825 1905 1049 188 30 3
73 354 1038 1483 965 175 8 0 7 76 267 780 1558 1198 195 15 63 320 1208 1753 666 81 5 0
68 682 1558 1171 462 117 36 2 8 58 445 1359 1495 550 140 41 63 674 1742 1200 326 81 10 0
18 311 1344 1353 645 287 126 12 0 8 149 1061 1661 805 342 70 31 501 1689 1296 426 142 10 1
64 813 1234 1157 632 175 21 0 1 131 926 1129 1081 652 160 16 83 1019 1502 996 410 82 4 0
455 1403 1110 618 342 135 31 2 61 689 1396 944 553 321 111 21 442 1563 1095 580 292 106 17 1
569 1216 1083 762 344 106 13 3 70 699 1022 917 846 427 103 12 429 1372 1201 754 259 68 12 1
739 1210 1302 727 107 11 0 0 112 487 702 1185 1160 411 38 1 438 1000 1692 849 107 10 0 0
1273 1398 813 500 100 11 1 0 310 1012 1059 836 567 285 25 2 739 1438 1197 605 103 13 1 0
806 1249 1064 602 249 102 23 1 147 655 911 1023 845 371 117 27 499 1144 1274 820 271 81 7 0
2135 830 627 161 64 28 23 228 1441 1236 714 259 121 61 143 121 2232 1096 314 131 55 41 140 87
859 825 672 380 172 60 63 1065 309 616 756 662 401 183 577 592 932 861 625 346 160 68 626 478
870 828 677 426 215 96 56 928 186 584 746 679 529 277 616 479 963 953 686 334 132 56 647 325
1149 1184 573 242 133 51 41 723 100 803 1123 714 357 166 468 365 1049 1334 600 235 86 36 469 287
1171 1252 699 289 85 30 42 528 50 741 1178 919 462 134 282 330 1068 1403 740 223 73 34 332 223
365 675 743 810 740 336 121 306 9 180 545 784 910 876 459 333 458 991 1163 741 315 106 112 210
645 1386 1019 620 256 93 22 55 42 390 1037 1141 891 379 149 67 700 1739 1143 336 89 23 20 46
223 1110 1512 920 272 52 6 1 6 107 663 1465 1243 489 108 15 358 1527 1501 563 129 15 3 0
978 1487 895 494 201 31 9 1 127 618 1039 1184 699 364 57 8 675 1750 1202 397 57 14 1 0
366 1043 899 700 651 361 71 5 34 278 723 944 836 784 408 89 407 1216 1253 839 305 60 10 6
249 710 1050 1147 690 224 26 0 32 166 414 900 1241 972 326 45 270 887 1539 1070 287 42 1 0
110 577 1089 995 844 418 63 0 2 45 289 904 1197 1026 548 85 188 789 1524 1102 427 63 3 0
155 540 789 825 902 636 232 17 1 46 313 697 911 1069 790 269 155 714 1093 1082 719 288 44 1
473 862 897 794 704 293 70 3 2 138 592 928 998 838 456 144 218 801 1089 1003 645 267 72 1
811 1500 918 486 251 109 21 0 14 343 1233 1127 772 365 182 60 273 1443 1249 662 332 116 21 0
999 1802 787 292 129 62 22 3 19 461 1517 1308 517 190 62 22 337 1832 1238 446 154 67 18 4
770 1243 685 494 476 334 89 5 19 407 1258 846 605 518 361 82 274 1410 1008 613 531 224 34 2
22 129 399 1022 1458 912 153 1 2 28 114 311 992 1656 909 84 24 154 620 1569 1390 321 18 0
58 451 673 925 1075 740 169 5 9 62 437 694 1063 1210 567 54 49 431 929 1281 1040 318 47 1
482 1334 1318 624 278 54 6 0 61 381 950 1364 922 346 68 4 273 1272 1575 750 189 35 2 0
210 933 1288 982 492 168 22 1 16 210 771 1256 1071 565 191 16 205 1115 1555 864 300 49 8 0
46 651 1564 1114 504 192 25 0 0 14 328 1464 1458 611 203 18 40 771 1801 1017 356 104 7 0
184 1163 1303 915 381 125 24 1 2 255 1181 1287 888 363 102 18 198 1298 1460 756 291 78 14 1
256 1373 1280 733 330 108 16 0 17 493 1426 1121 655 293 80 11 285 1582 1289 611 240 80 9 0
622 1605 1118 484 198 60 9 0 78 878 1539 941 425 184 45 6 581 1804 1077 416 170 42 6 0
1574 1390 763 307 58 4 0 0 545 1207 818 842 555 122 7 0 1175 1364 1052 445 56 4 0 0
2451 975 432 214 23 1 0 0 1578 996 709 424 290 92 7 0 2004 1105 669 286 30 2 0 0
1208 873 525 231 73 28 19 1139 649 914 749 393 168 44 29 1150 932 916 669 284 103 32 19 1141
27 143 768 1222 452 402 289 793 59 335 1270 838 269 464 773 88 222 1193 1023 279 440 149 786 4
2 18 16 19 13 29 707 3292 4 27 15 17 20 282 3464 267 21 15 20 13 46 852 3123 6
3 19 29 16 26 27 594 3382 8 33 15 26 30 184 3483 317 23 29 16 29 37 777 3142 43
1 13 31 12 19 35 648 3337 8 32 16 10 30 194 3315 491 18 28 12 18 37 799 3123 61
0 18 25 13 17 32 436 3555 11 26 13 20 19 134 3323 550 23 20 15 19 36 596 3338 49
0 11 29 17 20 44 371 3604 3 35 17 10 44 101 3104 782 20 25 15 22 50 493 3379 92
0 5 29 28 21 37 379 3597 0 23 27 25 26 74 2734 1187 9 27 30 20 34 437 3196 343
20 50 63 50 31 48 244 3590 4 33 83 58 45 63 2685 1125 38 79 53 40 46 216 3528 96
28 68 114 90 57 74 234 3431 12 32 69 117 106 98 2532 1130 36 129 123 81 69 207 3316 135
20 32 41 158 231 131 142 3341 4 28 41 66 154 242 2293 1268 28 77 209 203 96 95 3250 138
39 151 188 197 159 100 117 3145 7 42 163 183 185 198 2002 1316 64 205 260 184 102 97 2942 242
12 48 149 255 327 185 107 3013 2 14 46 158 275 332 1815 1454 28 131 292 342 176 90 2713 324
26 68 140 209 332 276 189 2856 0 10 54 150 230 364 1672 1616 27 80 218 426 286 170 2499 390
193 368 300 253 141 86 99 2656 8 95 314 355 296 212 1253 1563 130 399 370 273 132 87 2270 435
217 616 377 159 97 68 87 2475 23 162 570 472 197 104 1087 1481 145 597 488 184 90 90 2057 445
491 768 269 69 60 44 82 2313 33 317 635 494 156 71 912 1478 223 772 489 139 50 72 1860 491
167 414 198 248 517 277 106 2169 3 59 414 294 291 529 1139 1367 88 454 333 481 416 135 1735 454
14 102 376 693 589 254 89 1979 0 23 96 344 692 701 1043 1197 24 125 524 856 438 124 1608 397
159 763 820 355 100 60 65 1774 20 129 601 861 524 138 727 1096 96 630 977 438 95 66 1436 358
145 720 977 458 129 61 79 1527 8 124 544 988 663 171 641 957 85 566 1097 581 140 65 1200 362
53 545 1147 650 188 97 76 1340 2 39 308 1087 949 266 522 923 81 608 1280 559 129 78 885 476
170 1040 1096 510 245 91 72 872 18 366 987 966 548 261 178 772 190 1221 1022 469 209 86 328 571
163 1162 1126 569 214 117 104 641 59 487 1112 966 507 217 330 418 322 1334 1033 457 188 142 418 202
380 857 578 353 244 222 301 1161 191 664 797 465 346 304 1010 319 486 979 551 317 255 249 947 312
489 890 437 275 215 230 417 1143 219 832 731 356 332 337 1044 245 576 1039 432 250 288 289 1002 220
706 673 325 233 174 224 506 1255 367 855 530 278 243 378 1164 281 720 828 346 241 241 345 1122 253
556 399 213 190 170 200 489 1879 370 491 417 219 189 378 1222 810 531 580 270 189 194 379 1184 769
72 143 195 176 162 198 519 2631 148 185 208 170 203 363 1197 1622 208 226 167 176 213 385 1132 1589
5 17 22 537 1393 576 886 660 15 19 167 1280 875 757 820 163 22 99 1199 938 534 581 664 59
1048 2035 153 26 10 10 96 718 1095 1977 169 27 9 26 457 336 1691 1493 59 26 11 61 500 255
829 2041 244 27 19 8 106 822 937 1909 276 23 19 27 551 354 1326 1740 61 21 18 85 587 258
986 1088 227 173 137 51 196 1238 1205 914 283 175 71 60 1079 309 1489 782 201 124 62 137 1161 140
627 1682 602 20 13 14 87 1051 784 1541 589 21 14 20 854 273 1083 1684 151 21 13 98 958 88
1391 920 485 36 12 5 103 1144 1468 863 479 27 10 15 927 307 1641 1001 176 22 7 116 1056 77
530 893 1187 70 43 31 104 1238 598 872 1166 61 39 29 967 364 740 1355 582 45 31 97 1162 84
144 971 1168 106 142 87 94 1384 244 919 1156 133 149 34 1019 442 418 1354 646 152 50 76 1311 89
137 804 1220 112 96 133 123 1471 228 798 1185 106 150 56 1064 509 372 1247 672 140 74 103 1342 146
349 656 635 136 183 143 112 1882 443 652 622 181 166 75 1220 737 624 812 343 223 103 62 1688 241
178 856 1038 83 59 49 46 1787 309 718 1075 83 62 27 1118 704 467 1121 566 72 35 19 1649 167
465 640 560 94 93 81 69 2094 550 565 593 111 97 42 1239 899 650 787 298 106 82 52 1937 184
492 535 974 50 18 10 8 2009 529 545 936 42 19 11 994 1020 574 919 538 27 16 9 1830 183
172 827 937 32 20 9 19 2080 271 710 970 26 18 11 915 1175 379 1065 513 23 17 10 1820 269
185 1174 527 16 12 19 22 2141 264 1018 606 15 24 13 1007 1149 356 1287 252 11 22 14 1906 248
681 805 101 53 68 61 35 2292 756 753 111 70 66 39 1058 1243 898 653 89 84 46 29 2057 240
480 1077 21 22 41 15 23 2417 505 1061 17 35 35 13 1161 1269 777 799 15 33 32 12 2169 259
826 453 57 49 50 80 53 2528 836 466 60 56 68 58 1327 1225 1009 313 65 44 73 50 2260 282
1482 17 8 16 19 16 13 2525 1491 9 11 19 19 13 1293 1241 1496 8 8 21 17 14 2288 244
1358 12 14 18 19 9 14 2652 1362 13 10 18 22 9 1449 1213 1364 14 10 20 20 10 2519 139
1219 42 10 21 15 14 18 2757 1236 28 15 17 15 14 1248 1523 1250 18 19 13 15 18 2611 152
2252 764 76 40 44 74 83 763 2287 747 77 48 51 80 339 467 2526 545 52 49 62 97 647 118
3754 339 3 0 0 0 0 0 3791 302 3 0 0 0 0 0 3902 192 2 0 0 0 0 0
2725 122 80 81 110 239 523 216 2780 100 91 122 204 395 290 114 2816 77 113 136 233 363 245 113
3293 498 125 25 19 7 30 99 3455 405 69 24 13 17 75 38 3686 210 37 27 7 26 88 15
3674 313 11 11 23 12 13 39 3700 291 14 13 20 15 13 30 3965 30 12 15 19 14 22 19
3162 904 15 14 1 0 0 0 3419 652 19 6 0 0 0 0 3995 79 17 5 0 0 0 0
1793 2300 3 0 0 0 0 0 2291 1803 2 0 0 0 0 0 3646 450 0 0 0 0 0 0
333 413 218 156 851 758 716 651 403 364 254 514 1071 511 894 85 536 322 475 1138 447 416 735 27
1595 2077 236 26 18 47 75 22 1433 2148 291 44 48 74 42 16 2093 1695 117 28 39 73 38 13
1597 2218 264 12 4 1 0 0 1423 2248 368 39 14 3 1 0 2064 1892 120 16 3 1 0 0
1736 946 186 126 301 110 153 538 1759 902 224 316 164 66 618 47 2044 745 202 300 94 66 608 37
876 1306 665 152 124 146 181 646 869 1199 772 148 130 151 672 155 1141 1413 355 133 152 103 657 142
1049 1106 686 169 137 123 178 648 1124 1001 702 158 147 130 682 152 1409 1084 409 149 148 92 669 136
639 1012 1152 184 145 145 117 702 710 945 1151 176 166 118 670 160 892 1237 753 133 183 85 694 119
544 993 1235 233 160 110 127 694 578 948 1269 224 144 105 651 177 735 1285 849 201 130 89 679 128
315 994 1316 260 185 175 196 655 358 936 1358 244 172 196 660 172 459 1372 896 198 174 180 668 149
900 969 624 151 251 209 181 811 1050 887 579 257 253 114 756 200 1272 908 405 287 215 96 789 124
992 1539 1441 62 25 23 11 3 945 1420 1559 80 36 24 21 11 1270 1783 954 39 19 25 4 2
461 1018 1038 176 201 369 190 643 471 919 1100 209 416 232 526 223 665 1256 681 212 406 159 542 175
448 912 1351 260 192 164 118 651 500 827 1352 268 180 191 565 213 631 1145 998 233 192 152 573 172
350 1096 1308 206 193 184 122 637 434 921 1353 212 203 195 526 252 570 1301 901 205 195 176 522 226
229 1483 942 208 204 225 157 648 303 1363 1025 254 204 193 471 283 462 1670 668 215 194 177 457 253
695 1319 358 243 242 315 202 722 740 1290 373 231 317 341 567 237 948 1197 299 242 348 272 600 190
1859 1777 95 11 10 37 21 286 1677 1897 143 24 15 41 196 103 2054 1588 86 15 17 37 214 85
1753 933 144 98 80 216 339 533 1708 970 141 108 204 355 433 177 1966 741 130 105 238 316 453 147
2246 511 206 157 208 125 92 551 2297 451 192 165 201 184 432 174 2440 333 181 169 202 173 443 155
1923 684 249 202 178 148 146 566 1954 685 330 233 183 103 455 153 2098 578 325 230 177 90 481 117
1511 761 459 370 215 138 133 509 1485 746 483 334 244 166 515 123 1579 689 465 339 232 175 526 91
1202 412 372 350 355 402 452 551 1162 419 374 368 433 480 579 281 1179 416 377 370 462 448 550 294
1384 473 470 492 470 364 311 132 1281 481 467 490 496 392 349 140 1245 473 455 492 481 400 360 190
1735 649 351 205 125 243 686 102 1674 689 351 220 236 619 283 24 1771 620 328 222 354 514 262 25
2766 474 302 279 222 50 3 0 2756 569 349 288 112 17 5 0 2868 534 354 248 72 15 5 0
2499 1588 9 0 0 0 0 0 2564 1519 13 0 0 0 0 0 3219 876 1 0 0 0 0 0
1367 2612 116 1 0 0 0 0 1427 2529 139 1 0 0 0 0 2171 1873 52 0 0 0 0 0
689 3234 171 1 1 0 0 0 706 3172 216 1 1 0 0 0 1486 2532 76 2 0 0 0 0
844 572 571 535 572 338 231 433 736 539 700 762 599 146 603 11 923 562 723 786 402 109 588 3
2771 765 183 61 28 61 180 47 1421 1593 541 178 87 171 77 28 2654 832 217 72 56 161 87 17
2786 979 249 71 7 3 1 0 988 1981 775 250 83 14 4 1 2507 1183 301 90 10 4 1 0
1993 520 197 171 360 200 206 449 1544 688 333 403 356 165 563 44 2049 464 255 414 224 116 557 17
1393 830 411 302 356 453 276 75 806 1054 544 397 336 409 444 106 1437 807 426 337 368 447 237 37
1299 820 498 349 347 462 269 52 933 901 596 384 295 502 424 61 1332 804 508 329 372 476 241 34
879 451 331 376 554 561 391 553 800 487 384 456 666 520 581 202 976 503 386 589 563 481 458 140
990 452 385 380 375 399 427 688 928 495 438 367 385 425 824 234 1072 513 420 382 343 522 666 178
839 725 532 388 341 490 572 209 803 710 568 402 356 497 607 153 938 740 531 365 353 551 539 79
718 532 451 446 416 567 417 549 647 483 460 495 643 488 779 101 1008 538 486 516 565 351 607 25
869 1024 840 651 393 235 76 8 466 751 772 777 651 373 225 81 1233 1085 784 558 296 114 26 0
479 660 590 477 491 651 377 371 173 501 640 617 738 626 570 231 518 736 610 558 716 423 443 92
639 674 645 591 540 610 376 21 327 569 704 633 538 603 650 72 559 660 715 554 539 655 404 10
377 531 583 599 612 703 470 221 148 462 597 669 847 808 460 105 293 569 631 654 929 626 322 72
151 271 434 500 530 558 652 1000 129 292 498 470 591 643 1192 281 224 435 609 535 529 637 974 153
349 498 485 508 598 711 790 157 308 515 558 524 619 944 579 49 377 540 565 544 647 915 485 23
567 2441 620 40 14 12 37 365 260 2233 1104 74 17 13 298 97 494 2379 753 46 16 13 305 90
693 1528 397 188 241 294 464 291 509 1476 616 195 335 525 362 78 669 1505 452 200 381 491 342 56
808 740 562 486 631 614 236 19 679 769 587 483 594 693 269 22 700 780 572 489 595 691 246 23
335 408 363 457 462 514 841 716 305 441 425 418 528 925 872 182 368 471 480 468 611 903 694 101
548 572 660 727 688 502 293 106 462 564 663 730 692 583 356 46 490 549 674 717 692 594 334 46
744 466 460 469 466 399 705 387 700 478 442 489 508 724 622 133 782 470 449 486 528 715 528 138
762 502 504 501 573 581 455 218 675 505 489 511 589 595 474 258 677 498 492 485 556 582 498 308
1274 680 451 294 254 338 724 81 1188 708 472 327 368 699 301 33 1281 656 448 345 436 646 250 34
2328 603 288 248 233 326 67 3 2236 696 348 295 364 126 27 4 2324 629 358 349 333 70 30 3
1518 1740 217 100 186 152 103 80 1471 1719 408 234 81 66 55 62 2040 1719 156 56 58 52 15 0
1099 1546 673 367 185 77 66 83 1433 1533 692 235 38 56 44 65 3287 519 103 23 56 43 63 2
1345 1198 954 53 91 155 120 180 1099 1267 1144 142 108 123 90 123 1656 1251 815 109 96 103 59 7
642 512 666 534 555 506 276 405 409 561 767 741 719 311 585 3 612 579 795 778 555 206 570 1
2344 937 280 108 44 68 259 56 1054 1489 712 279 158 255 130 19 2083 1157 310 114 83 226 112 11
1767 1323 644 270 74 17 1 0 465 1108 1132 782 426 147 31 5 1621 1416 708 263 73 14 1 0
1548 781 359 223 263 328 184 410 1183 622 569 478 524 175 495 50 1635 696 413 435 293 97 496 31
1024 990 550 356 407 484 261 24 454 893 788 528 402 471 489 71 904 974 630 418 417 514 228 11
730 894 691 505 425 534 283 34 472 868 769 572 434 529 409 43 778 924 729 475 455 545 174 16
714 653 556 441 462 617 426 227 655 649 626 544 664 560 346 52 862 688 559 605 575 515 268 24
957 542 571 496 552 427 321 230 901 566 531 495 556 501 483 63 919 557 500 468 536 530 531 55
528 657 560 518 579 625 503 126 458 625 566 575 590 695 512 75 565 620 584 597 611 679 395 45
491 670 456 483 443 574 407 572 473 552 407 559 705 544 800 56 835 633 525 523 597 340 638 5
550 1189 1023 563 351 223 149 48 340 802 1122 764 481 299 182 106 693 1241 967 522 312 212 113 36
409 703 535 427 481 700 417 424 167 551 662 505 744 654 592 221 338 693 622 502 811 478 549 103
390 767 680 677 677 648 233 24 165 536 750 719 659 788 435 44 269 637 732 672 675 779 309 23
531 693 684 672 774 570 130 42 304 581 696 713 762 780 235 25 267 502 624 723 716 785 431 48
375 590 620 665 701 612 368 165 221 446 663 661 744 789 440 132 235 516 705 737 830 671 340 62
105 300 562 683 767 789 730 160 83 256 500 709 847 1101 478 122 231 518 756 804 881 677 220 9
751 1874 802 141 56 15 39 418 386 1650 1240 265 73 23 372 87 741 1803 886 158 48 7 411 42
924 1238 522 265 179 225 413 330 673 1174 774 312 256 470 393 44 682 1178 697 331 362 450 370 26
657 748 658 641 675 566 136 15 545 749 683 584 705 648 170 12 570 776 694 596 700 618 134 8
484 974 882 729 616 345 60 6 446 923 881 762 632 364 85 3 615 957 908 732 625 231 27 1
547 672 807 881 716 400 73 0 497 691 813 897 739 387 72 0 663 744 793 917 620 313 46 0
768 395 412 387 445 465 856 368 756 401 426 390 454 871 646 152 800 414 423 391 490 917 519 142
725 602 551 595 662 490 290 181 690 608 555 581 645 524 312 181 821 586 534 573 582 484 316 200
1177 786 541 279 171 305 690 147 1138 768 537 325 305 631 360 32 1307 706 479 355 307 644 256 42
2159 728 248 256 209 354 138 4 2086 769 341 284 416 186 11 3 2257 655 355 333 413 71 9 3
1755 1632 506 117 57 15 8 6 1647 1289 742 156 154 91 15 2 1867 1427 530 202 58 12 0 0
2565 825 345 189 73 63 31 5 1424 387 292 302 852 744 92 3 1657 369 644 1079 279 65 3 0
1556 646 521 445 332 247 218 131 886 519 391 471 701 617 320 191 1361 671 713 737 375 186 44 9
261 354 516 604 558 1094 380 329 203 284 430 654 779 930 788 28 138 275 329 708 672 530 1373 71
2427 921 188 73 34 128 262 63 984 1369 818 384 118 237 159 27 1238 1239 385 190 245 519 251 29
2573 1231 226 55 11 0 0 0 1206 1705 851 258 62 12 2 0 2236 1423 341 73 21 2 0 0
1919 742 193 80 155 371 204 432 1446 1015 374 188 392 105 531 45 1996 737 172 272 292 72 533 22
1610 827 321 280 335 491 215 17 1086 1109 461 297 308 462 342 31 1580 829 356 285 338 491 203 14
409 614 538 591 655 673 549 67 341 641 632 675 615 747 414 31 521 675 677 636 619 758 194 16
56 70 64 137 319 749 1645 1056 76 64 93 198 479 1198 1676 312 96 68 110 237 594 1359 1483 149
1046 448 317 383 451 466 534 451 948 492 315 368 494 630 650 199 770 556 356 343 513 693 726 139
599 652 695 571 613 588 347 31 456 563 720 644 607 770 314 22 386 494 694 704 630 696 410 82
521 915 486 365 342 571 362 534 466 868 599 406 579 425 695 58 828 845 477 406 590 338 601 11
950 1884 722 317 144 60 15 4 547 1715 1167 409 161 73 20 4 1136 1863 669 248 115 53 9 3
423 739 517 455 445 648 403 466 296 669 632 540 741 535 542 141 502 745 577 564 760 369 483 96
406 577 604 646 715 725 369 54 314 574 575 639 745 814 379 56 415 683 643 668 785 697 180 25
594 378 366 455 567 582 482 672 423 408 408 473 652 697 722 313 314 483 491 576 705 573 761 193
147 203 325 458 532 555 484 1392 85 151 262 446 593 724 1405 430 94 189 323 536 704 786 1298 166
84 273 493 665 816 867 696 202 113 317 561 688 894 1083 356 84 234 467 635 770 1079 703 173 35
154 681 1389 734 280 157 156 545 125 614 1344 745 382 214 526 146 321 1228 1219 385 214 147 490 92
957 708 613 366 207 249 405 591 790 930 612 362 332 377 499 194 710 970 699 374 473 299 484 87
451 471 555 657 667 639 378 278 417 565 562 696 771 629 303 153 523 655 618 710 816 513 189 72
255 469 571 705 749 593 445 309 133 419 565 762 824 655 500 238 452 632 842 853 676 353 200 88
282 456 627 754 668 455 411 443 246 413 589 752 660 488 419 529 451 599 829 759 532 318 323 285
337 266 356 468 539 790 830 510 344 274 348 510 736 943 662 279 525 427 600 778 742 605 327 92
332 363 387 530 548 481 411 1044 378 372 399 553 570 439 1076 309 510 374 435 545 510 412 1081 229
533 504 404 268 214 350 868 955 569 482 414 280 369 565 1196 221 702 450 380 354 430 771 963 46
994 488 300 203 194 349 823 745 995 487 364 252 392 322 1036 248 1138 455 367 341 384 646 726 39
1187 903 197 131 115 286 857 420 1243 870 211 168 118 245 1109 132 1517 657 227 167 414 752 359 3
1518 568 253 120 100 214 1014 309 1405 430 234 177 311 232 1145 162 1509 397 313 364 294 991 225 3
605 592 293 162 156 336 1251 701 428 415 268 283 390 382 1491 439 589 374 395 461 546 1139 403 189
205 265 316 363 736 1629 274 308 227 266 322 425 662 1488 704 2 250 259 326 539 436 697 1579 10
664 878 879 582 357 212 249 275 428 891 1127 626 377 270 244 133 708 1084 832 475 358 276 275 88
632 1102 828 436 435 208 161 294 361 953 1105 682 405 238 242 110 818 1265 832 441 304 193 185 58
606 737 451 298 346 500 499 659 591 661 522 477 538 444 762 101 870 709 488 499 450 408 637 35
552 501 451 432 609 623 613 315 600 485 541 654 519 628 507 162 773 517 652 543 500 636 402 73
335 348 433 565 728 692 571 424 443 352 565 777 649 550 540 220 549 425 692 742 518 546 484 140
204 222 299 505 704 711 753 698 284 300 433 670 625 701 718 365 393 336 580 638 528 681 694 246
221 299 360 460 507 675 796 778 339 344 507 487 579 743 756 341 417 447 539 514 626 609 757 187
184 276 341 290 279 503 1128 1095 297 314 340 275 422 938 1162 348 376 341 323 308 652 905 929 262
73 159 277 278 268 398 995 1648 109 205 266 307 388 733 1714 374 152 281 308 296 452 911 1430 266
23 86 270 435 410 335 569 1968 29 116 317 503 423 417 1704 587 61 204 466 445 360 439 1761 360
43 79 184 206 253 336 538 2457 65 116 184 258 327 355 2059 732 91 141 196 286 361 376 2253 392
123 118 131 165 265 379 581 2334 157 124 156 247 338 441 1991 642 200 143 177 288 369 434 2009 476
31 31 48 91 134 276 592 2893 40 42 83 142 251 358 2144 1036 59 54 126 229 289 339 2331 669
1 4 10 63 133 244 611 3030 3 6 31 65 142 404 2267 1178 7 14 83 158 303 641 2215 675
49 29 58 110 243 410 751 2446 66 36 57 87 213 551 2035 1051 80 57 101 261 425 631 2010 531
27 14 37 81 171 422 848 2496 31 27 54 78 121 356 2279 1150 46 47 80 166 459 686 2004 608
0 7 10 26 106 596 1211 2140 2 11 19 51 113 389 2455 1056 7 10 26 160 684 980 1759 470
7 16 21 60 208 866 1754 1164 3 7 26 82 599 575 2002 802 18 21 158 691 846 1269 818 275
45 54 76 133 397 1368 1678 345 23 49 88 197 670 874 1696 499 75 93 297 877 1155 1315 240 44
3 6 22 78 324 1210 2144 309 2 3 16 78 509 933 2079 476 7 34 134 682 1275 1727 233 4
0 0 2 17 142 1085 2465 385 0 0 1 10 234 710 2546 595 0 3 38 382 1291 2171 210 1
0 0 4 26 165 882 2441 578 0 0 1 24 110 563 2654 744 0 8 30 203 1092 2230 458 75
1 0 10 37 233 1037 2547 231 0 1 1 13 107 611 2867 496 1 8 35 242 1182 2427 201 0
0 1 5 31 168 840 2712 339 0 0 2 16 81 553 2881 563 1 7 41 202 1073 2502 269 1
0 0 1 9 69 849 2786 382 0 0 0 2 33 487 3036 538 0 1 13 94 1073 2625 281 9
0 0 1 7 93 820 2861 314 0 0 0 5 33 502 3113 443 0 2 6 94 916 2817 261 0
0 0 0 17 208 1240 2435 196 0 0 0 3 84 755 2851 403 0 0 17 196 1265 2403 215 0
486 211 209 264 332 423 1053 1118 511 179 189 297 441 813 1623 43 609 221 291 440 434 957 1120 24
43 95 89 178 374 755 1212 1350 80 110 165 390 708 905 1640 98 154 167 343 673 673 887 1163 36
72 150 129 141 238 356 1009 2001 149 152 158 281 339 549 2260 208 255 200 318 299 313 662 1994 55
38 35 18 41 63 154 1025 2722 58 30 40 95 121 494 2945 313 74 43 100 82 254 705 2762 76
1 10 53 73 70 141 876 2872 6 27 72 69 84 264 2902 672 7 41 74 73 120 469 2998 314
0 14 39 113 239 411 849 2431 3 28 60 76 156 444 2805 524 8 32 127 280 407 454 2647 141
0 1 15 11 108 414 982 2565 0 5 15 14 57 343 3229 433 0 7 27 177 466 560 2791 68
0 7 15 49 171 517 898 2439 0 1 12 35 111 420 3098 419 11 34 90 227 606 492 2562 74
0 0 0 11 110 481 1116 2378 0 0 0 0 65 381 3008 642 0 0 21 184 646 670 2356 219
0 1 2 51 211 706 1057 2068 0 0 2 9 107 514 2663 801 1 5 79 324 855 657 1902 273
0 4 26 110 406 893 1123 1534 0 0 5 36 200 688 2351 816 4 28 138 472 961 911 1335 247
0 0 6 70 305 1049 1481 1185 0 0 1 18 151 710 2355 861 0 10 99 405 1210 1208 988 176
0 0 8 43 329 1086 1828 802 0 0 1 15 155 824 2325 776 1 8 77 431 1333 1531 571 144
0 3 11 40 236 1220 2235 351 0 0 5 18 114 748 2571 640 3 15 41 288 1417 2062 259 11
0 0 16 73 451 1582 1818 156 0 0 1 35 210 1038 2329 483 0 27 110 605 1809 1461 84 0
0 2 10 86 429 1400 1967 202 0 0 2 27 212 942 2373 540 2 10 107 501 1599 1745 132 0
0 0 6 56 345 1444 2010 235 0 0 2 21 177 966 2438 492 0 7 69 379 1551 1896 193 1
0 1 4 35 325 1304 2156 271 0 0 2 9 127 884 2438 636 1 3 42 380 1465 1977 228 0
0 0 3 34 267 1138 2324 330 0 0 2 5 129 725 2546 689 1 2 38 307 1221 2213 314 0
0 0 4 39 229 989 2415 420 0 0 2 10 113 695 2622 654 0 5 46 276 1204 2245 317 3
0 0 7 76 419 1225 2027 342 0 0 1 18 181 959 2419 518 0 8 81 479 1555 1809 164 0
0 1 12 43 264 1229 2147 400 0 1 7 23 134 843 2497 591 2 15 61 332 1450 2006 224 6
0 0 1 22 159 1018 2514 382 0 0 0 7 83 657 2768 581 0 2 27 212 1410 2251 194 0
0 0 1 23 149 1084 2489 350 0 0 0 7 80 640 2715 654 0 0 36 204 1376 2273 207 0
0 1 11 48 329 1376 2094 237 0 0 6 17 146 929 2438 560 2 10 57 428 1597 1829 173 0
1 2 9 66 344 1431 2046 197 0 2 1 29 159 986 2446 473 3 12 81 469 1680 1710 141 0
0 2 10 96 515 1408 1819 246 0 1 3 34 256 1094 2229 479 2 19 144 684 1740 1404 103 0
0 6 41 199 877 1642 1237 94 0 1 8 55 414 1442 1842 334 8 48 293 1059 1744 889 55 0
1 1 12 106 415 746 895 1920 0 2 1 24 197 825 2588 459 3 14 94 522 830 689 1737 207
0 3 31 184 573 916 819 1570 0 1 13 90 384 930 2107 571 5 54 283 635 942 687 1311 179
4 9 40 167 417 1133 1272 1054 2 7 31 93 307 954 2187 515 33 78 266 626 1349 829 815 100
0 3 26 123 522 1393 1477 552 0 1 4 49 253 1125 2183 481 3 50 201 849 1595 1053 337 8
0 0 3 96 711 1843 1297 146 0 0 1 7 200 1336 2188 364 0 3 134 919 1960 1023 57 0
0 0 17 128 776 1525 1444 206 0 0 2 22 231 1340 2100 401 1 19 153 964 1848 1050 61 0
0 3 22 145 690 1484 1508 244 0 0 4 45 300 1197 2049 501 5 33 214 881 1688 1152 123 0
0 0 17 106 463 1328 1789 393 0 0 9 32 266 1135 2142 512 1 26 161 683 1648 1414 163 0
0 0 0 18 150 925 2356 647 0 0 0 11 99 747 2581 658 0 4 37 293 1554 1989 219 0
1 5 28 91 290 986 2218 477 0 5 10 62 190 806 2401 622 9 49 129 478 1486 1810 135 0
1 10 34 115 354 1008 1982 592 0 6 21 83 270 873 2138 705 20 54 175 548 1499 1605 195 0
1 10 44 164 465 1288 1742 382 0 2 18 88 318 1097 1992 581 16 64 229 672 1525 1406 184 0
0 0 4 52 332 1290 1935 483 0 0 1 24 162 923 2317 669 0 8 72 403 1493 1834 285 1
0 2 10 58 305 1190 2031 500 0 0 7 26 158 819 2385 701 4 17 65 406 1401 1955 247 1
0 0 1 32 196 982 2416 469 0 0 1 13 115 647 2605 715 0 2 52 295 1405 2115 227 0
0 0 1 17 102 840 2477 659 0 0 0 8 57 545 2612 874 0 1 22 165 1218 2383 307 0
1 2 5 39 188 968 2350 543 0 1 3 13 96 680 2572 731 2 8 54 271 1340 2134 286 1
0 1 10 51 207 965 2277 585 0 0 1 26 146 748 2472 703 1 18 80 359 1421 1969 248 0
0 0 5 41 296 1107 2256 391 0 0 3 19 140 819 2548 567 0 12 67 489 1526 1821 180 1
0 0 0 19 197 1078 2417 385 0 0 0 8 89 755 2651 593 0 1 36 331 1570 2004 154 0
0 1 1 18 167 967 2449 493 0 0 1 10 85 682 2626 692 1 3 36 261 1369 2191 235 0
0 0 5 35 247 1214 2234 361 0 0 2 18 103 845 2474 654 1 7 49 335 1411 2009 281 3
0 0 2 21 202 1120 2327 424 0 0 2 8 113 765 2542 666 1 1 39 306 1407 2055 287 0
0 0 3 32 247 1159 2185 470 0 0 1 10 133 913 2407 632 0 4 72 441 1683 1731 165 0
0 0 3 38 255 1167 2192 441 0 0 0 21 151 955 2390 579 0 16 94 479 1749 1621 137 0
0 1 21 116 640 1687 1433 198 0 0 6 40 284 1341 2019 406 2 22 176 941 1941 947 67 0
0 1 4 69 496 1558 1677 291 0 0 2 15 201 1179 2223 476 2 11 124 807 1990 1082 80 0
0 0 11 118 639 1579 1572 177 0 0 1 26 285 1380 2087 317 1 21 233 1100 2019 698 24 0
1 0 14 73 493 1774 1570 171 1 0 11 44 276 1443 2055 266 9 32 175 919 2153 777 31 0
0 1 20 85 371 1411 1829 379 0 1 15 58 250 1250 2173 349 9 42 162 774 1956 1096 57 0
0 5 14 75 401 1301 1912 388 0 2 14 61 298 1275 2093 353 11 46 215 830 1843 1086 65 0
5 9 18 70 351 1163 2055 425 2 5 14 40 280 1040 2253 462 19 33 192 690 1849 1233 80 0
0 3 18 69 314 1147 2106 439 0 2 12 48 242 1028 2306 458 8 38 158 599 1785 1402 106 0
1 9 38 115 471 1307 1626 529 1 4 21 65 277 1159 2084 485 15 52 180 724 1738 1245 142 0
1 3 11 75 352 1192 1961 501 0 2 7 31 209 996 2337 514 7 20 139 597 1828 1390 115 0
0 0 1 10 148 1089 2234 614 0 0 1 6 101 949 2444 595 0 1 58 485 1953 1471 128 0
0 0 0 4 91 588 2317 1096 0 0 0 7 103 647 2544 795 0 2 45 313 1266 2111 359 0
1 4 4 38 211 1019 2169 650 1 1 7 26 138 779 2492 652 7 15 86 371 1560 1844 213 0
0 4 8 28 177 1012 2251 616 0 1 8 17 83 716 2644 627 7 8 48 287 1456 2065 225 0
0 0 0 7 137 859 2333 760 0 0 0 1 102 726 2594 673 0 0 36 318 1481 2019 242 0
0 0 0 6 74 548 2260 1208 0 0 0 5 81 602 2693 715 0 1 32 211 1154 2343 355 0
0 0 3 42 168 693 2225 965 0 0 4 19 122 709 2596 646 0 12 78 332 1398 2084 192 0
0 0 0 1 33 436 2518 1108 0 0 0 3 44 554 2741 754 0 1 7 146 1359 2309 274 0
0 0 1 3 32 559 2565 936 0 0 0 2 24 503 2783 784 0 1 9 149 1354 2301 282 0
0 0 0 5 57 611 2465 958 0 0 0 2 47 550 2729 768 0 2 20 224 1528 2091 231 0
0 0 2 21 178 1086 2177 632 0 0 1 13 106 860 2463 653 1 7 58 574 1782 1552 122 0
0 1 13 103 504 1554 1613 308 0 0 2 20 181 1098 2378 417 2 13 106 746 2055 1107 67 0
1 5 12 103 541 1511 1613 310 1 2 12 41 243 1213 2118 466 9 26 172 800 1873 1122 94 0
0 3 9 115 664 1620 1497 188 0 0 5 22 204 1236 2248 381 3 13 128 789 2040 1065 58 0
0 1 23 120 513 1353 1674 412 0 0 5 39 258 1208 2110 476 2 26 164 837 1811 1152 104 0
0 0 10 41 266 1034 2205 540 0 0 5 24 153 874 2467 573 2 14 97 516 1823 1517 127 0
0 0 1 11 142 830 2430 682 0 0 0 10 105 885 2555 541 0 6 67 574 1967 1413 69 0
0 0 8 25 206 1027 2353 477 0 0 3 14 127 946 2585 421 2 17 127 747 2229 951 23 0
0 4 18 70 350 1156 2033 465 0 1 6 40 226 1159 2239 425 10 44 247 1008 1953 797 37 0
0 6 36 126 567 1656 1529 176 0 3 23 87 311 1421 1989 262 24 99 406 1318 1779 461 9 0
0 3 24 151 740 1629 1409 140 0 3 8 59 345 1463 1963 255 9 57 300 1242 1957 516 15 0
0 0 8 33 265 1418 2069 303 0 0 4 26 164 1242 2428 232 0 19 81 667 2038 1224 67 0
0 0 0 22 236 1194 2234 410 0 0 0 12 144 1167 2458 315 0 3 81 644 1959 1273 136 0
0 0 8 29 150 862 2406 641 0 0 6 38 165 1017 2502 368 5 25 99 556 1893 1437 81 0
0 3 9 31 142 590 2337 984 0 3 12 36 177 888 2547 433 9 27 121 416 1742 1658 119 4
0 0 0 2 85 540 2489 980 0 0 0 2 80 670 2786 558 0 1 40 307 1580 1950 218 0
0 0 2 12 96 681 2436 869 0 0 2 6 95 752 2652 589 1 6 44 306 1599 1957 183 0
0 0 3 17 139 817 2339 781 0 0 3 13 145 971 2502 462 2 12 86 491 1749 1632 124 0
0 0 3 21 145 764 2405 758 0 0 2 12 128 956 2553 445 0 11 57 480 1906 1535 107 0
0 1 7 17 196 1022 2232 621 0 1 5 20 149 914 2523 484 5 14 78 467 1732 1647 153 0
0 0 1 15 159 1014 2330 577 0 0 0 7 105 814 2618 552 0 2 43 342 1677 1870 162 0
0 0 0 7 51 530 2515 993 0 0 0 6 54 619 2876 541 0 4 20 245 1405 2200 221 1
0 0 0 9 120 814 2386 767 0 0 0 6 79 767 2684 560 0 1 39 341 1696 1865 154 0
0 0 3 12 121 838 2380 742 0 0 2 6 88 715 2762 523 0 5 54 355 1713 1829 140 0
0 0 0 6 80 846 2478 686 0 0 0 4 39 588 2872 593 0 2 18 245 1579 2089 163 0
0 0 0 3 60 672 2653 708 0 0 0 1 35 487 2997 576 0 0 13 208 1562 2164 149 0
0 0 0 7 72 809 2399 809 0 0 0 3 29 535 2877 652 0 0 21 225 1538 2081 231 0
0 0 0 2 58 620 2198 1218 0 0 0 1 35 477 2883 700 0 0 16 223 1377 2159 320 1
0 0 3 7 58 449 2266 1313 0 0 5 11 52 543 2830 655 2 5 31 258 1495 2084 218 3
0 0 0 4 67 651 2348 1026 0 0 0 6 60 589 2807 634 0 2 29 317 1595 1963 190 0
0 0 0 6 87 529 2434 1040 0 0 0 7 97 617 2714 661 0 3 46 260 1524 2072 191 0
0 0 1 12 98 636 2636 713 0 0 0 11 70 577 2750 688 0 4 33 281 1491 2122 165 0
0 0 0 4 35 633 2558 866 0 0 0 6 39 553 2817 681 0 2 13 245 1660 2012 164 0
0 0 2 10 96 864 2540 584 0 0 0 6 58 662 2819 551 1 4 37 390 2199 1386 79 0
0 1 1 11 91 672 2597 723 0 1 2 9 73 635 2801 575 2 8 44 381 1759 1811 91 0
0 0 0 11 192 1215 2376 302 0 0 0 8 117 922 2669 380 0 7 135 759 2077 1076 42 0
0 2 12 82 478 1840 1559 123 0 1 5 31 214 1246 2332 267 8 33 241 1116 2072 616 10 0
0 1 16 183 1031 1730 1083 52 0 0 1 22 271 1608 1991 203 3 24 265 1366 1955 479 4 0
1 10 100 828 1949 1030 174 4 0 4 11 85 741 2238 954 63 9 87 725 2037 1090 147 1 0
0 0 1 16 390 1172 2173 344 0 0 0 5 101 1357 2534 99 0 3 54 769 2045 1213 12 0
0 0 0 13 154 944 2411 574 0 0 0 7 78 843 2932 236 0 4 36 447 1875 1676 58 0
0 0 1 8 103 910 2463 611 0 0 2 4 55 737 3047 251 1 3 31 340 1840 1805 76 0
0 0 0 2 65 824 2629 576 0 0 0 1 19 597 3110 369 0 0 4 180 1784 2037 91 0
0 0 0 0 27 431 2674 964 0 0 0 0 11 369 3203 513 0 0 6 124 1253 2542 171 0
0 0 0 0 15 306 2647 1128 0 0 0 0 20 440 3068 568 0 0 8 117 1364 2459 148 0
0 0 0 2 43 454 2705 892 0 0 0 5 47 607 3077 360 0 1 28 240 1737 2003 87 0
0 0 0 6 101 879 2653 457 0 0 0 6 79 812 2873 326 0 5 31 408 1893 1663 96 0
0 2 29 117 338 906 2206 498 0 0 5 53 234 837 2483 484 3 41 184 524 1440 1773 131 0
0 0 0 5 72 452 2502 1065 0 0 0 4 73 612 2984 423 0 1 29 231 1558 2072 204 1
0 0 0 0 22 338 2713 1023 0 0 0 0 24 475 3171 426 0 0 12 130 1516 2340 98 0
0 0 0 2 39 585 2580 890 0 0 0 0 33 563 3092 408 0 0 20 240 1731 1986 119 0
0 0 0 1 47 569 2402 1077 0 0 0 1 24 461 3037 573 0 1 9 171 1379 2264 272 0
0 0 1 0 28 277 2550 1240 0 0 1 0 22 300 3123 650 1 0 9 101 1238 2498 249 0
0 0 0 1 10 182 2449 1454 0 0 0 1 19 283 3217 576 0 0 3 84 1150 2609 250 0
0 0 0 0 13 263 2600 1220 0 0 0 0 6 291 3097 702 0 0 1 85 1052 2639 318 1
0 0 0 0 16 258 2807 1015 0 0 0 0 18 268 3214 596 0 0 1 97 950 2801 247 0
0 0 0 0 9 319 2559 1209 0 0 0 0 8 209 3162 717 0 0 3 29 918 2835 311 0
0 0 0 0 7 260 2699 1130 0 0 0 0 3 208 2975 910 0 0 0 40 750 2766 540 0
0 0 0 4 47 660 2917 468 0 0 0 2 25 360 3061 648 0 0 12 100 1327 2482 175 0
0 0 0 10 84 746 2701 555 0 0 0 0 35 435 2925 701 0 0 19 182 1376 2331 188 0
0 0 0 4 95 990 2374 633 0 0 0 0 25 493 2859 719 0 0 7 183 1489 2206 211 0
0 0 0 5 69 816 2616 590 0 0 0 4 24 473 2974 621 0 3 17 206 1513 2183 174 0
0 0 0 2 46 598 2906 544 0 0 0 2 24 468 3055 547 0 1 10 268 1846 1864 107 0
0 0 1 7 132 900 2631 425 0 0 1 4 54 667 2884 486 0 8 65 476 1827 1677 43 0
1 1 14 53 362 1421 2088 156 0 1 2 24 160 1068 2579 262 3 26 155 902 2265 736 9 0
0 2 8 102 527 1556 1659 242 0 2 5 64 338 1537 1936 214 7 59 333 1265 1825 571 34 2
0 0 37 374 1153 1443 1042 47 0 0 4 85 671 1737 1539 60 4 97 767 1610 1404 213 1 0
0 0 0 4 177 1168 2582 165 0 0 0 0 37 838 3081 140 0 0 31 510 2120 1416 18 1
0 0 0 4 75 829 2853 335 0 0 0 1 21 538 3290 246 0 0 15 247 1885 1906 43 0
0 0 0 0 76 1060 2709 251 0 0 0 0 20 698 3189 189 0 0 9 348 2131 1571 37 0
0 0 0 2 75 890 2782 347 0 0 0 3 27 606 3209 251 0 1 13 291 1797 1927 67 0
0 0 1 3 62 673 2990 367 0 0 1 8 30 443 3371 243 1 2 24 237 2036 1771 25 0
0 0 0 0 53 666 3048 329 0 0 0 0 24 573 3321 178 0 0 9 235 2032 1795 25 0
0 0 0 3 63 807 2704 519 0 0 0 4 40 768 3065 219 0 3 27 387 2148 1486 45 0
0 0 0 0 26 488 2821 761 0 0 0 0 20 521 3256 299 0 0 11 238 1853 1901 93 0
0 0 0 0 24 476 2841 755 0 0 0 0 18 463 3301 314 0 0 13 237 1779 1966 101 0
0 0 0 0 23 475 2536 1062 0 0 0 0 17 546 3212 321 0 0 13 303 1663 2034 83 0
0 0 0 0 12 366 2582 1136 0 0 0 0 9 394 3300 393 0 0 6 196 1490 2265 139 0
0 0 0 5 58 490 2641 902 0 0 0 1 27 373 3195 500 0 3 47 286 1259 2319 182 0
0 0 0 1 29 327 2449 1290 0 0 0 1 8 269 3264 554 0 1 9 168 1303 2355 260 0
0 0 0 0 15 301 2553 1227 0 0 0 0 6 249 3262 579 0 0 3 142 1350 2356 245 0
0 0 0 15 92 507 2793 689 0 0 0 1 50 419 3171 455 0 4 50 217 1539 2082 204 0
0 0 0 0 22 325 2915 834 0 0 0 0 11 295 3240 550 0 0 5 122 1087 2666 216 0
0 0 0 3 63 787 2710 533 0 0 0 1 18 316 3232 529 0 1 12 147 1354 2450 132 0
0 0 0 3 22 438 2914 719 0 0 0 2 13 261 3215 605 0 1 11 147 1387 2377 173 0
0 0 0 0 9 440 3049 598 0 0 0 0 4 215 3282 595 0 0 2 94 1631 2247 122 0
0 0 0 3 51 350 2638 1054 0 0 0 0 22 259 2930 885 0 2 27 200 1230 2398 239 0
0 0 0 0 1 140 2802 1153 0 0 0 0 0 137 3089 870 0 0 2 43 1189 2654 208 0
0 0 0 0 24 483 2791 798 0 0 0 0 2 261 3171 662 0 0 14 256 1700 1953 173 0
0 0 0 0 28 373 2967 728 0 0 0 0 6 222 3303 565 0 0 12 143 1564 2259 118 0
0 0 0 1 18 377 3063 637 0 0 0 1 11 288 3332 464 0 1 7 149 1790 2097 52 0
0 0 0 2 40 480 3019 555 0 0 0 2 25 392 3303 374 0 2 30 263 1835 1903 63 0
0 0 0 4 34 557 2940 561 0 0 1 4 34 498 3287 272 0 4 29 330 1908 1768 57 0
0 0 0 0 29 700 2936 431 0 0 0 0 20 672 3172 232 0 0 12 404 2327 1335 18 0
0 0 0 24 206 1235 2460 171 0 0 0 17 196 1392 2437 54 1 22 223 1119 2143 582 6 0
