142 483 896 848 1517 69 141 0 536 978 298 1192 887 48 157 0 438 1048 344 1353 700 39 139 35
346 1161 854 610 756 93 158 118 471 1519 710 379 627 106 159 125 777 1478 467 403 598 92 159 122
59 982 784 305 77 53 75 1761 201 898 803 219 80 46 76 1773 361 1149 457 179 63 51 72 1764
53 507 405 222 117 83 96 2613 52 392 522 215 106 85 76 2648 163 510 336 180 108 79 75 2645
162 159 532 844 2172 227 0 0 154 755 406 1239 1537 5 0 0 253 644 474 1470 1255 0 0 0
12 530 905 458 1592 599 0 0 35 588 850 640 1850 133 0 0 43 584 784 801 1828 56 0 0
109 433 870 1339 563 676 106 0 122 611 941 1011 956 365 90 0 93 679 832 957 1230 197 108 0
56 477 789 1358 720 559 137 0 114 600 814 1052 1054 316 146 0 104 639 742 963 1281 199 168 0
13 741 1320 964 870 167 21 0 953 1497 703 578 365 0 0 0 1215 1383 625 579 294 0 0 0
78 237 369 770 1442 1039 128 33 145 556 582 921 1657 214 21 0 327 473 510 996 1618 154 18 0
199 391 253 505 1696 943 109 0 171 369 280 532 2025 623 96 0 146 379 308 559 2175 430 98 1
34 161 230 877 2034 652 108 0 19 145 237 1135 1949 544 67 0 17 147 268 1650 1594 360 60 0
