0 47 429 125 178 59 34 3224 0 351 183 182 101 34 24 3221 0 151 394 181 100 25 24 3221
0 43 539 147 134 133 35 3065 0 430 232 144 154 52 23 3061 0 158 527 158 139 31 21 3062
0 86 596 135 162 177 14 2926 0 423 327 153 198 59 11 2925 0 304 473 197 166 21 11 2924
0 197 673 125 128 175 29 2769 0 728 219 123 179 63 20 2764 0 552 420 141 166 34 18 2765
0 223 685 167 194 188 42 2597 0 754 250 189 221 73 17 2592 0 607 412 235 204 28 17 2593
0 110 1053 1209 689 323 170 542 1 429 840 1324 628 247 140 487 6 661 1615 744 349 154 145 422
0 214 1125 1173 547 218 153 666 0 684 697 1194 547 190 166 618 8 873 1513 600 221 160 161 560
0 227 997 1395 646 312 156 363 6 710 736 1404 595 216 130 299 23 751 1402 995 383 147 139 256
0 41 1108 1488 449 189 123 698 0 240 1040 1397 454 171 140 654 1 321 1680 927 250 150 138 629
0 48 469 1223 834 594 247 681 0 115 445 1271 982 467 165 651 2 203 1030 1090 739 280 141 611
20 591 879 1719 592 256 37 2 30 701 595 1186 1431 149 4 0 196 2626 766 398 106 4 0 0
0 292 741 1135 1259 448 199 22 2 469 663 915 1477 515 55 0 53 1735 1399 633 228 48 0 0
0 94 181 703 1863 727 366 162 1 190 164 992 1698 927 124 0 15 606 1578 1296 581 20 0 0
0 0 224 1138 1277 895 377 185 0 9 377 1054 1560 891 205 0 5 586 1680 1032 663 130 0 0
0 27 239 742 1209 715 709 455 0 16 357 688 1361 1124 453 97 16 589 1227 862 761 494 84 63
