1 593 782 787 494 76 45 1318 0 82 985 942 623 104 48 1312 148 1745 689 90 64 34 47 1279
8 1088 1168 641 199 43 41 908 0 211 1506 973 390 62 37 917 274 2172 573 82 35 26 50 884
36 900 1261 612 444 108 82 653 0 263 1317 1024 576 170 93 653 629 2148 426 84 57 69 74 609
280 1713 986 562 217 93 143 102 4 1210 1458 784 279 123 205 33 1764 1615 289 103 65 158 99 3
63 1300 1008 1113 525 85 2 0 1 609 1067 1199 682 340 194 4 357 1174 657 1316 415 141 36 0
154 1121 1466 1052 233 48 22 0 2 554 1209 1482 509 277 62 1 678 992 922 1017 357 103 27 0
78 663 750 906 810 634 254 1 6 286 807 1008 918 645 408 18 287 707 676 975 646 614 189 2
35 566 525 551 610 1179 625 5 34 482 513 500 504 947 1089 27 307 318 626 601 605 1247 392 0
0 0 1113 2734 249 0 0 0 0 0 0 1526 2570 0 0 0 11 1643 2022 414 6 0 0 0
0 7 783 2946 337 21 2 0 0 3 95 1716 2214 59 8 1 1 851 2446 671 114 8 5 0
0 9 467 2808 672 111 29 0 0 1 46 1456 2357 175 55 6 0 141 2295 1235 304 98 23 0
4 16 480 2581 431 322 259 3 2 10 114 1521 1800 271 366 12 5 437 2425 507 227 348 147 0
