0 0 26 1490 2297 278 5 0 0 0 0 11 1658 2219 208 0 0 0 0 0 40 2319 1700 37
29 83 72 1418 1440 837 217 0 1 79 50 85 907 2007 929 38 0 60 59 78 83 543 2595 678
88 220 299 2303 1033 141 10 2 29 180 260 288 1028 2180 128 3 10 199 255 301 197 160 2821 153
12 156 778 1496 1406 246 2 0 33 478 470 800 1450 795 70 0 126 476 483 673 787 1277 271 3
252 520 421 576 1340 800 125 62 255 576 471 647 1009 911 224 3 237 634 611 921 658 573 434 28
0 42 354 856 1518 1223 90 13 0 45 415 958 1963 626 86 3 0 117 664 1886 921 362 137 9
1 192 1470 1288 930 205 10 0 57 1027 802 997 794 392 26 1 632 675 881 820 644 405 36 3
131 2021 356 372 394 285 410 127 235 1827 549 358 552 525 48 2 188 1830 688 550 645 169 24 2
7 151 343 821 1885 747 112 30 4 145 257 903 2102 662 23 0 15 179 538 1572 1294 471 27 0
47 480 1271 1378 780 138 2 0 41 692 1171 1147 825 220 0 0 452 973 1056 934 573 108 0 0
258 1761 271 648 590 479 78 11 456 1620 244 668 583 511 14 0 426 1725 356 762 624 196 7 0
1 67 438 1771 1272 459 84 4 0 56 321 1661 1458 539 60 1 2 98 575 2128 1022 262 9 0
4 314 2143 756 443 405 31 0 6 235 2360 657 512 310 16 0 60 741 2338 384 460 113 0 0
148 923 1811 306 320 542 46 0 56 966 973 1172 274 616 39 0 70 980 1562 613 613 253 5 0
4 347 1195 1174 825 550 1 0 0 305 1009 1284 900 596 2 0 0 461 1157 1294 1031 153 0 0
