20 1725 1064 1078 177 20 11 1 0 1102 1485 1213 260 23 10 3 971 1359 796 876 67 18 8 1
2 540 265 1639 1630 16 4 0 0 402 357 1501 1816 17 3 0 209 494 242 2172 963 15 1 0
16 560 188 1223 1795 124 92 98 0 509 200 1181 1883 126 99 98 82 569 250 1393 1490 125 92 95
272 503 380 1922 853 148 18 0 5 684 361 1772 1084 169 21 0 209 677 430 2058 570 135 17 0
0 199 1478 1697 462 161 84 15 0 53 1095 2008 658 180 86 16 0 356 1734 1488 325 131 59 3
17 1116 1703 944 272 32 9 3 1 812 1748 1097 386 37 15 0 76 1311 1707 798 172 25 7 0
243 1843 982 769 224 35 0 0 1 1804 1105 837 288 61 0 0 791 1736 877 567 99 26 0 0
484 1279 732 972 514 92 21 2 9 1527 747 867 770 132 42 2 1141 1014 713 779 338 75 34 2
0 499 1178 1105 1200 105 9 0 0 303 975 1225 1194 383 16 0 212 805 1840 1111 122 6 0 0
4 929 887 794 1064 218 110 90 0 825 938 787 1060 482 4 0 98 1118 1233 1323 271 53 0 0
868 1272 739 664 296 114 70 73 116 2076 696 664 358 94 54 38 1335 1123 749 622 169 58 26 14
1510 1018 516 788 256 8 0 0 223 2185 475 612 575 25 1 0 2084 495 573 799 141 4 0 0
