1805 1579 503 177 30 1 1 0 486 2227 908 348 112 13 2 0 2198 1288 448 134 25 1 2 0
522 1708 1347 443 64 11 1 0 139 983 1475 1178 274 37 10 0 1479 1691 715 173 31 7 0 0
156 1361 1382 648 289 149 79 32 59 619 1621 1015 447 196 90 49 873 1583 801 401 228 116 65 29
483 1439 1140 440 217 133 127 117 232 1104 1417 655 262 157 132 137 1097 1339 833 313 169 107 124 114
645 1814 799 328 165 116 102 127 68 1597 1341 457 228 141 118 146 1353 1420 551 270 150 108 101 143
1650 1918 399 99 19 10 1 0 719 2375 770 165 49 16 2 0 2716 1040 237 73 27 3 0 0
348 1408 1232 700 397 11 0 0 179 754 1353 951 461 395 3 0 1345 1238 636 380 370 127 0 0
430 1360 832 349 957 137 22 9 178 1008 1125 516 199 919 142 9 1214 1054 407 296 339 709 70 7
1470 1101 719 361 311 125 5 4 542 1653 795 485 247 275 93 6 1933 797 534 351 201 229 47 4
1597 1403 617 116 94 81 80 108 770 1990 808 130 104 76 84 134 2181 959 494 85 107 64 74 132
619 1134 680 453 656 552 2 0 130 1146 908 821 964 127 0 0 425 1318 922 1047 383 1 0 0
559 867 648 649 613 617 123 20 390 678 634 922 925 486 50 11 586 861 987 834 563 228 36 1
219 596 811 818 739 564 312 37 175 222 659 1215 922 714 160 29 291 662 1193 531 817 503 94 5
184 785 981 779 704 436 201 26 149 513 653 1264 816 571 104 26 338 981 932 631 675 468 54 17
286 597 1252 651 751 467 80 12 253 522 1044 1002 680 511 63 21 413 1013 1004 527 687 384 53 15
