2391 996 623 84 2 0 0 0 216 444 679 474 270 1999 14 0 1045 449 220 133 131 242 647 1229
506 1446 1915 224 5 0 0 0 0 9 113 237 903 2766 68 0 19 40 96 177 327 1006 1767 664
450 1544 1860 217 25 0 0 0 5 53 81 115 351 2973 518 0 0 27 59 82 117 350 1703 1758
528 1853 1702 13 0 0 0 0 0 0 0 4 40 3186 866 0 0 0 0 3 4 16 794 3279
445 2131 1503 17 0 0 0 0 0 7 36 31 25 3442 555 0 9 26 26 12 16 11 496 3500
272 1765 2054 5 0 0 0 0 0 0 0 0 20 3579 497 0 0 0 0 0 1 5 408 3682
2136 965 381 230 218 112 50 4 886 847 1129 575 251 253 152 3 2117 996 352 243 151 178 53 6
983 852 696 482 756 193 131 3 84 594 887 620 547 708 653 3 898 743 628 404 328 718 315 62
423 505 1053 819 905 295 94 2 61 240 455 473 501 851 1507 8 321 417 501 404 338 638 841 636
354 675 1167 592 787 423 97 1 67 206 527 665 349 496 1783 3 414 630 500 326 269 585 406 966
447 560 929 720 899 366 150 25 77 435 523 411 291 530 1774 55 589 439 419 347 241 412 777 872
299 538 1241 538 873 479 121 7 171 345 364 462 392 771 1529 62 643 377 403 275 230 470 994 704
257 1511 857 457 476 406 124 8 0 144 1387 1047 583 560 299 76 293 1335 1033 580 472 263 103 17
163 974 1444 260 450 593 193 19 63 106 1466 962 417 698 279 105 127 1483 1179 495 459 226 112 15
153 1040 1314 255 369 681 213 71 26 224 1400 939 393 707 257 150 204 1410 1066 571 480 211 117 37
357 1160 1036 169 276 674 365 59 17 272 1560 757 292 612 404 182 142 1443 1025 549 442 295 168 32
325 949 1321 410 292 398 327 74 75 578 981 1206 400 371 293 192 610 936 1339 425 338 221 188 39
1391 524 828 291 340 447 254 21 1017 545 530 821 375 296 411 101 1499 549 709 542 298 317 180 2
