1026 1237 1150 617 65 1 0 0 968 1230 1155 658 84 1 0 0 1276 1255 1020 492 52 1 0 0
311 1351 1480 809 141 4 0 0 284 1250 1490 898 167 7 0 0 672 1352 1190 758 119 5 0 0
23 607 1025 1182 997 138 121 3 13 491 1058 1310 938 141 103 42 31 603 1062 1435 682 135 72 76
340 615 1009 1039 843 180 68 2 312 527 985 1198 814 153 93 14 336 523 1001 1282 713 128 77 36
661 1254 1202 673 181 76 46 3 593 1156 1229 767 203 63 69 16 665 1264 1137 679 193 61 77 20
42 423 1292 1530 681 119 9 0 31 365 1221 1598 765 108 8 0 41 426 1283 1590 656 93 7 0
159 713 1273 1234 571 132 14 0 118 647 1225 1329 650 116 11 0 151 748 1299 1312 542 43 1 0
14 440 1182 1180 939 325 16 0 10 280 1202 1270 1000 326 8 0 16 386 1262 1378 942 112 0 0
86 725 1072 995 754 228 118 118 696 657 865 990 705 156 26 1 629 743 907 1059 638 102 18 0
149 470 763 898 1383 428 5 0 125 425 778 976 1454 332 6 0 152 459 894 1606 949 36 0 0
0 7 94 564 1265 851 965 350 0 5 92 602 1324 770 918 385 0 22 176 915 1254 438 893 398
277 100 143 321 1091 1069 681 414 260 115 132 321 1180 997 636 455 267 107 138 641 1443 429 627 444
387 324 795 799 764 621 264 142 364 289 779 834 792 626 265 147 376 312 805 960 930 323 260 130
219 1370 787 658 501 365 150 46 371 1252 706 670 531 354 163 49 351 1252 808 683 507 259 167 69
396 308 294 497 1152 1222 183 44 404 350 338 553 1297 958 148 48 499 411 447 1046 1269 244 130 50
