0 0 0 0 24 4072 0 0 0 0 0 0 0 3056 1040 0 0 0 0 0 0 0 8 4088
0 0 0 0 88 4008 0 0 0 0 0 0 0 3288 808 0 0 0 0 0 0 0 0 4096
0 0 0 0 48 4048 0 0 0 0 0 0 0 3510 586 0 0 0 0 0 0 0 14 4082
0 0 0 0 144 3952 0 0 0 0 0 0 0 3688 408 0 0 0 0 0 0 0 0 4096
12 134 85 425 356 3075 5 4 22 139 304 231 71 2865 460 4 75 109 301 119 114 44 155 3179
105 497 533 1759 328 846 19 9 190 492 630 1672 165 542 389 16 449 372 513 1552 213 91 214 692
82 231 1099 2680 4 0 0 0 112 352 910 2719 3 0 0 0 190 319 996 2588 3 0 0 0
6 51 1830 2196 8 4 1 0 16 388 1525 2157 7 2 1 0 62 444 1579 2003 5 2 1 0
0 28 2399 1624 36 7 2 0 0 385 2304 1361 37 7 2 0 73 455 2453 1090 22 2 1 0
1 95 2873 1096 26 4 1 0 5 650 2365 1057 15 3 1 0 55 755 2646 628 8 3 1 0
0 53 2939 1039 47 11 5 2 4 623 2562 867 28 6 6 0 65 811 2658 534 18 6 4 0
0 31 3083 915 54 7 5 1 4 690 2655 700 40 4 3 0 149 961 2565 395 20 3 3 0
0 35 3324 676 46 12 3 0 2 1129 2435 485 35 8 2 0 451 1176 2299 137 27 5 1 0
0 45 3366 581 78 22 4 0 0 1191 2500 332 57 15 1 0 338 1583 1989 152 24 10 0 0
0 161 3256 602 64 11 2 0 4 1263 2459 326 38 5 1 0 316 1669 1994 90 22 4 1 0
0 58 3505 520 13 0 0 0 0 1292 2526 276 2 0 0 0 459 1733 1874 30 0 0 0 0
0 31 3523 542 0 0 0 0 1 1204 2730 161 0 0 0 0 374 1962 1754 6 0 0 0 0
0 16 3568 512 0 0 0 0 0 1351 2602 143 0 0 0 0 295 2027 1771 3 0 0 0 0
0 43 3606 447 0 0 0 0 0 1313 2664 119 0 0 0 0 339 1526 2229 2 0 0 0 0
0 42 3495 539 14 6 0 0 0 1146 2753 184 10 3 0 0 303 1581 2087 113 10 2 0 0
0 32 3631 389 25 15 4 0 0 1092 2793 177 25 8 1 0 456 1419 2107 83 26 3 2 0
0 35 2673 1331 49 8 0 0 0 501 3231 327 37 0 0 0 201 637 3099 135 24 0 0 0
0 82 1424 2590 0 0 0 0 2 335 3699 60 0 0 0 0 47 484 3540 25 0 0 0 0
0 159 3861 76 0 0 0 0 2 1569 2518 7 0 0 0 0 413 2005 1678 0 0 0 0 0
0 233 3773 90 0 0 0 0 0 1752 2329 15 0 0 0 0 573 1941 1582 0 0 0 0 0
0 42 3888 166 0 0 0 0 3 1664 2372 57 0 0 0 0 621 1774 1639 62 0 0 0 0
0 191 3789 116 0 0 0 0 0 1680 2412 4 0 0 0 0 739 1699 1658 0 0 0 0 0
0 295 3609 180 12 0 0 0 0 1731 2289 72 4 0 0 0 516 1941 1553 70 16 0 0 0
0 171 3745 180 0 0 0 0 0 1442 2637 17 0 0 0 0 393 1971 1732 0 0 0 0 0
0 1007 2865 224 0 0 0 0 137 1538 2373 48 0 0 0 0 687 1882 1525 2 0 0 0 0
0 545 3390 161 0 0 0 0 5 1815 2211 65 0 0 0 0 671 1905 1520 0 0 0 0 0
0 677 3240 179 0 0 0 0 0 1838 2232 26 0 0 0 0 813 1844 1439 0 0 0 0 0
0 1097 2818 179 2 0 0 0 68 1840 2144 44 0 0 0 0 792 1988 1275 41 0 0 0 0
0 1150 2808 117 21 0 0 0 17 1863 2178 23 15 0 0 0 700 1943 1412 26 15 0 0 0
2 1387 2661 46 0 0 0 0 18 2313 1757 8 0 0 0 0 323 2656 1110 7 0 0 0 0
29 1594 2408 64 1 0 0 0 163 2430 1466 36 1 0 0 0 386 2717 954 37 2 0 0 0
0 1948 2148 0 0 0 0 0 4 2960 1132 0 0 0 0 0 398 3042 656 0 0 0 0 0
0 2634 1451 11 0 0 0 0 9 3254 832 1 0 0 0 0 453 3083 553 7 0 0 0 0
0 0 221 909 164 2802 0 0 0 0 151 438 654 185 2668 0 0 0 0 225 957 95 212 2607
0 0 230 1040 159 2667 0 0 0 0 153 607 617 146 2573 0 0 0 0 302 933 157 212 2492
0 0 241 1050 192 2608 5 0 0 0 123 642 650 195 2486 0 0 0 0 222 1073 111 273 2417
0 0 129 1125 234 2606 2 0 0 0 207 475 717 235 2462 0 0 0 0 177 1091 132 329 2367
0 0 34 1108 336 2616 2 0 0 0 149 488 793 266 2400 0 0 0 0 201 1044 166 262 2423
0 0 156 1097 786 1933 52 72 0 0 173 455 1032 1201 1120 115 0 0 0 386 1004 706 806 1194
0 111 1604 1609 630 47 28 67 2 571 1242 1323 800 55 32 71 73 506 810 1275 1181 154 13 84
0 29 1531 1725 728 81 2 0 0 718 893 1498 901 85 1 0 25 709 688 1186 1093 365 30 0
0 42 1028 2575 401 49 1 0 3 454 615 2485 486 53 0 0 19 507 348 2107 1019 94 2 0
0 84 1559 2020 261 48 26 98 0 382 1346 1919 287 48 21 93 19 408 942 1837 691 56 58 85
0 12 1886 1953 233 12 0 0 0 255 1618 1864 345 14 0 0 11 314 1143 1831 773 24 0 0
0 10 2304 1599 179 4 0 0 0 117 2133 1484 361 1 0 0 0 229 1411 1692 764 0 0 0
0 41 2222 1603 217 13 0 0 0 318 1977 1436 358 7 0 0 35 375 1803 1106 772 5 0 0
0 10 2122 1608 350 6 0 0 0 508 1703 1371 513 1 0 0 23 531 1367 1224 947 4 0 0
0 26 2318 1561 181 9 1 0 0 420 1915 1461 291 8 1 0 29 397 1656 1342 664 7 1 0
2 23 2246 1545 275 5 0 0 3 312 2114 1250 415 2 0 0 3 280 1864 1214 719 16 0 0
0 3 2431 1651 11 0 0 0 0 219 2268 1464 145 0 0 0 4 244 1940 1374 534 0 0 0
0 8 2930 1077 81 0 0 0 0 264 2727 917 188 0 0 0 11 221 2475 933 453 3 0 0
0 10 2960 1029 97 0 0 0 0 70 2902 932 192 0 0 0 0 92 2691 814 490 9 0 0
0 41 2792 1157 106 0 0 0 0 51 2779 1086 180 0 0 0 0 42 2452 1233 369 0 0 0
0 6 2492 1095 503 0 0 0 0 0 2523 987 586 0 0 0 0 0 2104 963 776 253 0 0
0 6 2575 1338 177 0 0 0 0 32 3166 762 136 0 0 0 2 104 3136 670 155 29 0 0
0 82 1407 2607 0 0 0 0 0 106 3588 401 1 0 0 0 0 241 3622 233 0 0 0 0
0 114 2771 954 251 6 0 0 0 139 2742 758 447 10 0 0 0 202 2504 493 834 61 2 0
0 132 2815 896 253 0 0 0 0 131 2754 851 360 0 0 0 0 179 2496 734 657 30 0 0
0 7 3028 775 286 0 0 0 0 5 2952 778 361 0 0 0 0 17 2484 978 599 18 0 0
0 66 3126 715 189 0 0 0 0 57 3093 720 226 0 0 0 0 123 2587 839 527 20 0 0
0 42 2949 954 151 0 0 0 0 91 2833 978 194 0 0 0 0 87 2417 1124 468 0 0 0
0 11 3168 698 219 0 0 0 0 8 3134 644 310 0 0 0 0 3 2819 726 548 0 0 0
0 69 3001 857 169 0 0 0 0 130 2938 681 347 0 0 0 0 131 2610 854 501 0 0 0
0 250 2951 682 213 0 0 0 0 266 2919 545 366 0 0 0 0 266 2560 628 642 0 0 0
0 0 3226 692 178 0 0 0 0 16 3210 552 318 0 0 0 0 69 2847 606 569 5 0 0
0 135 2879 778 304 0 0 0 0 234 2787 796 279 0 0 0 0 259 2490 830 514 3 0 0
0 49 1834 880 1226 87 20 0 0 102 1762 725 1363 104 40 0 0 36 1353 830 1023 775 79 0
0 65 3508 520 3 0 0 0 0 81 3442 553 20 0 0 0 0 149 3022 813 112 0 0 0
0 269 2927 851 49 0 0 0 0 238 2935 870 53 0 0 0 0 272 2556 987 279 2 0 0
0 424 2889 781 2 0 0 0 0 437 2806 838 15 0 0 0 0 640 2291 915 250 0 0 0
1 1174 2310 583 28 0 0 0 1 1032 2333 601 129 0 0 0 0 1082 2018 671 324 1 0 0
0 56 948 1134 370 1478 110 0 0 8 870 1015 476 440 1270 17 0 2 303 870 819 323 495 1284
0 0 547 952 336 2185 76 0 0 0 396 902 396 413 1983 6 0 0 25 547 847 192 453 2032
0 25 618 892 323 2130 108 0 0 1 462 890 372 398 1959 14 0 0 31 612 766 261 371 2055
0 4 434 968 278 2366 46 0 0 0 368 869 340 235 2281 3 0 0 27 607 720 175 329 2238
0 11 544 973 386 2080 102 0 0 2 412 863 470 357 1982 10 0 0 36 645 730 254 513 1918
0 38 690 868 753 1593 77 77 0 6 546 877 490 988 1090 99 0 1 124 805 731 592 765 1078
0 35 914 1566 1267 179 55 80 0 18 895 1467 1272 267 94 83 0 3 467 1272 915 1230 114 95
0 20 932 1852 1021 190 64 17 0 3 806 1510 1436 219 99 23 0 7 655 955 1697 605 151 26
0 0 104 2900 918 174 0 0 0 0 24 2521 1294 253 4 0 0 0 8 1540 1828 653 67 0
0 0 784 2373 390 241 83 225 0 0 629 2494 393 259 85 236 0 0 821 2132 401 288 216 238
0 1 1455 2037 322 247 21 13 0 0 1194 2243 296 316 28 19 0 9 1179 2019 422 387 69 11
0 0 1705 2180 171 40 0 0 0 0 997 2846 202 51 0 0 0 0 826 2976 230 64 0 0
0 2 3036 586 247 61 35 129 0 2 2905 691 257 67 45 129 0 33 2025 1479 237 143 28 151
0 0 1999 1537 293 161 23 83 0 0 2043 1476 312 159 29 77 0 0 1557 1927 269 173 87 83
0 0 1945 1987 148 16 0 0 0 0 1703 2215 152 26 0 0 0 0 901 2975 184 36 0 0
0 0 2542 1056 306 165 9 18 0 0 2480 1110 264 215 8 19 0 0 1908 1635 250 260 23 20
0 0 2707 1067 314 8 0 0 0 0 2563 1160 349 24 0 0 0 7 1788 1847 400 54 0 0
0 0 3340 752 4 0 0 0 0 0 3373 719 4 0 0 0 0 0 2618 1470 8 0 0 0
0 7 3240 837 12 0 0 0 0 5 3215 854 22 0 0 0 0 37 2943 1083 33 0 0 0
0 0 2951 971 174 0 0 0 0 0 3012 922 162 0 0 0 0 11 2514 1313 255 3 0 0
0 0 2042 1145 873 36 0 0 0 0 2067 1068 798 163 0 0 0 0 1289 1629 443 729 6 0
0 4 2523 922 493 122 12 20 0 75 2648 537 632 165 27 12 0 347 2310 419 466 473 81 0
0 89 1962 1726 283 36 0 0 0 358 2997 397 270 72 2 0 0 537 2799 369 225 127 39 0
0 9 3109 451 527 0 0 0 0 0 3116 234 745 1 0 0 0 0 2939 257 455 445 0 0
0 117 2313 1145 521 0 0 0 0 85 2241 1035 735 0 0 0 0 20 2037 806 976 257 0 0
0 1 3035 850 210 0 0 0 0 0 2996 795 305 0 0 0 0 0 2833 780 477 6 0 0
0 20 3195 759 122 0 0 0 0 19 3177 718 182 0 0 0 0 70 2610 977 433 6 0 0
0 27 2850 1026 193 0 0 0 0 32 2799 1020 245 0 0 0 0 8 2393 1178 516 1 0 0
0 4 3129 807 156 0 0 0 0 5 3090 771 230 0 0 0 0 0 2496 1123 477 0 0 0
0 55 2880 999 162 0 0 0 0 60 2904 953 179 0 0 0 0 108 2342 1268 378 0 0 0
0 196 3010 736 154 0 0 0 0 170 3029 642 255 0 0 0 0 248 2491 1005 346 6 0 0
0 20 3140 871 65 0 0 0 0 9 3076 871 140 0 0 0 0 25 2651 938 479 3 0 0
0 88 3276 616 113 3 0 0 0 132 3179 558 223 4 0 0 0 146 2810 741 368 31 0 0
0 24 1441 1028 1460 143 0 0 0 51 1337 609 1849 227 23 0 0 28 949 785 1206 1063 65 0
0 2 4041 53 0 0 0 0 0 4 4023 64 5 0 0 0 0 38 3885 169 4 0 0 0
0 179 3546 199 172 0 0 0 0 212 3532 183 169 0 0 0 0 236 3360 380 120 0 0 0
0 209 3469 365 53 0 0 0 0 229 3442 381 44 0 0 0 0 373 3250 428 45 0 0 0
0 293 3800 3 0 0 0 0 0 394 3697 5 0 0 0 0 0 477 3604 15 0 0 0 0
0 8 690 482 721 1746 444 5 0 1 601 393 541 892 1621 47 0 0 294 411 252 470 875 1794
0 44 1018 533 657 1407 430 7 0 0 928 472 538 756 1349 53 0 1 534 523 303 498 778 1459
0 27 959 473 456 1745 415 21 0 3 818 473 444 478 1815 65 0 1 443 541 317 381 517 1896
0 14 416 388 415 2504 354 5 0 0 248 395 399 418 2581 55 0 0 126 278 215 357 549 2571
0 2 69 242 333 3150 300 0 0 0 19 134 318 321 3268 36 0 0 0 7 97 278 377 3337
0 3 93 656 1027 1947 223 147 0 1 30 414 867 1077 1525 182 0 0 1 105 674 897 746 1673
0 1 677 1272 2060 86 0 0 0 1 505 1103 1985 502 0 0 0 0 181 844 1373 1633 65 0
0 3 830 1644 1497 122 0 0 0 2 712 1233 1890 255 4 0 0 0 374 961 1731 965 65 0
0 0 63 2415 1410 206 2 0 0 0 41 2012 1604 405 34 0 0 0 10 741 2081 1159 105 0
0 0 432 2649 482 274 117 142 0 0 340 2663 522 266 144 161 0 0 407 1966 878 418 243 184
0 0 692 2564 324 339 67 110 0 0 437 2719 375 323 103 139 0 3 484 2023 835 314 289 148
0 0 744 3047 211 94 0 0 0 0 306 3463 226 101 0 0 0 0 170 3481 337 100 8 0
0 0 1855 1634 252 130 71 154 0 0 1222 2238 233 172 59 172 0 37 886 2416 256 226 99 176
0 1 722 2678 317 237 69 72 0 0 549 2822 268 290 73 94 0 0 459 2428 670 302 162 75
0 0 241 3397 379 79 0 0 0 0 81 3413 507 95 0 0 0 0 29 2545 1376 144 2 0
0 2 593 2725 264 171 75 266 0 0 411 2736 426 148 108 267 0 3 431 2188 879 196 133 266
0 1 939 2448 443 174 13 78 0 0 719 2600 432 240 24 81 0 0 639 2183 835 336 26 77
0 0 1814 2147 135 0 0 0 0 0 841 3087 167 1 0 0 0 0 554 3151 380 11 0 0
0 0 2427 1357 268 9 12 23 0 0 2047 1648 346 20 10 25 0 1 1326 2280 436 17 8 28
0 0 1591 2002 417 86 0 0 0 0 1209 2359 415 113 0 0 0 0 712 2767 454 158 5 0
0 0 491 2795 703 107 0 0 0 0 267 2872 632 321 4 0 0 0 106 2685 680 567 58 0
0 0 1317 1855 407 253 90 174 0 24 2385 511 636 263 149 128 0 163 2315 299 606 422 280 11
0 41 902 2523 401 210 19 0 0 109 2930 432 220 348 57 0 0 206 2961 309 170 266 184 0
0 26 1882 853 1182 143 10 0 0 1 1689 1008 1125 248 25 0 0 5 864 1732 215 1152 128 0
0 119 2210 1292 475 0 0 0 0 50 2152 1015 860 19 0 0 0 18 1445 1234 1200 188 11 0
0 0 3007 952 137 0 0 0 0 0 2736 1193 167 0 0 0 0 0 1454 2393 247 2 0 0
0 5 2439 1650 2 0 0 0 0 7 2378 1706 5 0 0 0 0 12 1116 2906 62 0 0 0
0 8 1874 1987 224 3 0 0 0 6 1587 2255 237 11 0 0 0 2 978 2779 315 22 0 0
0 0 2547 1549 0 0 0 0 0 0 2237 1859 0 0 0 0 0 0 849 3247 0 0 0 0
0 36 2457 1558 45 0 0 0 0 32 2327 1660 77 0 0 0 0 7 1461 2466 162 0 0 0
0 115 3197 773 11 0 0 0 0 112 2986 978 20 0 0 0 0 150 1968 1926 52 0 0 0
0 5 3094 841 153 3 0 0 0 1 2901 854 335 5 0 0 0 0 2050 1363 652 31 0 0
1 21 1810 1366 822 76 0 0 0 9 1674 1075 1122 210 6 0 0 4 864 1472 869 823 64 0
0 12 1383 1423 1050 200 24 4 0 10 1099 1344 1345 225 69 4 0 0 406 1468 1253 868 96 5
0 0 3763 333 0 0 0 0 0 0 3545 551 0 0 0 0 0 0 2402 1694 0 0 0 0
0 125 3427 284 235 25 0 0 0 118 3350 365 214 49 0 0 0 66 2657 1087 256 30 0 0
0 161 3417 258 260 0 0 0 0 154 3424 250 266 2 0 0 0 74 3152 666 204 0 0 0
0 183 3913 0 0 0 0 0 0 139 3952 5 0 0 0 0 0 110 3826 160 0 0 0 0
0 7 99 383 760 1686 1157 4 0 0 33 248 589 858 2218 150 0 0 0 22 209 507 905 2453
0 2 84 372 791 1653 1190 4 0 1 31 229 574 933 2199 129 0 0 2 15 180 543 1089 2267
0 3 94 366 806 1546 1267 14 0 1 42 213 596 971 2127 146 0 0 1 21 184 550 1015 2325
0 4 438 486 769 1434 944 21 0 1 314 447 547 960 1720 107 0 0 149 385 226 531 963 1842
0 18 762 516 583 1273 932 12 0 2 533 587 483 739 1629 123 0 0 335 518 306 446 811 1680
0 18 797 943 852 1047 370 69 0 4 662 758 855 904 769 144 0 0 517 379 990 728 656 826
0 1 728 1078 2038 248 3 0 0 0 403 974 2121 569 29 0 0 0 100 836 1498 1367 289 6
0 0 477 1251 2217 148 3 0 0 0 389 1027 2381 284 15 0 0 0 63 920 1389 1619 105 0
0 0 44 875 2859 306 12 0 0 0 13 463 2903 661 56 0 0 0 2 123 1395 2431 143 2
0 0 235 2118 1104 396 104 139 0 0 87 1630 1556 557 104 162 0 0 21 895 1768 873 367 172
0 0 182 2552 768 292 109 193 0 0 61 1979 1397 348 131 180 0 0 65 925 2118 497 268 223
0 0 74 2910 1002 108 2 0 0 0 26 2438 1499 122 11 0 0 0 1 1044 2515 471 65 0
0 0 414 2004 1281 134 39 224 0 0 322 1736 1591 173 45 229 0 0 204 832 1904 837 93 226
0 5 239 1798 1627 375 51 1 0 1 121 1416 2050 427 78 3 0 0 67 727 1991 1131 174 6
0 1 27 1234 2760 74 0 0 0 0 17 591 3283 205 0 0 0 0 3 84 2242 1760 7 0
0 1 140 1512 1886 225 117 215 0 0 113 1051 2326 251 134 221 0 3 12 702 1806 1112 231 230
0 2 320 1523 1717 327 94 113 0 2 267 1017 2159 432 61 158 0 2 135 606 1766 1346 89 152
0 0 42 2535 1519 0 0 0 0 0 19 1768 2301 8 0 0 0 0 0 552 2813 731 0 0
0 0 504 2399 903 130 44 116 0 0 318 1974 1480 165 43 116 0 0 289 924 2320 404 43 116
0 0 355 2316 1112 188 31 94 0 0 243 1993 1462 256 43 99 0 0 126 1087 2090 611 79 103
0 0 27 1964 1942 163 0 0 0 0 12 1632 1999 451 2 0 0 0 3 323 2631 1062 77 0
0 6 907 1871 902 213 99 98 0 9 1807 751 1057 311 94 67 0 110 1735 470 855 774 133 19
0 58 682 2356 721 273 6 0 0 70 2316 666 620 379 45 0 6 117 2285 591 369 564 164 0
0 57 263 2247 1299 210 20 0 0 24 197 2036 1451 332 56 0 0 12 104 1120 1535 1147 177 1
0 78 647 2723 647 1 0 0 0 37 570 2209 1263 17 0 0 0 37 321 1273 2156 301 8 0
2 19 420 3200 396 58 1 0 0 18 156 3109 748 62 3 0 0 4 48 2002 1894 132 16 0
0 4 441 3228 423 0 0 0 0 0 383 2666 1047 0 0 0 0 0 228 1553 2274 41 0 0
0 15 516 2810 696 57 2 0 0 3 436 2370 1204 76 7 0 0 3 301 1148 2475 158 11 0
0 15 144 3595 342 0 0 0 0 12 85 3027 972 0 0 0 0 0 27 1533 2499 37 0 0
0 35 515 2844 683 19 0 0 0 11 414 2201 1438 32 0 0 0 6 222 1390 2311 167 0 0
0 109 729 2894 355 9 0 0 0 70 574 2633 805 14 0 0 0 27 320 1657 2034 58 0 0
0 1 973 2878 244 0 0 0 0 0 478 2916 702 0 0 0 0 0 41 1943 2084 28 0 0
5 68 642 2265 855 241 20 0 1 34 525 2002 1105 385 44 0 0 22 121 1243 1866 677 162 5
1 68 503 1738 1367 299 108 12 1 37 424 1520 1629 305 158 22 1 12 116 976 1475 1266 237 13
0 0 793 3303 0 0 0 0 0 0 370 3700 26 0 0 0 0 0 15 2944 1137 0 0 0
0 81 1305 2347 249 101 13 0 0 59 806 2764 331 118 18 0 0 32 320 2512 1079 128 25 0
0 89 1744 1880 309 74 0 0 0 74 1397 2184 322 117 2 0 0 5 371 2184 1377 156 3 0
0 104 2635 1357 0 0 0 0 0 72 2152 1871 1 0 0 0 0 58 869 2375 794 0 0 0
0 4 92 407 631 1147 1782 33 0 0 28 239 583 728 2199 319 0 0 0 28 235 529 772 2532
0 5 67 345 768 1183 1702 26 0 0 33 206 522 888 2122 325 0 0 0 15 175 542 958 2406
0 3 61 385 720 1198 1696 33 0 0 20 207 589 920 2056 304 0 0 0 16 176 568 955 2381
0 2 78 312 686 1367 1635 16 0 0 34 189 475 1001 2121 276 0 0 0 17 189 467 1022 2401
0 2 64 302 710 1438 1563 17 0 0 22 182 471 1063 2124 234 0 0 0 18 181 483 1102 2312
0 32 282 836 970 970 818 188 0 28 265 668 907 825 1086 317 0 20 103 530 711 743 778 1211
4 50 1172 1811 928 129 2 0 0 38 931 1895 1057 160 15 0 0 7 204 2077 1185 490 123 10
5 60 503 2143 1320 65 0 0 2 51 300 1933 1610 198 2 0 0 5 74 1113 1906 947 51 0
0 0 63 672 3277 83 1 0 0 0 31 435 3383 244 3 0 0 0 0 99 1179 2792 26 0
0 0 104 1474 2005 263 83 167 0 0 34 857 2481 464 94 166 0 0 5 678 1570 1434 232 177
0 0 53 1319 2104 283 78 259 0 0 33 877 2378 495 38 275 0 0 8 647 1464 1484 255 238
0 0 38 677 3332 49 0 0 0 0 25 353 3616 102 0 0 0 0 2 59 1477 2543 15 0
0 0 230 1114 2363 116 62 211 0 0 177 811 2670 155 52 231 0 0 42 657 995 2089 81 232
0 0 107 1048 2629 305 7 0 0 0 39 709 2843 478 27 0 0 0 8 485 1040 2472 91 0
0 1 41 453 3548 53 0 0 0 0 17 257 3581 241 0 0 0 0 1 63 865 3166 1 0
0 1 46 1074 2440 285 117 133 0 0 35 789 2634 380 88 170 0 0 12 597 999 2134 202 152
0 2 111 943 2430 307 71 232 0 2 55 756 2460 517 71 235 0 2 13 600 768 2322 150 241
0 0 43 657 3394 2 0 0 0 0 24 333 3658 81 0 0 0 0 1 60 1137 2898 0 0
0 3 199 1321 2153 137 75 208 0 0 83 1006 2489 233 75 210 0 0 99 598 1650 1460 75 214
0 2 56 1318 2391 224 99 6 0 1 35 869 2661 415 97 18 0 0 8 465 1485 1971 122 45
0 0 31 813 2862 349 41 0 0 0 17 368 3076 550 85 0 0 0 1 59 1715 2146 173 2
0 0 919 1762 701 358 187 169 0 0 2198 492 651 401 241 113 0 40 2329 254 356 715 377 25
0 59 981 2419 416 217 4 0 0 102 2732 630 274 349 9 0 3 244 2666 601 78 437 67 0
0 40 226 1419 2231 162 18 0 0 10 145 637 2903 376 25 0 0 0 81 301 2431 1193 84 6
0 76 433 2071 1515 1 0 0 0 14 353 1286 2423 20 0 0 0 4 235 538 2697 622 0 0
0 1 82 2203 1801 9 0 0 0 0 43 1070 2951 32 0 0 0 0 11 218 3531 336 0 0
0 5 316 1663 2112 0 0 0 0 0 270 1049 2777 0 0 0 0 0 134 353 2696 913 0 0
0 7 354 1434 2264 36 1 0 0 0 267 939 2813 76 1 0 0 0 173 445 2337 1125 16 0
0 1 43 1791 2261 0 0 0 0 0 18 962 3116 0 0 0 0 0 1 106 3104 885 0 0
0 24 298 1487 2286 1 0 0 0 2 255 942 2881 16 0 0 0 0 136 339 2777 844 0 0
0 74 332 2259 1426 5 0 0 0 25 240 1398 2423 10 0 0 0 0 159 465 2916 556 0 0
0 4 90 2785 1217 0 0 0 0 2 45 1283 2766 0 0 0 0 0 5 186 3669 236 0 0
0 0 57 1676 1761 524 78 0 0 0 21 938 2310 683 144 0 0 0 0 145 2398 1218 334 1
0 15 226 1740 1529 361 225 0 0 38 164 1088 2148 318 327 13 0 0 59 393 2035 1028 517 64
0 0 187 3893 16 0 0 0 0 0 68 3475 553 0 0 0 0 0 2 1154 2940 0 0 0
0 51 514 2917 459 138 17 0 0 41 381 2778 709 144 43 0 0 0 179 1321 2303 220 72 1
0 79 521 3024 168 271 33 0 0 60 422 2934 359 257 64 0 0 3 127 1146 2462 284 74 0
0 21 1807 2220 41 7 0 0 0 13 623 3388 63 9 0 0 0 4 111 3056 892 32 1 0
0 3 77 338 610 861 2109 98 0 1 30 212 474 747 1953 679 0 0 0 28 221 493 794 2560
0 5 85 330 655 872 2043 106 0 2 37 197 510 759 1874 717 0 0 2 38 202 521 818 2515
0 2 66 311 653 919 2080 65 0 1 36 179 480 827 1951 622 0 0 0 29 182 505 893 2487
0 4 78 304 640 1060 1967 43 0 1 19 188 437 929 1944 578 0 0 0 27 203 473 956 2437
0 0 68 262 564 1199 1965 38 0 0 26 167 359 929 2136 479 0 0 0 14 179 415 1067 2421
0 6 140 700 1068 1005 942 235 0 3 79 630 970 888 1077 449 1 2 35 413 729 930 713 1273
0 0 351 1224 2265 172 84 0 0 0 209 1124 2434 194 135 0 0 0 8 764 1614 1492 146 72
0 0 168 1552 2181 195 0 0 0 0 70 1306 2360 359 1 0 0 0 3 675 1624 1695 99 0
0 0 54 532 3257 252 1 0 0 0 24 338 3213 515 6 0 0 0 0 89 1165 2775 67 0
0 0 57 1205 2313 295 105 121 0 0 30 821 2448 555 111 131 0 0 2 583 1898 1237 241 135
0 1 38 957 2323 434 62 281 0 0 26 740 2469 513 64 284 0 0 3 493 1284 1766 283 267
0 0 34 638 3359 61 4 0 0 0 21 330 3537 200 8 0 0 0 3 86 1480 2499 28 0
0 0 55 1382 2298 92 59 210 0 0 33 984 2674 123 64 218 0 0 5 694 1605 1480 111 201
0 0 53 1062 2686 289 6 0 0 0 36 742 2835 465 18 0 0 0 4 417 1269 2352 54 0
0 1 44 517 3481 53 0 0 0 0 26 285 3562 223 0 0 0 0 4 88 1023 2973 8 0
0 0 46 982 2569 329 53 117 0 0 22 749 2771 352 72 130 0 0 3 510 1264 1960 213 146
0 0 81 908 2454 319 69 265 0 0 43 681 2605 426 69 272 0 0 17 508 942 2220 100 309
0 0 40 689 3327 40 0 0 0 0 24 334 3627 111 0 0 0 0 0 59 1153 2881 3 0
0 0 43 1321 2349 88 100 195 0 0 21 963 2664 124 79 245 0 0 8 594 1697 1490 65 242
0 0 42 1053 2673 321 7 0 0 0 24 776 2767 507 22 0 0 0 1 464 1497 2047 87 0
0 3 18 870 2875 321 9 0 0 3 5 377 3060 619 32 0 0 0 4 55 2134 1748 155 0
0 0 436 2244 830 319 103 164 0 2 2112 576 772 391 129 114 0 5 2343 343 402 776 214 13
0 96 2184 1222 260 313 21 0 0 178 2906 416 147 416 33 0 4 615 2548 346 42 388 153 0
0 41 162 2131 1623 139 0 0 0 5 129 1238 2403 290 31 0 0 0 91 285 2489 1145 86 0
0 33 420 2973 670 0 0 0 0 8 363 1983 1740 2 0 0 0 6 200 739 2889 262 0 0
0 0 22 3031 1035 8 0 0 0 0 8 1597 2458 33 0 0 0 0 0 106 3853 137 0 0
0 3 297 2056 1740 0 0 0 0 0 252 1211 2633 0 0 0 0 0 144 296 3324 332 0 0
0 2 315 1690 1893 102 86 8 0 0 220 1030 2589 146 92 19 0 0 96 484 2751 655 78 32
0 4 95 2697 1300 0 0 0 0 0 52 1214 2830 0 0 0 0 0 9 179 3799 109 0 0
0 4 331 1619 1967 52 58 65 0 0 265 987 2663 54 56 71 0 0 98 434 2982 460 40 82
0 28 333 2312 1332 48 13 30 0 5 255 1553 2194 44 13 32 0 0 151 524 3093 259 34 35
0 0 22 3338 736 0 0 0 0 0 2 1454 2640 0 0 0 0 0 0 153 3642 301 0 0
0 0 8 2130 1297 583 73 5 0 0 0 1198 2086 634 173 5 0 0 0 138 2494 1183 279 2
0 3 256 1905 1371 459 102 0 0 2 211 1202 2011 461 208 1 0 0 27 600 1812 1302 351 4
0 0 176 3870 50 0 0 0 0 0 73 3781 242 0 0 0 0 0 6 2080 1997 13 0 0
0 55 395 2953 569 123 1 0 0 23 231 2970 704 167 1 0 0 5 130 2145 1536 275 5 0
1 66 651 2840 384 150 4 0 0 35 389 3060 361 237 14 0 0 3 144 2563 1036 334 16 0
0 2 684 3340 59 11 0 0 0 1 161 3842 75 16 1 0 0 0 15 2832 1205 40 4 0
0 2 63 283 602 748 2111 287 0 0 30 198 481 716 1531 1140 0 0 1 33 212 547 774 2529
0 2 80 264 572 774 2162 242 0 0 34 208 430 752 1485 1187 0 0 1 50 212 522 777 2534
0 2 64 257 533 834 2220 186 0 1 35 151 412 756 1560 1181 0 0 1 31 186 484 838 2556
0 1 60 237 555 962 2110 171 0 0 18 153 388 836 1655 1046 0 0 0 34 181 452 951 2478
0 3 66 224 515 1079 2074 135 0 1 21 141 381 852 1787 913 0 0 2 30 178 472 976 2438
0 1 84 761 1085 847 1063 255 0 1 58 654 989 801 1009 584 0 0 42 388 773 902 769 1222
0 0 311 1024 2524 191 46 0 0 0 152 970 2673 227 74 0 0 0 2 693 1748 1446 189 18
0 0 163 1605 2248 80 0 0 0 0 101 1195 2551 249 0 0 0 0 8 782 1763 1518 25 0
0 1 49 401 3374 270 1 0 0 0 27 258 3243 567 1 0 0 0 5 87 1035 2905 64 0
0 0 45 972 2489 358 71 161 0 0 30 730 2472 617 77 170 0 0 4 421 1695 1566 223 187
0 0 31 889 2439 422 63 252 0 0 22 700 2500 529 86 259 0 0 3 548 1316 1658 290 281
0 0 51 549 3355 120 21 0 0 0 18 347 3443 249 39 0 0 0 0 109 1185 2719 83 0
0 0 49 1418 2255 121 145 108 0 0 34 1066 2565 169 129 133 0 0 10 695 1566 1557 146 122
0 0 39 1045 2640 370 2 0 0 0 21 715 2851 490 19 0 0 0 10 421 1179 2403 82 1
0 2 34 560 3391 109 0 0 0 1 20 317 3501 257 0 0 0 0 4 78 1461 2530 23 0
0 1 42 959 2632 321 47 94 0 0 27 756 2683 476 55 99 0 0 2 400 1321 2122 152 99
0 1 48 899 2531 289 94 234 0 0 24 695 2610 433 84 250 0 0 4 463 1014 2214 149 252
0 1 38 554 3480 23 0 0 0 0 22 291 3643 140 0 0 0 0 2 52 915 3115 12 0
0 2 44 1303 2348 112 145 142 0 0 29 910 2673 174 140 170 0 0 15 591 1619 1569 110 192
0 0 34 1048 2714 299 1 0 0 0 19 734 2815 526 2 0 0 0 7 446 1251 2357 35 0
0 0 63 894 2854 276 9 0 0 0 25 482 3086 489 14 0 0 0 1 135 1829 2028 103 0
0 0 276 2486 988 229 83 34 0 0 1877 898 913 304 95 9 0 15 2070 771 395 789 56 0
0 68 875 2539 332 262 20 0 0 96 2228 1132 247 357 36 0 1 269 2654 543 88 484 57 0
0 42 252 2455 1028 246 46 27 0 18 175 1965 1421 416 73 28 0 4 115 475 2452 862 166 22
0 22 493 2651 926 4 0 0 0 3 399 2098 1570 26 0 0 0 7 227 817 2416 629 0 0
0 0 3 3411 681 1 0 0 0 0 0 2518 1566 12 0 0 0 0 0 168 3877 51 0 0
0 0 224 2132 1740 0 0 0 0 0 172 1332 2588 4 0 0 0 0 82 372 3307 335 0 0
0 0 280 1967 1769 80 0 0 0 0 201 1083 2691 119 2 0 0 0 106 410 3208 355 17 0
0 2 88 2461 1545 0 0 0 0 2 53 1171 2870 0 0 0 0 0 15 173 3621 287 0 0
0 0 299 1291 2489 17 0 0 0 0 224 831 3006 35 0 0 0 0 101 378 2509 1108 0 0
0 8 304 2120 1633 12 7 12 0 0 265 1368 2425 18 5 15 0 0 146 534 2991 406 5 14
0 0 25 2316 1755 0 0 0 0 0 14 1029 3053 0 0 0 0 0 0 99 3564 433 0 0
0 0 28 1776 1475 572 161 84 0 0 14 971 2223 586 206 96 0 0 0 136 2376 1060 442 82
0 0 269 1587 1682 398 158 2 0 0 179 1267 2025 402 205 18 0 0 1 662 1862 1198 363 10
0 3 159 3815 119 0 0 0 0 3 75 3742 276 0 0 0 0 0 14 2014 2065 3 0 0
0 10 417 2961 582 122 4 0 0 4 293 2941 694 156 7 1 0 1 127 2306 1324 323 14 1
0 47 558 2958 407 124 2 0 0 23 343 3082 449 197 2 0 0 2 160 2132 1551 246 5 0
0 1 363 3565 141 23 3 0 0 0 91 3787 183 28 6 1 0 0 16 2702 1285 84 8 1
0 9 694 1362 604 445 851 131 0 13 945 1026 569 394 609 540 0 10 837 981 473 416 437 942
0 6 670 1075 601 491 1074 179 0 7 782 882 559 465 628 773 0 22 723 736 457 459 442 1257
0 11 680 956 776 603 919 151 0 29 718 766 691 584 726 582 0 67 638 683 537 524 617 1030
2 8 267 1533 738 640 841 67 2 7 283 1456 626 552 759 411 2 6 215 1400 584 406 592 891
0 12 483 1753 646 501 618 83 0 21 592 1590 541 444 576 332 2 110 556 1426 493 386 446 677
8 36 487 1275 1304 463 366 157 7 36 492 1179 1258 472 389 263 1 38 368 976 1087 840 372 414
0 0 273 1365 2263 163 32 0 0 0 163 1125 2549 192 67 0 0 0 20 668 2257 1003 148 0
0 0 65 1284 2572 169 6 0 0 0 44 917 2800 313 22 0 0 0 2 604 1781 1622 87 0
0 0 36 352 3517 191 0 0 0 0 16 235 3254 591 0 0 0 0 4 90 1016 2973 13 0
0 0 30 995 2486 345 104 136 0 0 20 686 2418 714 94 164 0 0 2 368 1577 1754 247 148
0 0 52 899 2457 364 93 231 0 0 29 684 2533 502 116 232 0 0 12 496 1540 1541 275 232
0 0 33 551 3337 172 3 0 0 0 12 342 3439 294 9 0 0 0 0 80 1248 2699 69 0
0 0 66 1392 2312 99 138 89 0 0 43 1070 2640 104 62 177 0 0 17 791 1716 1311 156 105
0 0 41 1045 2701 309 0 0 0 0 23 777 2771 513 12 0 0 0 7 449 1500 2099 41 0
0 0 32 613 3367 84 0 0 0 0 17 301 3509 269 0 0 0 0 1 74 1533 2484 4 0
0 1 43 988 2494 470 64 36 0 0 23 814 2486 666 41 66 0 0 7 526 1146 2188 157 72
0 3 72 910 2609 468 33 1 0 0 33 714 2663 620 61 5 0 0 14 430 1121 2389 135 7
0 0 44 504 3525 23 0 0 0 0 27 293 3622 154 0 0 0 0 2 90 999 3001 4 0
0 2 146 1921 1920 72 27 8 0 3 107 1538 2316 88 34 10 0 1 121 812 2482 634 34 12
1 80 390 1340 2158 126 1 0 3 350 431 1010 2236 64 2 0 171 536 322 757 1536 772 2 0
0 123 388 1605 1868 112 0 0 0 344 204 1245 1938 365 0 0 161 238 238 908 1590 945 16 0
0 0 203 2790 899 156 48 0 0 0 1533 1521 711 298 33 0 0 26 2096 958 288 711 17 0
0 88 721 2685 307 180 67 48 0 152 1839 1499 309 182 62 53 0 277 2748 442 295 207 68 59
3 48 636 2398 874 64 36 37 3 37 529 2164 1152 137 36 38 1 15 270 1354 1834 540 33 49
31 38 568 2241 1208 10 0 0 20 42 430 1953 1620 31 0 0 1 54 186 1172 2061 622 0 0
0 5 28 2904 1157 2 0 0 0 3 23 1808 2254 8 0 0 0 0 17 269 3752 58 0 0
0 0 219 1950 1927 0 0 0 0 0 158 1251 2682 5 0 0 0 0 58 482 3146 410 0 0
0 7 237 1669 2065 112 6 0 0 5 198 1168 2573 141 11 0 0 0 81 466 3044 466 39 0
0 5 63 2408 1620 0 0 0 0 3 40 1521 2532 0 0 0 0 0 20 314 3474 288 0 0
0 3 265 1358 2454 16 0 0 0 3 180 1027 2856 30 0 0 0 3 95 404 2554 1040 0 0
0 11 307 2104 1674 0 0 0 0 6 284 1311 2494 1 0 0 0 2 194 514 3111 275 0 0
0 0 41 2096 1959 0 0 0 0 0 15 1029 3051 1 0 0 0 0 8 131 3681 276 0 0
0 2 28 1509 1652 560 230 115 0 2 13 1020 2102 569 267 123 0 2 7 111 2289 1163 424 100
0 0 202 1640 1635 523 96 0 0 0 165 1213 1977 532 203 6 0 0 7 654 1561 1540 329 5
0 0 83 3550 455 8 0 0 0 0 37 2979 1063 17 0 0 0 0 5 1476 2534 81 0 0
0 1 299 3048 347 261 85 55 0 0 210 2961 476 278 102 69 0 1 64 1786 1706 372 101 66
0 12 398 3049 473 101 32 31 0 8 332 3029 511 147 36 33 0 0 147 1848 1837 194 30 40
0 1 186 3747 137 25 0 0 0 0 66 3809 180 39 2 0 0 0 7 1937 2058 85 9 0
9 447 2541 905 167 27 0 0 9 871 2344 722 126 24 0 0 4 606 2563 773 126 24 0 0
8 393 2631 862 188 14 0 0 12 759 2442 715 161 7 0 0 7 503 2550 863 164 9 0 0
11 1050 2062 751 201 21 0 0 20 1223 1960 702 175 16 0 0 14 896 2082 883 194 27 0 0
28 837 1923 1022 268 18 0 0 18 942 1885 972 264 15 0 0 19 695 1923 1157 274 28 0 0
9 681 1804 1298 280 24 0 0 18 849 1967 1014 227 21 0 0 13 682 2015 1147 221 18 0 0
16 447 869 1218 1071 206 90 179 15 543 891 1109 997 253 123 165 8 341 826 1027 879 682 153 180
0 0 294 2749 831 211 11 0 0 0 140 2719 967 230 40 0 0 0 63 1491 2121 272 148 1
0 0 76 1566 2367 85 2 0 0 0 44 1130 2759 159 4 0 0 0 0 770 2298 1009 19 0
0 1 29 548 3453 65 0 0 0 1 21 362 3513 199 0 0 0 0 8 94 2375 1615 4 0
0 0 47 1259 2429 197 44 120 0 0 35 940 2651 294 47 129 0 0 10 714 2233 944 76 119
0 1 53 1030 2439 287 61 225 0 2 38 771 2607 381 55 242 0 0 13 655 2036 1021 116 255
0 0 42 988 2976 89 1 0 0 0 23 478 3419 169 7 0 0 0 4 141 2745 1177 29 0
0 0 181 2148 1461 88 166 52 0 0 128 1634 2016 76 162 80 0 0 77 966 2611 240 135 67
0 8 67 2563 1445 13 0 0 0 4 73 2189 1770 60 0 0 0 2 50 1430 2262 352 0 0
0 0 34 1505 2554 3 0 0 0 0 22 1141 2893 40 0 0 0 0 9 719 2649 719 0 0
0 2 41 1256 2430 269 59 39 0 2 27 959 2657 328 78 45 0 0 8 627 2326 976 99 60
0 0 56 1111 2519 405 5 0 0 0 23 771 2818 470 14 0 0 0 4 465 2318 1273 36 0
0 0 25 705 3366 0 0 0 0 0 14 413 3650 19 0 0 0 0 1 187 2289 1619 0 0
0 0 333 1648 1320 705 90 0 0 114 648 1712 1566 52 4 0 42 623 1034 1149 1197 50 1 0
46 778 1635 884 568 185 0 0 147 1812 1192 884 61 0 0 0 673 2087 1095 227 14 0 0 0
45 1643 783 700 850 75 0 0 502 1524 640 438 811 181 0 0 1122 988 591 256 580 558 1 0
0 14 230 2761 884 111 75 21 0 48 1315 1691 768 219 55 0 13 89 1876 1128 218 760 12 0
0 42 735 2637 380 223 47 32 0 79 1830 1495 315 287 58 32 1 168 2682 557 176 397 78 37
0 0 55 2844 1032 124 14 27 0 0 17 2708 1045 275 22 29 0 0 2 2012 1203 815 32 32
0 2 303 2897 894 0 0 0 0 2 268 2520 1297 9 0 0 0 1 167 1301 2086 541 0 0
0 0 43 3544 504 5 0 0 0 0 28 2729 1331 8 0 0 0 0 10 881 3179 26 0 0
0 0 282 2113 1701 0 0 0 0 0 192 1561 2343 0 0 0 0 0 115 727 3196 58 0 0
0 0 215 1809 1948 123 1 0 0 0 132 1352 2464 143 5 0 0 0 34 676 3184 178 24 0
0 0 39 3060 997 0 0 0 0 0 26 2029 2041 0 0 0 0 0 3 493 3586 14 0 0
0 0 208 2414 1471 3 0 0 0 0 172 1775 2138 11 0 0 0 0 111 527 3375 83 0 0
0 6 416 3251 423 0 0 0 0 2 332 2748 1014 0 0 0 0 2 182 1242 2670 0 0 0
0 0 27 3070 998 1 0 0 0 0 10 2082 1999 5 0 0 0 0 0 506 3096 494 0 0
0 0 11 1853 1638 390 141 63 0 0 7 1409 2036 407 173 64 0 0 3 185 2511 1085 255 57
0 5 156 1778 1775 339 43 0 0 1 147 1586 1738 545 79 0 0 1 17 973 1436 1589 80 0
0 0 46 3730 284 34 2 0 0 0 29 3667 359 39 2 0 0 0 5 2769 1241 75 6 0
0 3 178 3113 358 289 100 55 0 2 110 3138 357 288 136 65 0 3 27 2743 808 312 151 52
0 16 167 3156 427 179 43 108 0 16 173 3101 451 199 48 108 0 9 65 2893 721 207 89 112
0 8 115 3812 145 14 2 0 0 5 72 3834 159 22 4 0 0 3 35 3489 525 37 7 0
181 1909 1134 666 189 16 1 0 274 1848 1120 654 182 18 0 0 90 1643 1303 814 218 24 4 0
45 1144 1738 910 227 31 1 0 81 1402 1641 740 200 31 1 0 43 1042 1944 827 203 35 2 0
86 949 1912 963 169 17 0 0 93 971 1958 883 177 14 0 0 71 829 1917 1077 191 11 0 0
365 1474 1253 776 196 29 3 0 369 1437 1246 798 208 36 2 0 177 1328 1345 939 254 48 5 0
57 870 1502 1321 327 19 0 0 69 959 1546 1257 250 15 0 0 19 722 1557 1456 313 29 0 0
20 320 647 1525 1126 212 101 145 32 391 750 1419 1041 202 116 145 6 301 608 1233 1145 536 143 124
0 0 206 2802 902 157 29 0 0 0 36 2541 1313 171 35 0 0 0 20 1404 2344 239 89 0
0 0 23 2028 1978 59 8 0 0 0 5 1380 2632 65 14 0 0 0 0 929 2594 534 34 5
0 0 36 768 3271 21 0 0 0 0 21 511 3512 52 0 0 0 0 4 205 3297 588 2 0
0 0 37 1565 2171 118 88 117 0 0 25 1092 2596 172 82 129 0 0 15 749 2620 515 91 106
0 0 35 1230 2441 147 66 177 0 0 35 995 2606 209 70 181 0 1 18 723 2220 882 81 171
0 0 28 1529 2531 8 0 0 0 0 15 764 3305 12 0 0 0 0 3 221 3662 210 0 0
0 0 216 2882 758 106 91 43 0 0 183 2508 1156 90 115 44 0 0 141 1258 2383 207 63 44
0 0 56 2106 1921 13 0 0 0 0 52 1849 2160 35 0 0 0 0 54 1257 2499 286 0 0
0 0 18 1754 2296 28 0 0 0 0 9 1048 2991 48 0 0 0 0 1 294 3646 155 0 0
0 0 18 1416 2435 152 58 17 0 0 9 1002 2781 205 75 24 0 0 4 695 2909 388 74 26
0 0 42 1535 2248 271 0 0 0 0 21 1105 2590 378 2 0 0 0 18 709 2836 528 5 0
0 3 32 1312 2529 217 3 0 0 31 62 996 2976 31 0 0 45 108 136 507 3153 146 1 0
2 228 1719 1086 614 430 17 0 33 1079 1762 804 385 31 2 0 328 2257 996 285 204 26 0 0
33 1329 2182 467 74 11 0 0 158 2642 943 311 37 5 0 0 853 2406 534 267 34 2 0 0
98 783 1380 1009 822 3 1 0 244 1308 1033 682 826 3 0 0 515 1426 756 393 862 144 0 0
0 169 1431 1667 779 34 9 7 14 401 2184 680 756 53 8 0 66 591 2101 482 162 691 3 0
0 52 904 2438 593 107 2 0 0 133 2263 994 440 262 4 0 2 238 2811 341 139 558 7 0
0 0 9 2894 1070 123 0 0 0 0 2 2803 1029 262 0 0 0 0 0 2467 791 833 5 0
0 4 272 3035 782 3 0 0 0 1 212 2994 876 13 0 0 0 1 194 2272 1103 526 0 0
0 0 23 3755 318 0 0 0 0 0 16 3302 776 2 0 0 0 0 0 1383 2707 6 0 0
0 0 173 3272 651 0 0 0 0 0 148 2542 1406 0 0 0 0 0 89 860 3146 1 0 0
0 0 111 2403 1476 96 10 0 0 0 117 2207 1647 111 14 0 0 0 50 869 3055 108 14 0
0 0 19 2525 1549 3 0 0 0 0 18 2713 1364 1 0 0 0 0 2 751 3333 10 0 0
0 0 128 2959 1009 0 0 0 0 0 132 2083 1881 0 0 0 0 0 122 734 3236 4 0 0
0 0 347 3564 184 1 0 0 0 0 289 3404 403 0 0 0 0 0 175 2010 1907 4 0 0
0 0 23 3348 725 0 0 0 0 0 3 3147 946 0 0 0 0 0 0 1364 2492 240 0 0
0 0 7 2462 1226 368 28 5 0 0 2 2299 1261 481 45 8 0 0 0 1850 1196 998 48 4
0 0 89 2059 1718 230 0 0 0 0 90 1966 1692 334 14 0 0 0 9 1794 823 1452 18 0
0 0 34 3894 141 27 0 0 0 0 38 3893 132 33 0 0 0 0 8 3735 313 39 1 0
0 2 45 3303 314 240 104 88 0 1 88 3272 288 259 102 86 0 2 24 3153 522 195 122 78
0 0 58 3230 415 212 59 122 0 0 103 3206 458 139 66 124 0 1 70 3167 414 238 102 104
0 0 49 3801 174 67 5 0 0 0 39 3807 179 66 5 0 0 0 28 3736 240 85 7 0
3 15 92 610 1262 1227 527 360 3 17 162 917 1358 887 471 281 0 14 283 1262 1293 474 381 389
0 2 103 688 1292 1285 476 250 0 7 214 970 1333 1038 372 162 0 8 250 1283 1444 553 311 247
0 3 90 544 1290 1449 442 278 0 3 153 789 1540 1078 294 239 0 4 185 1228 1586 607 226 260
0 2 36 484 1350 1367 522 335 0 6 101 807 1494 1050 357 281 0 3 187 1161 1443 623 315 364
0 0 49 472 1424 1448 459 244 0 2 108 689 1697 1056 347 197 0 2 137 1233 1554 630 282 258
0 1 118 800 1575 1084 354 164 0 1 155 879 1741 927 247 146 0 2 99 911 1682 1045 226 131
0 0 108 2478 1114 295 92 9 0 0 27 2143 1435 377 105 9 0 0 9 1013 2455 423 176 20
0 0 65 1704 2071 165 72 19 0 0 50 1375 2377 186 78 30 0 0 21 906 2470 565 108 26
0 0 27 818 3210 41 0 0 0 0 18 548 3486 44 0 0 0 0 2 223 3708 162 1 0
0 0 27 1387 2392 103 88 99 0 0 16 1183 2578 130 91 98 0 0 11 824 2646 437 95 83
0 0 22 1488 2232 84 82 188 0 0 13 1269 2442 98 56 218 0 0 12 918 2494 382 111 179
0 4 48 2116 1706 188 34 0 0 4 32 1013 2800 186 61 0 0 0 15 338 3394 188 142 19
0 1 132 2962 713 95 128 65 0 1 129 2664 997 98 124 83 0 1 149 1779 1776 216 101 74
0 0 37 2453 1533 63 10 0 0 0 42 2158 1799 88 9 0 0 0 17 1258 2516 290 14 1
0 0 4 2796 1161 120 15 0 0 0 2 2306 1642 127 19 0 0 0 3 764 3155 144 29 1
0 0 14 2113 1818 130 21 0 0 0 10 1701 2216 146 23 0 0 0 10 843 2942 268 33 0
0 0 16 2706 1160 193 21 0 0 0 22 2637 1219 200 18 0 0 0 46 1382 2417 224 26 1
0 26 744 1982 1110 212 21 1 4 554 796 1690 993 50 9 0 198 1084 536 882 1337 51 8 0
2 252 2894 688 134 79 40 7 27 2046 1517 327 94 67 17 1 379 2775 555 238 90 47 11 1
1 940 2431 559 144 17 4 0 29 2576 1077 361 43 8 2 0 735 2516 483 315 41 6 0 0
0 64 1443 1237 1258 91 3 0 1 616 1561 733 1168 16 1 0 132 1346 1041 500 990 87 0 0
0 126 725 2514 714 17 0 0 27 183 1703 1467 699 17 0 0 86 158 1894 1204 454 300 0 0
0 38 1037 2280 678 63 0 0 0 148 2307 889 626 126 0 0 1 588 2329 430 251 497 0 0
0 0 46 2923 1127 0 0 0 0 0 8 2829 1259 0 0 0 0 0 1 2583 904 608 0 0
0 0 242 3063 775 15 1 0 0 0 235 3041 804 15 1 0 0 0 211 2743 655 484 3 0
0 0 22 3620 452 2 0 0 0 0 21 3466 606 3 0 0 0 0 5 2065 2018 8 0 0
0 0 163 3400 494 36 3 0 0 0 174 3309 577 33 3 0 0 0 96 1794 2155 47 4 0
0 11 180 2886 971 48 0 0 0 10 245 2946 852 43 0 0 0 7 103 1525 2370 91 0 0
0 9 37 3305 681 52 10 2 0 10 30 3419 575 50 10 2 0 4 27 1943 1973 134 12 3
0 0 174 3024 848 49 1 0 0 0 201 3130 719 45 1 0 0 0 151 2072 1809 63 1 0
0 20 256 3659 152 9 0 0 0 18 320 3631 120 7 0 0 0 15 287 3070 715 9 0 0
0 2 61 3156 846 27 4 0 0 2 65 3103 881 41 4 0 0 0 30 2581 1147 334 4 0
0 6 49 2796 889 252 96 8 0 6 46 2747 881 305 96 15 0 4 62 2466 913 539 102 10
0 0 67 2077 1809 139 4 0 0 0 99 2019 1745 227 6 0 0 0 8 1946 858 1273 10 1
0 0 56 3885 78 42 25 10 0 0 60 3884 76 42 24 10 0 0 57 3859 105 37 28 10
0 0 52 3376 285 263 104 16 0 0 136 3301 273 269 100 17 0 0 70 3296 395 200 110 25
0 0 38 3397 274 181 66 140 0 0 114 3351 270 160 61 140 0 1 115 3268 300 193 92 127
0 0 59 3848 140 40 8 1 0 0 58 3846 140 40 10 2 0 0 35 3851 151 48 9 2
0 4 85 819 1522 1127 416 123 0 4 178 1170 1532 853 282 77 0 9 275 1324 1500 698 241 49
0 0 46 623 1407 1236 604 180 0 0 98 908 1489 1035 462 104 0 1 149 1053 1530 843 388 132
0 0 56 682 1309 1037 738 274 0 3 130 989 1286 887 649 152 0 9 208 1109 1195 761 522 292
0 0 33 587 1387 1141 666 282 0 0 88 864 1447 923 577 197 0 0 119 975 1363 852 484 303
0 0 37 494 1258 1252 752 303 0 2 85 696 1359 1137 620 197 0 0 111 839 1325 1012 574 235
0 6 148 990 1706 715 332 199 0 7 188 1141 1735 589 262 174 0 4 161 1151 1650 783 259 88
0 0 101 2335 1304 113 114 129 0 0 54 2656 1011 119 114 142 0 0 22 1230 2466 121 116 141
0 2 116 1350 2278 130 101 119 0 1 60 1304 2370 125 106 130 0 0 20 906 2383 578 95 114
0 0 27 1092 2925 48 4 0 0 0 17 825 3185 64 5 0 0 0 3 329 3632 116 16 0
0 0 21 1747 2039 140 60 89 0 0 6 1254 2499 172 65 100 0 0 12 888 2662 364 96 74
0 0 14 1668 2017 126 69 202 0 0 10 1319 2349 137 64 217 0 0 27 810 2692 287 105 175
0 88 741 2121 1051 75 13 7 0 126 684 1225 1946 90 16 9 0 338 513 466 2558 188 23 10
0 9 522 3314 222 29 0 0 0 33 929 2965 154 15 0 0 0 132 1766 2027 161 10 0 0
0 0 51 3755 285 5 0 0 0 0 205 3768 119 4 0 0 0 0 911 3018 163 4 0 0
0 1 109 3682 249 46 8 1 0 1 218 3686 143 41 7 0 0 2 845 3066 138 40 5 0
0 0 172 3818 70 23 13 0 0 1 410 3595 56 26 8 0 0 5 875 2995 190 23 8 0
0 0 48 3599 354 73 21 1 0 0 42 3418 539 75 21 1 0 0 111 2582 1296 81 23 3
0 19 313 2609 974 159 20 2 3 146 901 2577 430 28 11 0 28 761 1103 1575 601 19 9 0
0 16 2357 1484 125 64 42 8 1 604 2920 417 71 61 21 1 28 2589 1062 289 65 48 15 0
0 255 3013 555 254 19 0 0 28 2614 975 377 97 5 0 0 774 2575 338 336 72 1 0 0
4 872 989 938 1284 9 0 0 171 1275 885 652 1111 2 0 0 751 1293 488 390 985 189 0 0
0 64 830 2423 730 48 1 0 4 116 2186 1035 738 17 0 0 62 126 2182 983 639 104 0 0
0 53 1102 2193 738 10 0 0 0 162 2220 908 765 41 0 0 0 453 2236 579 470 358 0 0
0 0 7 3088 1000 1 0 0 0 0 4 2914 1174 4 0 0 0 0 0 2661 1050 385 0 0
0 0 266 3087 742 1 0 0 0 1 259 3070 765 1 0 0 0 0 230 2868 621 377 0 0
0 0 75 3720 255 45 1 0 0 0 78 3723 251 43 1 0 0 0 40 2920 1077 55 4 0
0 0 128 3566 291 83 28 0 0 0 132 3618 239 82 25 0 0 0 146 2523 1304 89 34 0
0 6 267 3165 595 53 9 1 0 8 255 3104 665 53 10 1 0 5 184 1970 1840 71 25 1
0 2 139 3320 473 105 55 2 0 3 225 3393 324 107 43 1 0 8 901 2614 393 136 43 1
0 1 40 3119 760 112 55 9 0 1 162 3530 238 116 44 5 0 2 623 3163 170 101 34 3
0 0 41 3577 451 25 2 0 0 0 155 3840 79 19 3 0 0 0 722 3213 141 20 0 0
0 6 267 3012 760 38 13 0 0 5 418 2858 757 47 11 0 0 8 706 2463 543 371 5 0
0 0 524 2673 535 174 133 57 0 0 507 2652 547 185 138 67 0 2 505 2401 540 437 152 59
0 0 161 1762 1992 177 4 0 0 1 196 1694 1962 239 4 0 0 0 44 1646 1043 1353 10 0
0 5 58 3800 118 88 25 2 0 5 82 3781 118 92 17 1 0 7 75 3774 120 96 22 2
0 88 786 2692 456 65 9 0 4 229 932 2460 411 53 7 0 49 445 706 2234 601 55 6 0
81 323 1009 2436 130 89 24 4 167 495 1804 1422 112 79 14 3 273 615 1994 1026 120 61 7 0
79 193 1217 2418 100 58 28 3 149 442 1446 1872 100 61 23 3 196 682 1285 1759 103 52 19 0
0 0 80 493 773 882 959 909 0 5 106 581 740 756 1103 805 0 0 64 387 707 753 1057 1128
0 0 31 401 997 1083 953 631 0 0 51 565 1029 1016 930 505 0 1 55 420 1005 987 975 653
0 0 46 731 1380 1033 516 390 0 0 132 988 1280 930 468 298 0 0 98 954 1209 927 560 348
0 1 48 563 1452 1095 561 376 0 2 93 785 1492 926 503 295 0 3 87 743 1372 1012 541 338
0 19 114 601 1262 1088 649 363 0 31 137 789 1250 950 650 289 4 39 192 774 1120 957 648 362
0 46 414 1300 1386 473 266 211 1 83 496 1334 1352 426 226 178 3 99 539 1170 1264 641 217 163
0 0 101 2701 991 109 100 94 0 0 52 2719 998 128 89 110 0 0 20 1609 2123 147 106 91
0 0 38 2058 1657 110 90 143 0 0 95 1658 1981 109 98 155 0 0 3 1126 2438 301 77 151
0 0 36 2326 1663 62 9 0 0 0 36 1601 2380 72 7 0 0 0 5 703 3261 113 14 0
0 3 52 2500 1207 173 68 93 0 4 45 1939 1766 179 64 99 0 3 139 887 2674 238 95 60
0 5 77 2535 1091 135 78 175 0 4 58 1946 1689 140 100 159 0 4 206 1089 2303 240 143 111
0 59 749 2918 215 124 31 0 0 87 716 2640 493 123 36 1 0 238 605 1409 1693 111 39 1
0 3 393 3416 132 97 54 1 0 12 753 3101 94 98 37 1 0 33 967 2865 96 101 33 1
0 0 0 3619 358 97 22 0 0 0 0 3809 187 85 15 0 0 0 1 3773 226 83 13 0
0 0 1 3365 590 105 35 0 0 0 7 3718 243 102 26 0 0 0 3 3459 500 104 30 0
0 0 32 3710 305 41 8 0 0 0 36 3796 216 40 8 0 0 0 29 3530 487 42 8 0
0 3 150 3410 289 114 37 93 0 3 291 3293 272 109 35 93 0 3 566 2964 332 101 46 84
0 0 516 2102 1021 302 155 0 0 93 1496 1991 366 149 1 0 6 1185 1499 1222 182 2 0 0
0 36 2446 1417 184 12 1 0 0 1323 2328 369 71 4 1 0 155 2492 1127 278 42 2 0 0
0 3 1462 2436 193 2 0 0 0 515 2815 724 42 0 0 0 126 2079 1465 415 11 0 0 0
3 417 967 1381 1304 24 0 0 194 495 1013 1048 1324 22 0 0 476 833 527 805 1160 295 0 0
0 113 1876 1316 714 56 21 0 0 328 2450 538 711 68 1 0 4 463 2474 368 532 255 0 0
0 69 2005 1218 793 11 0 0 0 245 2582 427 784 58 0 0 1 990 2008 237 549 311 0 0
0 2 63 3136 882 13 0 0 0 2 46 2978 1059 11 0 0 0 0 14 2776 1060 246 0 0
0 0 216 3031 849 0 0 0 0 0 233 2966 897 0 0 0 0 0 168 2775 739 414 0 0
0 0 35 3837 160 56 8 0 0 0 33 3850 149 59 5 0 0 0 12 3749 258 67 10 0
0 0 125 3691 176 80 24 0 0 0 180 3674 143 78 21 0 0 0 156 3302 528 79 31 0
0 0 204 3460 380 29 16 7 0 0 266 3508 269 30 16 7 0 0 290 2811 933 38 17 7
0 0 14 3537 364 90 84 7 0 0 34 3750 142 91 76 3 0 0 42 3717 164 103 68 2
0 0 3 3175 782 99 35 2 0 0 13 3758 210 91 23 1 0 0 6 3659 312 100 18 1
0 0 12 3531 534 17 2 0 0 0 14 3992 72 17 1 0 0 0 8 3827 241 19 1 0
0 0 248 2960 850 21 13 4 0 0 235 2987 832 25 13 4 0 0 20 3029 616 412 13 6
0 0 469 2689 822 78 34 4 0 0 420 2656 844 129 40 7 0 0 293 2617 645 487 48 6
0 0 187 2108 1684 107 9 1 0 0 385 1860 1670 171 9 1 0 0 193 1950 1147 786 19 1
0 1 265 3590 100 102 36 2 0 1 326 3528 101 101 37 2 0 5 352 3501 104 99 34 1
3 512 1593 1611 308 43 22 4 26 1124 1345 1306 244 34 16 1 178 1469 933 1126 339 36 14 1
466 1222 1708 443 114 78 59 6 702 1705 1259 198 110 70 47 5 627 2178 862 205 102 76 39 7
15 702 2379 704 104 92 74 26 105 1814 1657 268 77 100 68 7 417 2194 1084 167 87 87 54 6
6 227 1073 1369 674 545 190 12 13 286 1317 1237 570 441 222 10 23 393 1392 993 575 400 290 30
33 296 956 957 925 660 254 15 32 376 928 982 882 653 235 8 51 325 877 849 946 770 263 15
102 495 764 1143 785 628 171 8 131 553 851 1082 709 559 205 6 131 599 932 955 564 425 443 47
38 354 805 965 942 815 156 21 72 414 895 923 895 727 156 14 89 436 902 845 768 730 296 30
10 117 599 1630 1220 467 48 5 10 182 840 1720 977 333 29 5 28 285 1180 1723 609 226 43 2
3 119 301 1647 1279 433 162 152 16 142 415 1768 1155 322 122 156 33 159 559 1534 1158 411 131 111
0 0 326 3066 685 19 0 0 0 0 188 2913 973 22 0 0 0 0 133 2502 1413 44 4 0
0 0 16 2554 1212 99 104 111 0 0 26 2279 1472 94 109 116 0 0 13 1242 2422 209 105 105
0 0 96 3655 265 62 17 1 0 0 94 3502 421 64 13 2 0 0 13 1555 2433 73 20 2
0 0 52 2255 789 545 395 60 0 1 126 2269 1184 375 97 44 1 90 679 1396 1685 150 71 24
19 708 673 1309 802 415 148 22 75 1123 667 1244 733 172 56 26 599 1112 533 985 692 113 46 16
171 1123 801 1548 276 109 60 8 677 919 586 1559 216 90 46 3 996 819 458 1317 374 88 43 1
130 778 435 2154 408 125 60 6 703 334 789 2010 124 100 33 3 831 422 979 1637 94 96 33 4
25 435 656 2081 685 149 60 5 216 797 609 2200 151 86 37 0 624 875 562 1784 143 84 24 0
203 1056 359 1835 490 73 65 15 929 627 282 1945 177 72 58 6 1180 559 184 1768 272 84 47 2
97 850 252 2597 244 32 21 3 767 280 398 2444 163 26 17 1 831 254 507 2218 238 34 14 0
13 116 91 2391 504 306 387 288 55 90 213 2585 400 468 190 95 109 87 643 2513 555 77 20 92
0 4 396 1677 1313 303 275 128 0 69 1683 1653 311 302 78 0 5 1270 1925 700 169 26 1 0
0 130 3189 537 227 13 0 0 3 2472 1183 343 93 2 0 0 427 2825 463 324 56 1 0 0
0 0 425 3621 50 0 0 0 0 49 1984 2057 6 0 0 0 0 898 2288 905 5 0 0 0
0 0 89 2851 1155 1 0 0 0 0 237 2666 1171 22 0 0 0 46 389 2395 859 407 0 0
0 0 1975 1352 582 184 3 0 0 5 2927 403 586 173 2 0 0 137 2820 376 387 376 0 0
0 141 1742 1428 778 7 0 0 0 216 2612 430 800 38 0 0 3 921 2003 283 716 170 0 0
0 1 87 3098 896 14 0 0 0 0 133 3013 939 11 0 0 0 0 24 2932 954 186 0 0
0 0 402 2967 726 1 0 0 0 0 447 2908 738 3 0 0 0 0 349 2955 582 210 0 0
0 0 42 3927 84 39 4 0 0 0 33 3937 88 34 4 0 0 0 14 3888 142 43 9 0
0 0 162 3751 97 65 19 2 0 0 153 3762 96 64 19 2 0 0 267 3583 158 64 21 3
0 0 233 3719 94 34 15 1 0 0 221 3735 90 34 15 1 0 0 277 3523 247 34 14 1
0 0 22 3522 365 94 81 12 0 0 50 3712 164 101 60 9 0 0 58 3710 159 105 57 7
0 0 15 2629 1354 67 28 3 0 1 23 3818 166 64 22 2 0 1 20 3747 238 65 23 2
0 0 13 3109 966 8 0 0 0 0 26 3989 76 5 0 0 0 0 14 3890 185 7 0 0
0 0 396 2902 755 43 0 0 0 0 420 2910 711 55 0 0 0 0 185 2963 577 371 0 0
0 0 459 2592 737 240 62 6 0 0 399 2603 736 279 73 6 0 0 484 2502 384 668 56 2
0 1 290 2207 1517 68 8 5 0 1 377 2070 1545 88 10 5 0 0 333 1952 1290 505 11 5
0 0 192 3191 167 215 295 36 0 0 288 3121 188 328 169 2 0 1 510 3034 332 177 41 1
0 7 1747 957 510 430 434 11 1 735 1548 829 510 443 30 0 24 1674 911 901 532 51 3 0
1 174 2848 739 126 116 58 34 7 1910 1669 235 125 87 49 14 320 2558 778 205 119 70 38 8
4 602 2806 399 96 117 60 12 203 2465 993 205 85 102 42 1 748 2325 641 171 105 80 25 1
20 345 778 1152 991 513 184 113 37 429 809 1139 951 466 169 96 24 321 700 1060 1009 680 211 91
16 354 668 1310 842 383 314 209 30 409 725 1402 699 363 304 164 53 333 858 1199 829 385 261 178
4 176 543 1698 1090 307 203 75 14 325 693 1906 682 282 142 52 31 339 1137 1757 482 224 92 34
8 118 525 1158 988 682 461 156 15 210 730 1170 903 606 379 83 33 319 929 1183 800 526 282 24
7 197 589 869 893 721 546 274 15 286 641 987 891 573 569 134 28 400 839 1090 794 528 377 40
0 5 216 1232 1323 599 449 272 0 15 340 1447 1197 509 386 202 0 32 518 1427 1079 658 299 83
0 0 755 2690 637 9 4 1 0 0 621 2538 920 10 5 2 0 0 356 2245 1402 82 5 6
3 51 328 2339 1260 52 33 30 3 40 313 2211 1408 55 36 30 0 11 191 1417 2187 225 34 31
0 0 139 3342 401 148 59 7 0 7 323 3434 228 68 30 6 4 175 280 2920 630 61 21 5
3 58 226 1181 1065 818 464 281 19 266 643 1600 818 457 235 58 230 893 958 1309 496 163 46 1
149 1711 1495 455 143 96 40 7 835 2301 478 289 96 76 20 1 2161 1158 392 209 100 61 15 0
776 2556 307 233 86 67 66 5 2539 939 224 199 77 75 41 2 3029 472 221 188 73 72 40 1
862 2574 192 234 101 79 44 10 2804 680 183 221 89 76 42 1 3124 375 195 207 91 74 30 0
373 3011 232 242 111 75 43 9 2668 796 212 228 91 62 37 2 3018 453 194 235 106 60 30 0
823 2590 160 205 159 76 53 30 2787 672 159 228 116 65 59 10 3089 379 156 214 135 67 52 4
276 2815 241 240 235 183 89 17 2374 851 189 308 264 70 37 3 2834 461 287 309 146 33 26 0
38 430 127 266 872 1082 1150 131 378 181 254 986 1323 897 77 0 489 359 1217 1659 350 22 0 0
5 486 1769 1099 594 140 2 1 88 1913 1155 758 167 14 1 0 986 2017 690 369 33 1 0 0
0 34 1427 2543 90 2 0 0 1 917 1868 1291 19 0 0 0 394 1471 1726 489 16 0 0 0
0 0 91 4004 1 0 0 0 0 0 885 3209 2 0 0 0 0 107 1997 1983 9 0 0 0
0 0 26 2928 1142 0 0 0 0 0 46 2869 1179 2 0 0 0 0 601 2226 883 386 0 0
0 62 1639 1545 589 223 38 0 0 334 2353 572 576 261 0 0 3 518 2195 578 473 329 0 0
0 125 1734 1383 854 0 0 0 8 218 2637 317 905 11 0 0 11 860 2064 183 799 179 0 0
0 0 120 3080 848 48 0 0 0 0 61 3101 890 44 0 0 0 0 61 2918 918 198 1 0
0 0 468 2994 634 0 0 0 0 2 425 3041 628 0 0 0 0 0 412 2959 655 70 0 0
0 0 47 4013 27 9 0 0 0 0 48 4010 29 9 0 0 0 0 20 4021 46 9 0 0
0 0 106 3900 64 24 2 0 0 0 180 3828 67 19 2 0 0 0 210 3794 66 24 2 0
0 0 117 3872 62 24 19 2 0 0 194 3819 43 21 17 2 0 0 250 3674 130 23 17 2
0 1 37 3757 183 85 31 2 0 0 37 3839 110 84 25 1 0 1 54 3828 108 83 21 1
0 0 15 3485 536 48 11 1 0 0 22 3875 146 43 9 1 0 0 12 3780 248 46 9 1
0 0 18 3876 178 20 4 0 0 0 12 4011 53 17 3 0 0 0 4 3977 89 22 4 0
0 131 443 2664 755 87 15 1 0 134 445 2653 736 112 15 1 0 18 396 2637 579 431 32 3
0 0 393 2524 989 166 23 1 0 0 324 2548 1001 192 30 1 0 0 293 2503 739 537 24 0
0 0 129 2858 1009 74 20 6 0 0 305 2581 1117 70 20 3 0 0 312 2273 1334 149 25 3
0 0 64 3420 174 159 274 5 0 0 158 3371 165 327 70 5 0 0 374 3230 328 139 21 4
0 1 1089 1808 543 484 170 1 0 36 1744 1348 663 286 19 0 6 560 1616 1355 461 97 1 0
3 83 2895 833 109 99 56 18 12 959 2710 182 103 90 34 6 59 2662 1008 157 94 85 26 5
0 17 1665 2116 128 120 44 6 2 440 2634 784 99 109 27 1 23 1472 1969 419 113 84 16 0
0 75 1075 1979 541 227 160 39 0 126 1469 1698 433 206 140 24 1 83 1311 1915 443 183 122 38
48 317 950 1435 779 396 124 47 59 386 1126 1416 679 310 104 16 73 361 1228 1448 656 234 66 30
1 75 425 1797 1188 321 187 102 4 112 585 2000 863 284 200 48 0 159 775 1985 768 252 140 17
3 31 385 1328 1454 768 123 4 7 38 565 1523 1340 547 72 4 14 54 820 1718 1133 322 34 1
0 1 348 1000 1368 1139 215 25 0 1 467 1184 1357 941 134 12 0 2 622 1376 1342 675 73 6
2 18 360 932 802 1363 552 67 3 30 453 983 797 1446 331 53 13 32 627 920 1293 1061 111 39
0 5 786 1413 1375 507 9 1 0 19 993 1058 1757 264 4 1 0 46 1079 970 1940 51 8 2
0 30 487 1886 1337 296 45 15 1 44 702 1608 1483 189 53 16 5 19 679 1613 1399 286 77 18
0 10 1252 2123 411 266 32 2 0 14 1616 1843 476 122 23 2 0 30 1308 2353 304 81 19 1
6 40 644 1503 980 669 168 86 17 71 923 1498 1151 269 122 45 43 208 1116 1938 505 186 89 11
34 742 906 662 921 471 263 97 311 1177 619 677 859 324 115 14 1109 780 627 1004 414 147 15 0
24 1259 1735 447 173 171 183 104 317 2449 558 281 156 184 127 24 1961 1198 385 253 131 124 40 4
96 2128 1362 265 109 74 50 12 1292 2159 248 216 72 76 31 2 2747 734 243 191 90 59 31 1
102 2221 1170 377 97 47 65 17 1395 1941 400 186 69 56 45 4 2790 718 267 165 63 56 34 3
222 1740 1248 281 135 107 207 156 1064 1896 392 215 126 193 171 39 2221 949 223 239 213 182 66 3
10 604 169 154 783 782 1221 373 372 393 108 944 953 954 367 5 593 326 1267 1044 732 126 7 1
0 1 421 772 775 630 907 590 0 62 972 899 671 866 570 56 7 625 1315 1081 756 271 41 0
0 58 2495 1333 183 24 3 0 3 1522 2059 459 44 8 1 0 283 2801 760 220 26 6 0 0
0 0 438 3585 71 2 0 0 0 14 2566 1502 14 0 0 0 0 531 3023 540 2 0 0 0
0 5 466 3416 190 18 1 0 0 20 1712 2275 87 2 0 0 0 125 2913 1053 5 0 0 0
0 9 234 2568 1243 42 0 0 0 29 511 2305 1233 18 0 0 2 133 1546 1155 918 342 0 0
0 0 1211 2059 619 207 0 0 0 17 2426 854 618 181 0 0 0 23 2475 807 619 172 0 0
0 156 1527 1767 646 0 0 0 0 266 2455 633 722 20 0 0 3 909 1845 437 790 112 0 0
0 3 437 3141 447 68 0 0 0 5 657 2758 612 64 0 0 0 46 984 2048 905 113 0 0
0 4 1638 1790 657 7 0 0 0 35 1930 1476 649 6 0 0 0 55 1826 1470 664 81 0 0
0 16 1479 2434 106 50 11 0 0 19 1684 2229 104 51 9 0 0 81 1491 2364 104 51 5 0
0 4 1463 2430 97 62 38 2 0 23 1870 2022 95 61 24 1 0 114 1811 1987 100 65 18 1
0 12 678 3282 68 35 20 1 0 22 1001 2970 53 36 13 1 0 70 1515 2406 56 36 13 0
1 149 1058 2708 75 57 39 9 5 228 1373 2315 74 55 39 7 12 317 1129 2462 79 60 33 4
11 109 639 3266 41 19 11 0 28 139 711 3159 37 18 4 0 14 136 579 3292 48 19 8 0
0 11 789 3293 3 0 0 0 0 34 1072 2987 3 0 0 0 0 42 864 3187 3 0 0 0
6 133 1094 2013 759 76 15 0 10 162 1193 1892 741 87 11 0 0 191 990 1980 638 285 12 0
3 63 1171 1922 846 88 3 0 2 49 1188 1914 860 78 5 0 2 39 809 1950 1078 213 5 0
0 7 640 2358 1015 58 15 3 0 18 932 2080 1009 43 12 2 0 45 941 1766 1104 227 10 3
0 0 577 3312 98 81 26 2 0 3 1012 2890 91 82 17 1 0 12 1773 2125 97 75 13 1
0 3 869 2167 687 325 42 3 0 14 1843 1420 615 182 20 2 0 278 1806 1469 424 106 13 0
0 22 1894 1882 107 96 78 17 0 363 3221 262 94 106 43 7 24 1352 2260 220 100 94 40 6
0 26 2217 1599 97 98 54 5 0 221 2811 852 89 90 30 3 31 1608 1738 508 109 83 18 1
6 77 909 1312 890 785 100 17 8 89 1153 1216 1051 500 73 6 7 127 1114 1315 1132 342 52 7
4 23 670 1396 861 1009 119 14 7 36 902 1344 951 765 83 8 7 78 973 1318 1126 541 51 2
0 13 387 982 724 1785 204 1 1 16 557 968 928 1565 60 1 0 27 644 948 1594 854 29 0
0 0 58 505 1039 2372 113 9 0 0 169 526 1855 1499 41 6 0 0 215 662 2529 649 39 2
7 75 81 321 1690 1836 82 4 13 78 125 446 2295 1109 28 2 32 72 140 987 2375 473 15 2
0 0 43 485 2171 1371 26 0 0 1 104 790 2382 810 9 0 0 0 107 1456 2343 189 1 0
0 4 631 1472 1685 302 2 0 0 4 633 1234 2162 63 0 0 0 4 651 1285 1889 267 0 0
0 4 693 1148 2064 180 7 0 0 6 929 944 2125 81 11 0 0 4 654 1120 1911 397 10 0
0 0 63 323 2406 1216 83 5 0 6 132 470 3177 281 27 3 0 7 191 1847 1918 121 9 3
0 0 12 275 2186 1570 50 3 0 0 44 678 3060 289 24 1 0 2 147 2274 1592 71 9 1
0 1 15 225 2698 1064 91 2 0 1 41 910 2790 314 40 0 0 10 160 2869 950 99 8 0
0 18 370 689 1138 775 638 468 2 227 680 781 1261 704 424 17 132 749 808 1404 779 200 23 1
1 89 1974 829 977 136 78 12 23 1932 696 780 534 101 29 1 1104 1237 617 936 110 75 17 0
0 1 56 454 3107 384 77 17 0 40 141 1672 2094 99 47 3 6 101 439 3171 287 72 20 0
0 9 190 369 612 311 650 1955 5 148 227 599 389 492 1749 487 68 229 462 586 626 1590 528 7
0 0 10 105 1567 902 818 694 0 3 31 1097 1207 630 983 145 0 6 876 1346 716 866 268 18
0 0 38 967 1360 508 472 751 0 13 476 1421 817 391 642 336 0 204 1114 1231 607 602 303 35
0 72 1807 1876 262 39 29 11 18 722 2380 859 57 34 21 5 92 1952 1654 317 34 34 11 2
0 0 584 2061 1337 114 0 0 0 17 2205 1389 470 15 0 0 0 1196 1730 1132 37 1 0 0
0 1 27 716 2952 400 0 0 0 8 113 2921 1004 50 0 0 4 79 1520 2352 141 0 0 0
0 0 11 636 2938 500 11 0 0 0 120 1617 2189 169 1 0 0 2 772 1656 1614 52 0 0
0 36 1929 1518 551 62 0 0 0 194 2406 946 491 59 0 0 0 259 2386 740 659 52 0 0
0 147 1569 1875 503 2 0 0 0 287 2463 718 606 22 0 0 13 651 2127 392 828 85 0 0
0 6 112 1094 912 1865 107 0 0 9 165 1122 1863 925 12 0 4 12 210 1626 2097 147 0 0
0 14 551 534 1692 1263 42 0 0 40 658 693 2352 353 0 0 0 69 758 1379 1865 25 0 0
0 29 2670 507 362 449 73 6 0 83 2813 417 525 212 44 2 0 174 2833 563 385 104 35 2
0 2 164 286 624 2847 166 7 0 9 245 382 1948 1482 29 1 0 67 309 916 2634 163 7 0
0 0 67 382 554 2929 162 2 0 8 127 491 1971 1468 30 1 0 51 270 911 2737 126 1 0
0 8 107 265 573 2974 155 14 0 16 153 391 2099 1375 57 5 5 62 245 753 2813 193 22 3
0 0 167 341 592 2886 108 2 0 1 238 438 2103 1301 15 0 0 21 378 994 2590 110 3 0
0 1 183 349 622 2812 129 0 0 2 272 487 1800 1528 7 0 0 18 399 895 2670 114 0 0
0 0 151 283 1229 2288 143 2 0 5 193 363 2332 1170 33 0 0 27 240 746 2789 279 15 0
0 1 276 950 1401 1434 34 0 0 5 318 915 2212 645 1 0 0 43 307 1042 2487 217 0 0
0 10 166 520 1427 1943 30 0 0 18 256 556 2512 752 2 0 5 51 243 755 2770 272 0 0
0 5 422 417 688 2527 37 0 0 42 510 487 2178 877 2 0 0 184 530 1035 2308 39 0 0
0 3 300 2034 542 1172 40 5 0 19 1213 1294 1135 421 13 1 2 420 1056 1413 1149 50 6 0
4 113 2770 971 83 102 44 9 6 1239 2466 187 89 80 26 3 110 2230 1399 169 95 76 15 2
0 52 1884 1921 97 86 51 5 5 597 2300 989 102 72 31 0 42 1460 1606 796 101 75 16 0
0 30 1255 831 998 939 42 1 0 41 1322 855 1464 396 15 3 4 46 935 1613 1263 219 12 4
0 1 829 643 1322 1082 212 7 0 4 760 757 1586 941 48 0 0 9 358 1583 1641 479 26 0
0 7 721 708 1439 1154 67 0 0 2 712 920 1927 530 5 0 0 3 301 1872 1704 205 11 0
0 4 864 851 1679 649 48 1 0 2 761 1106 2026 173 28 0 0 1 433 1857 1649 134 21 1
0 4 1196 918 1805 151 22 0 0 1 1123 1323 1544 90 15 0 0 1 666 2390 929 85 25 0
0 3 1814 1430 781 58 10 0 0 1 1915 1404 735 36 5 0 0 0 816 2560 661 56 3 0
21 201 1382 1514 785 191 2 0 58 154 1452 1388 995 49 0 0 67 126 1166 1667 991 79 0 0
0 0 88 1149 2244 592 19 4 0 5 239 1119 2580 134 15 4 0 19 271 1252 2270 257 21 6
10 136 194 362 1952 1316 115 11 36 180 245 586 2741 236 66 6 78 183 265 2050 1345 148 24 3
0 27 88 337 1167 2403 74 0 10 43 163 468 2879 514 19 0 20 64 257 1306 2334 114 1 0
1 92 134 256 791 2503 276 43 6 150 164 404 2220 1060 80 12 61 174 257 1078 2307 193 21 5
5 87 587 706 888 1517 229 77 14 539 648 666 1632 508 84 5 234 909 552 959 1333 92 16 1
1 35 515 643 1991 822 82 7 14 210 639 1169 1850 178 34 2 66 444 843 2017 614 95 17 0
0 9 320 458 2518 630 144 17 0 109 327 1673 1812 126 43 6 5 227 901 2676 215 57 14 1
34 245 255 450 1257 1023 610 222 101 355 252 977 1380 662 319 50 284 337 923 1486 669 306 87 4
1 579 945 592 1359 447 157 16 29 1203 480 1180 911 236 56 1 289 1148 818 1427 300 103 11 0
0 51 457 1052 1072 547 553 364 2 266 878 1230 754 467 381 118 14 740 1367 1038 369 324 241 3
4 95 973 2432 472 67 40 13 16 264 2742 882 107 49 33 3 65 1908 1737 263 53 46 22 2
11 1040 758 745 1481 45 15 1 31 1329 664 1616 419 26 10 1 216 1489 1063 1253 47 24 4 0
3 1223 778 952 1134 6 0 0 8 1455 779 1619 235 0 0 0 125 1682 1229 1042 18 0 0 0
2 770 707 1287 1321 9 0 0 4 1209 458 1196 1221 8 0 0 6 1225 547 907 1248 163 0 0
0 4 1391 2074 627 0 0 0 0 39 2565 851 641 0 0 0 0 81 2459 602 948 6 0 0
0 229 2165 1470 232 0 0 0 0 394 2466 907 329 0 0 0 0 869 1992 502 731 2 0 0
0 497 1031 1063 1050 450 5 0 0 972 670 1016 1411 27 0 0 2 1112 478 1299 1157 48 0 0
0 137 1605 1024 1015 311 3 1 0 407 1240 1212 1199 34 2 2 0 448 944 1523 1144 34 1 2
1 216 3093 480 140 96 56 14 2 399 2934 480 127 89 55 10 8 753 2354 634 195 90 52 10
1 94 1728 563 569 1080 54 7 1 136 1680 677 1151 416 34 1 1 180 1513 1328 982 75 17 0
0 69 1681 463 608 1213 54 8 0 76 1712 599 1234 444 29 2 0 101 1522 1235 1136 79 22 1
2 63 2077 765 329 739 110 11 2 111 2228 653 528 509 53 12 10 424 1807 900 744 167 37 7
1 39 2142 636 213 987 74 4 0 50 2339 471 554 648 30 4 2 67 2054 868 949 131 21 4
0 8 1755 939 365 1010 18 1 0 5 2232 595 854 404 6 0 0 9 2174 794 1066 52 1 0
0 12 425 726 1512 1372 46 3 0 32 632 649 2221 547 14 1 0 32 689 885 2037 443 9 1
0 1 125 1007 1393 1545 20 5 0 2 167 1122 2469 318 13 5 0 0 197 1517 2127 238 13 4
0 0 20 387 1552 2118 19 0 0 0 46 496 3176 377 1 0 0 5 121 1335 2287 348 0 0
0 0 3 169 934 2979 11 0 0 1 43 407 3340 305 0 0 0 0 121 2393 1569 13 0 0
0 0 33 2205 785 1028 44 1 0 0 130 2390 1382 182 12 0 0 6 291 3127 605 64 3 0
0 43 1995 1352 519 133 44 10 6 662 2242 828 225 103 26 4 63 1575 1706 527 133 72 15 5
0 26 1372 2381 216 82 18 1 0 670 1399 1832 130 53 12 0 28 1072 1298 1521 122 47 8 0
0 132 1441 1660 754 91 16 2 1 398 1685 1294 647 64 6 1 1 343 1674 1363 384 328 3 0
0 23 1196 1665 1075 119 18 0 0 63 1351 1722 835 122 3 0 0 110 1627 1507 444 405 3 0
0 30 1989 1143 917 16 1 0 0 33 1935 1453 602 73 0 0 0 18 1920 1486 396 275 1 0
0 6 1979 1124 945 42 0 0 0 8 1852 1319 908 9 0 0 0 3 1696 1518 663 216 0 0
30 87 1211 1384 1252 132 0 0 29 94 1078 1666 1205 24 0 0 50 78 1048 1935 929 56 0 0
52 98 672 1309 1683 279 3 0 100 75 561 1689 1624 47 0 0 49 120 572 2166 1154 35 0 0
0 1 1232 1172 1226 462 3 0 0 2 1182 1291 1549 72 0 0 0 11 1049 1924 1086 26 0 0
2 27 563 1280 1511 701 11 1 8 41 677 1157 2029 179 5 0 16 41 698 1123 1959 249 8 2
105 241 678 1503 1031 485 43 10 147 239 763 1566 1152 189 32 8 202 222 710 1643 1132 140 39 8
0 1 253 1553 1405 844 39 1 0 8 312 1613 1920 226 17 0 0 12 402 1675 1880 112 14 1
5 139 333 1494 1337 711 65 12 26 143 451 1585 1527 315 44 5 82 126 601 1649 1402 199 28 9
10 123 411 1602 1352 533 61 4 24 178 558 1688 1386 219 42 1 54 208 608 1824 1196 149 53 4
0 16 289 1527 1851 348 54 11 2 41 369 2064 1427 155 37 1 11 55 612 2366 912 100 37 3
3 49 185 1560 2050 212 34 3 15 58 273 1967 1718 43 22 0 21 60 490 2714 752 49 10 0
0 2 100 1495 2107 298 80 14 0 7 257 2172 1486 112 59 3 0 23 699 2591 629 94 54 6
0 48 479 1911 1360 255 38 5 2 178 508 2406 904 71 25 2 80 296 1101 1992 584 36 7 0
0 21 523 1716 1101 451 230 54 4 56 913 1920 839 276 75 13 14 485 1072 1750 629 101 33 12
0 9 844 1856 766 478 125 18 0 80 1388 1594 814 169 45 6 14 870 1140 1388 563 78 41 2
0 2 456 1676 1635 271 50 6 0 12 675 2487 768 114 38 2 0 127 1493 1693 663 77 42 1
0 2 193 1952 1685 223 35 6 0 3 313 2989 708 65 16 2 0 41 1151 2242 608 50 4 0
0 73 521 1431 1906 148 17 0 0 150 534 1921 1412 75 4 0 28 197 856 1588 1165 262 0 0
0 51 2661 1165 219 0 0 0 0 80 3158 673 185 0 0 0 0 186 3000 473 437 0 0 0
2 395 1999 1139 561 0 0 0 1 541 1895 1086 573 0 0 0 14 600 1750 733 980 19 0 0
0 403 1297 1445 890 61 0 0 0 884 860 1721 624 7 0 0 25 946 819 1308 986 12 0 0
0 299 1135 1830 785 43 3 1 0 624 813 2237 414 4 3 1 10 738 767 1777 793 6 3 2
0 508 1479 1681 427 1 0 0 0 1067 865 1882 282 0 0 0 1 1047 761 1474 811 2 0 0
0 345 1580 1763 398 10 0 0 0 974 909 1815 398 0 0 0 0 910 885 1397 854 50 0 0
0 182 777 1506 1389 242 0 0 0 297 683 1755 1352 9 0 0 0 339 545 1995 1142 75 0 0
0 183 347 2061 1336 169 0 0 0 242 232 2451 1171 0 0 0 0 245 241 2589 1021 0 0 0
0 152 264 2121 1388 171 0 0 5 179 290 2447 1162 13 0 0 3 183 389 2361 1093 67 0 0
0 90 438 2011 1197 349 9 2 0 133 477 2336 1096 45 7 2 2 135 570 2338 919 121 8 3
1 63 939 1391 1251 450 1 0 2 86 918 1507 1514 69 0 0 2 92 635 2196 1104 67 0 0
0 21 635 1598 1295 545 2 0 0 32 750 1655 1637 20 2 0 0 45 707 2126 1193 25 0 0
0 7 281 1221 1804 775 7 1 1 14 359 1252 2316 149 4 1 0 10 283 1824 1778 195 5 1
0 3 338 1201 999 1539 16 0 0 4 447 1259 2201 183 2 0 0 6 364 2603 1091 29 3 0
0 0 590 2230 550 697 28 1 0 0 886 2089 1008 102 10 1 0 0 650 2848 545 41 11 1
1 25 1248 1581 869 318 50 4 2 215 1516 1440 779 109 33 2 30 564 1320 1597 481 80 21 3
1 45 1465 2160 302 92 30 1 8 226 1877 1646 235 86 18 0 70 371 1507 1648 412 77 11 0
0 434 1764 649 668 581 0 0 0 522 1739 681 994 160 0 0 0 243 1893 790 1115 55 0 0
0 30 1581 662 806 982 34 1 0 29 1641 764 1294 354 14 0 0 14 1614 949 1449 70 0 0
0 5 1248 1058 914 860 10 1 0 17 1429 1026 1201 420 3 0 1 69 1340 1170 1397 119 0 0
0 3 1526 783 683 1093 8 0 0 5 1660 747 1228 456 0 0 0 16 1454 999 1544 81 2 0
6 250 1412 814 889 725 0 0 5 412 1361 839 1099 380 0 0 17 408 1264 1015 1277 115 0 0
6 32 1641 692 694 1025 6 0 6 36 1915 551 793 793 2 0 9 30 1446 993 1255 363 0 0
0 0 1388 968 596 1141 3 0 0 0 1508 990 772 826 0 0 0 0 1447 1137 1221 291 0 0
0 0 1491 747 569 1247 42 0 0 0 1661 770 598 1062 5 0 0 0 1502 1037 1246 311 0 0
0 0 1409 650 678 1228 131 0 0 0 1520 868 693 1012 3 0 0 0 1514 1047 1370 165 0 0
0 0 1246 833 669 1216 132 0 0 0 1461 871 637 1123 4 0 0 0 1577 931 1449 137 2 0
0 12 1491 762 553 1072 206 0 0 15 1817 669 594 996 5 0 0 15 1707 936 1311 125 2 0
0 0 1448 785 511 1139 212 1 0 0 1745 704 715 923 9 0 0 3 1733 940 1230 190 0 0
55 603 1035 621 588 1122 70 2 103 622 1268 561 811 720 9 2 303 434 1155 854 1283 56 10 1
37 436 1256 552 428 1247 139 1 78 468 1388 476 843 828 14 1 203 448 1351 686 1267 140 1 0
179 188 1637 776 461 642 208 5 255 147 1928 624 389 731 18 4 281 185 1865 725 681 347 10 2
6 263 1770 593 471 738 238 17 12 312 1843 637 520 730 34 8 56 417 1755 730 818 293 25 2
0 71 1752 679 468 786 339 1 13 93 2025 558 429 953 24 1 28 180 2105 566 1016 196 5 0
5 353 1858 584 238 934 115 9 14 508 1957 395 425 759 36 2 16 504 2055 385 925 190 18 3
3 254 2253 335 124 853 269 5 4 440 2169 259 240 952 29 3 8 444 2229 255 770 376 12 2
0 61 2515 384 73 839 218 6 0 194 2564 218 213 868 36 3 0 182 2540 274 702 370 25 3
16 422 1871 565 281 781 160 0 45 571 1753 510 491 721 5 0 66 815 1493 481 1078 162 1 0
0 570 2047 468 111 783 117 0 0 389 2239 493 260 703 12 0 0 314 2062 781 856 83 0 0
2 500 1771 797 118 740 168 0 0 257 2033 812 309 667 18 0 0 154 1963 1080 813 86 0 0
0 675 2302 126 121 761 111 0 0 1703 1334 99 191 753 16 0 0 1225 1844 165 553 308 1 0
0 59 3029 70 65 699 174 0 0 240 2872 72 122 776 14 0 0 127 2970 136 590 273 0 0
0 589 2456 92 37 849 73 0 0 1432 1661 55 200 741 7 0 0 970 2101 118 818 89 0 0
33 1566 1582 93 99 680 43 0 196 1645 1390 67 376 416 6 0 255 1529 1465 167 634 46 0 0
0 843 2079 228 167 618 161 0 0 1512 1513 170 353 529 19 0 0 1297 1656 369 658 116 0 0
0 1563 1468 130 63 579 290 3 0 1855 1240 94 149 720 38 0 0 1866 1128 224 479 394 5 0
0 2196 645 261 80 399 515 0 0 2360 598 175 85 841 37 0 0 2386 608 185 454 463 0 0
0 1422 1275 319 108 786 186 0 0 1974 815 252 225 828 2 0 0 2105 727 278 901 85 0 0
0 115 2887 86 125 794 89 0 0 558 2479 85 364 610 0 0 0 393 2697 210 718 78 0 0
0 239 2664 210 324 625 34 0 2 454 2554 232 546 306 2 0 20 396 2660 427 561 32 0 0
0 19 2652 457 199 711 56 2 0 265 2549 391 329 542 20 0 0 108 2872 353 717 45 1 0
0 53 2498 404 224 790 126 1 0 302 2376 356 422 622 17 1 1 168 2543 481 813 79 10 1
0 172 2449 467 160 737 110 1 1 439 2384 324 401 541 6 0 6 686 2237 339 795 33 0 0
1 487 2371 341 155 687 51 3 1 1346 1665 226 360 485 10 3 6 840 2273 189 726 44 15 3
0 362 2365 407 212 546 192 12 5 914 1951 348 251 524 103 0 32 770 2162 386 546 179 21 0
0 2427 1631 38 0 0 0 0 3 2509 1513 71 0 0 0 0 0 1074 2533 485 4 0 0 0
3 1092 2362 371 142 119 7 0 5 1226 2222 412 198 33 0 0 4 526 2557 873 133 3 0 0
0 1033 1895 669 382 112 5 0 0 1206 1975 608 226 80 1 0 0 523 2774 637 115 46 1 0
0 63 875 1281 1068 679 128 2 0 103 1278 1253 983 456 22 1 7 120 1592 1474 800 101 2 0
0 236 605 1298 1472 465 20 0 0 368 842 1715 1017 152 2 0 0 428 1332 1800 514 22 0 0
0 22 346 502 1431 1543 248 4 0 56 471 941 1982 615 31 0 0 83 887 1824 1234 66 2 0
0 1 65 1065 1547 1160 254 4 0 5 278 1634 1637 524 18 0 0 34 896 2318 809 38 1 0
0 0 141 729 1674 1311 233 8 0 10 360 1452 1606 623 44 1 0 70 768 2151 1008 97 2 0
0 0 27 502 1422 1667 467 11 0 3 125 1122 1762 1014 68 2 0 25 478 2006 1416 168 3 0
0 7 222 811 2010 782 193 71 2 17 446 1626 1588 230 183 4 5 78 882 2259 642 198 29 3
0 3 242 982 1883 953 26 7 1 11 450 1527 1892 199 15 1 0 21 884 2434 723 30 4 0
0 0 96 1509 1554 866 69 2 0 2 338 2182 1292 270 12 0 0 36 1070 2403 559 28 0 0
0 0 26 1251 1999 692 120 8 0 6 248 2128 1406 284 23 1 0 13 928 2465 623 62 4 1
0 0 645 2298 976 177 0 0 0 5 1303 2231 507 50 0 0 0 38 2130 1687 238 3 0 0
0 0 295 1899 1065 695 141 1 0 3 1151 1536 1049 345 12 0 0 8 1782 1593 668 44 1 0
0 0 1657 1543 519 212 162 3 0 38 2444 960 403 209 42 0 0 96 2808 761 386 45 0 0
2 24 1490 1303 942 257 69 9 2 46 2064 1162 636 156 29 1 7 85 2364 1153 426 58 2 1
0 4 1268 1288 845 588 103 0 0 17 1967 976 821 307 8 0 0 70 2140 1249 597 39 1 0
0 2 1001 1330 1196 480 70 17 0 11 1429 1496 913 217 23 7 2 25 1849 1574 581 56 8 1
0 0 1569 1251 996 261 19 0 0 22 2218 1116 648 85 7 0 0 52 2413 1176 424 31 0 0
0 0 2052 1091 663 269 20 1 0 28 2531 916 475 143 3 0 0 159 2748 752 385 51 1 0
0 2 1541 1064 769 561 122 37 1 15 2137 848 756 280 49 10 3 117 2224 1142 500 97 13 0
0 4 1684 1042 663 340 102 261 0 23 2186 879 471 216 115 206 2 150 2315 826 385 144 192 82
0 2 921 1036 916 867 324 30 0 13 1412 881 896 765 126 3 0 93 1479 995 983 513 33 0
1 46 1813 745 753 711 27 0 1 130 2046 706 765 447 1 0 7 177 2085 794 758 275 0 0
0 1 825 1139 882 1143 102 4 0 9 1530 854 954 740 9 0 3 76 1792 1208 856 161 0 0
0 3 862 1193 1136 775 127 0 0 52 1477 1169 853 542 3 0 1 254 1741 1149 798 152 1 0
0 5 567 777 717 746 600 684 0 32 850 831 606 660 658 459 2 168 1002 803 799 511 617 194
0 0 5 35 176 1895 1429 556 0 0 16 54 459 2147 1142 278 0 0 20 113 862 2126 837 138
0 0 32 190 211 829 1528 1306 0 2 102 205 265 1148 1542 832 0 10 115 254 562 1022 1569 564
0 0 20 181 915 1142 1543 295 0 1 59 430 993 1211 1253 149 0 6 89 557 1053 829 1452 110
0 2 170 1369 1280 1204 71 0 0 7 882 1139 1346 717 5 0 0 28 1053 1505 1217 288 5 0
0 9 924 1155 1202 775 30 1 0 50 1478 1298 849 411 10 0 0 217 1760 1278 800 38 3 0
0 0 415 1605 946 1008 120 2 0 6 1241 1334 927 576 12 0 0 85 1798 1213 918 81 1 0
0 3 322 1060 1396 1253 59 3 0 15 888 1262 1356 572 1 2 7 117 1363 1704 823 79 3 0
0 22 902 784 935 800 239 414 0 159 1186 971 742 491 218 329 35 351 1199 1095 773 120 276 247
0 4 1506 943 903 596 117 27 0 73 1875 1119 523 378 111 17 1 509 1835 920 608 155 63 5
0 0 173 214 241 379 1115 1974 0 1 222 290 267 257 2410 649 1 133 194 271 397 327 2697 76
242 335 1847 1198 295 179 0 0 189 350 1700 1336 302 217 2 0 11 397 860 1518 889 398 23 0
109 1559 616 909 502 394 7 0 106 1484 687 886 507 422 4 0 74 992 966 704 795 541 24 0
125 506 452 933 814 873 365 28 144 546 408 1025 933 806 218 16 57 425 602 726 1256 780 249 1
0 19 741 766 608 1024 702 236 0 80 933 664 726 948 631 114 3 251 976 679 791 829 519 48
27 522 1236 933 857 363 150 8 40 428 1409 988 840 282 104 5 54 398 1375 794 1105 314 56 0
37 538 986 789 859 554 315 18 64 577 1187 875 651 527 215 0 82 598 1409 888 494 439 185 1
0 28 364 656 858 648 1241 301 0 87 598 832 801 356 1326 96 12 188 831 1044 469 425 1089 38
0 16 397 631 680 528 938 906 0 89 577 745 579 515 1226 365 6 276 748 753 592 393 1234 94
0 52 707 1016 813 800 612 96 1 157 1053 898 893 570 493 31 17 373 1294 961 657 506 274 14
0 11 241 680 594 527 1128 915 0 51 488 673 636 300 1658 290 5 134 666 785 502 161 1798 45
0 7 399 818 485 1073 1139 175 0 36 915 529 436 1192 959 29 6 167 992 539 478 1423 490 1
0 89 947 1035 976 604 376 69 4 201 1183 1138 735 571 222 42 15 292 1428 1129 543 528 141 20
0 28 239 536 1258 1330 504 201 1 71 353 952 1530 700 439 50 10 89 629 1592 1112 374 281 9
0 7 186 406 637 362 552 1946 0 36 312 554 577 211 1698 708 3 85 483 720 349 206 2096 154
0 5 438 586 629 505 781 1152 0 48 580 708 588 409 1192 571 1 165 768 828 462 336 1261 275
0 0 145 733 979 518 788 933 0 5 375 981 755 370 1039 571 0 49 741 1109 495 260 1113 329
0 1 131 352 733 628 1551 700 0 2 229 569 793 486 1715 302 0 35 451 845 582 670 1425 88
0 2 148 394 293 647 1789 823 1 13 322 383 233 960 1872 312 2 45 500 351 333 1213 1573 79
0 2 59 258 640 962 1279 896 1 22 163 452 723 1065 1076 594 4 62 283 637 778 1109 885 338
0 0 18 70 458 1186 1449 915 0 4 25 191 785 1027 1519 545 0 13 78 514 913 909 1429 240
0 0 2 94 498 420 405 2677 0 1 16 279 540 292 609 2359 0 3 116 490 437 186 914 1950
0 0 0 83 504 1207 1442 860 0 0 10 215 848 1164 1293 566 0 4 128 596 888 1021 1134 325
0 0 0 18 19 450 1689 1920 0 0 4 18 17 707 2356 994 0 4 18 16 10 820 2517 711
0 0 12 108 558 1357 1117 944 0 0 28 254 858 1342 999 615 0 4 70 386 1036 1388 814 398
0 0 3 179 793 539 771 1811 0 1 7 271 815 615 1039 1348 0 2 14 155 840 932 1602 551
0 1 62 451 903 964 1089 626 0 6 147 674 970 892 1124 283 0 26 265 780 1116 905 926 78
0 13 418 1509 1681 441 28 6 0 88 675 1663 1441 218 10 1 5 224 798 1303 1535 219 12 0
0 0 68 864 582 635 1603 344 0 7 107 1043 702 852 1211 174 0 16 151 1038 1025 1042 712 112
0 0 4 38 180 387 1653 1834 0 1 11 65 272 727 2057 963 0 1 19 117 365 1306 1898 390
0 0 0 0 10 322 2945 819 0 0 0 2 18 960 2770 346 0 0 0 0 14 908 2936 238
0 0 0 33 2041 1724 298 0 0 0 0 74 2331 1543 148 0 0 0 0 0 822 3107 167 0
0 1 11 408 3221 416 29 10 0 2 15 623 3181 251 16 8 0 3 16 454 2041 1524 45 13
0 16 294 840 2230 696 20 0 0 133 444 1309 1824 385 1 0 0 168 853 1502 756 764 53 0
0 0 11 610 1759 1527 173 16 0 0 159 1142 2113 654 14 14 0 3 583 2075 1339 75 7 14
0 0 3 40 607 1539 1453 454 0 0 19 77 1050 1286 1498 166 0 6 33 299 677 1608 1345 128
0 0 1 72 842 1067 1456 658 0 0 20 233 869 1236 1420 318 0 0 81 244 640 1284 1535 312
0 0 1 74 1133 2213 413 262 0 0 15 222 1636 1722 367 134 0 0 82 430 1109 1991 452 32
0 0 0 26 928 1546 1477 119 0 0 5 69 1266 1665 1056 35 0 0 8 159 1382 1813 730 4
