77 256 678 657 754 856 432 386 59 271 620 669 663 799 583 432 51 223 572 619 648 663 724 596
47 650 1482 869 605 268 105 70 52 733 1415 802 600 265 141 88 38 724 1364 764 613 301 188 104
86 1035 1373 1084 397 77 18 26 115 1270 1198 953 414 87 31 28 153 1377 1051 948 456 66 21 24
176 816 1381 873 332 134 161 223 189 1019 1122 868 367 133 157 241 182 1194 960 862 366 158 138 236
104 436 730 659 883 683 325 276 88 452 686 643 852 789 332 254 84 419 698 603 753 846 434 259
232 926 988 684 718 366 81 101 210 893 1043 641 700 390 109 110 196 856 1025 609 660 482 143 125
436 855 1108 979 546 111 32 29 473 804 1071 941 625 117 32 33 500 856 1041 907 603 126 33 30
436 1137 799 647 626 237 131 83 455 1219 678 623 630 260 134 97 471 1197 713 623 635 252 120 85
20 64 333 1344 1035 749 468 83 34 70 587 1371 816 809 341 68 48 121 977 1155 811 618 269 97
42 620 1343 889 376 522 266 38 93 859 1460 646 317 509 181 31 194 1148 1339 461 429 223 251 51
51 1385 631 764 423 592 206 44 127 1494 760 653 433 389 210 30 529 1222 856 596 295 268 277 53
40 601 1103 1265 404 541 139 3 122 752 1290 995 430 396 110 1 210 926 1415 768 418 198 143 18
