268 325 270 1005 1169 768 246 45 183 295 528 1204 1133 593 151 9 189 429 1004 1247 875 305 47 0
330 989 399 1804 428 94 42 10 48 760 625 661 1875 103 23 1 60 945 742 667 1632 44 6 0
1 34 95 2839 392 149 381 205 0 31 86 148 3076 163 374 218 10 42 109 132 3059 173 375 196
0 15 118 2788 320 239 480 136 0 6 74 192 2927 246 496 155 0 10 85 280 2857 231 468 165
18 143 880 945 295 212 1399 204 10 110 187 799 1138 213 1437 202 16 126 176 1320 584 213 1184 477
557 855 418 565 785 744 159 13 309 987 330 681 1094 642 53 0 355 981 421 849 1184 291 15 0
120 2345 762 671 182 16 0 0 1 1213 1542 991 329 20 0 0 5 1494 1462 939 189 7 0 0
432 792 725 1746 199 149 49 4 0 431 778 890 1776 159 59 3 13 660 662 900 1693 127 40 1
494 574 1378 1570 51 22 7 0 4 557 568 1388 1546 26 7 0 21 702 605 1356 1385 24 3 0
824 697 1345 775 140 245 70 0 2 669 830 800 1403 240 152 0 6 936 669 1730 363 233 158 1
5 28 186 765 1239 1343 513 17 6 26 189 933 1913 999 30 0 11 82 532 1841 1554 75 1 0
38 236 523 774 1168 1155 201 1 24 212 502 882 1663 793 20 0 51 327 689 1420 1382 221 6 0
297 220 473 1027 1079 714 261 25 324 239 513 1088 1095 657 178 2 360 322 868 1221 731 484 108 2
235 585 957 944 729 503 143 0 201 458 848 1078 849 540 122 0 277 632 1076 967 714 363 67 0
137 627 1061 959 782 475 55 0 50 538 1012 952 643 727 174 0 115 795 1024 758 574 664 166 0
