4092 2 2 0 0 0 0 0 4090 4 2 0 0 0 0 0 4091 4 1 0 0 0 0 0
4079 12 2 3 0 0 0 0 4080 11 2 3 0 0 0 0 4079 12 3 2 0 0 0 0
3884 137 55 10 6 3 1 0 3840 176 57 12 7 3 1 0 3804 206 63 13 5 4 1 0
3866 164 38 19 7 1 1 0 3835 184 48 20 7 1 1 0 3798 216 53 20 7 1 1 0
3469 387 135 56 25 14 7 3 3399 438 150 58 28 13 7 3 3314 499 157 68 31 13 9 5
1535 966 430 336 275 228 188 138 1374 1098 443 344 277 233 189 138 1142 1190 483 375 275 245 206 180
35 89 108 136 169 196 374 2989 39 89 113 135 161 202 375 2982 12 78 97 116 166 168 330 3129
130 388 242 228 226 271 272 2339 148 384 249 227 234 257 282 2315 96 331 271 228 226 253 299 2392
41 178 150 116 107 137 137 3230 45 186 146 110 112 139 141 3217 34 134 190 93 117 131 155 3242
0 0 4 4 7 12 16 4053 0 2 3 3 7 12 17 4052 0 0 4 3 8 11 17 4053
0 0 0 0 0 0 0 4096 0 0 0 0 0 0 0 4096 0 0 0 0 0 0 0 4096
0 0 0 0 3 66 165 3862 0 0 0 0 3 75 159 3859 0 0 0 0 0 29 185 3882
1 10 21 23 27 131 317 3566 3 15 20 23 29 157 308 3541 0 3 15 20 35 90 332 3601
110 1313 487 275 216 184 228 1283 166 1338 418 298 212 180 224 1260 107 948 657 353 248 222 191 1370
302 1959 372 261 258 301 206 437 331 1911 402 260 252 279 232 429 229 1738 559 289 250 315 232 484
352 1093 405 424 567 526 249 480 385 1082 417 399 486 573 273 481 189 1055 526 393 507 568 307 551
4039 37 12 5 3 0 0 0 4035 41 12 5 3 0 0 0 4040 37 11 5 3 0 0 0
4030 46 14 5 1 0 0 0 4028 48 14 5 1 0 0 0 4035 39 16 5 1 0 0 0
3840 161 56 24 9 1 4 1 3821 170 64 26 9 1 4 1 3812 180 65 23 10 2 2 2
3998 64 19 11 3 1 0 0 3992 68 19 13 3 1 0 0 3981 78 21 11 3 2 0 0
3899 139 39 10 6 2 1 0 3872 161 42 12 6 2 1 0 3891 144 43 10 5 2 1 0
2465 781 307 192 120 102 73 56 2281 954 320 190 121 106 70 54 2382 838 323 193 127 102 75 56
796 1015 367 313 290 306 348 661 750 1091 366 306 305 297 351 630 849 967 382 300 303 296 357 642
1450 1823 290 147 116 85 76 109 1321 1936 312 157 105 90 72 103 1608 1637 321 154 108 93 66 109
586 1701 334 232 190 206 228 619 605 1726 323 230 193 207 220 592 800 1533 320 213 198 203 229 600
76 389 280 238 210 201 295 2407 131 409 253 239 202 231 270 2361 133 368 262 245 189 245 288 2366
0 0 0 0 0 0 0 4096 0 0 0 0 0 0 0 4096 0 0 0 0 0 0 0 4096
0 0 0 0 1 25 45 4025 0 0 0 0 1 27 43 4025 0 0 0 0 1 11 58 4026
47 535 435 171 132 246 279 2251 122 612 335 151 139 244 283 2210 97 454 390 219 163 214 306 2253
470 1756 335 231 190 278 341 495 670 1650 292 236 172 248 371 457 708 1517 384 226 169 292 317 483
1269 1295 309 287 208 424 267 37 1189 1376 326 280 175 386 329 35 1274 1293 369 238 193 390 296 43
1161 1180 241 236 292 655 234 97 1091 1268 234 236 223 565 391 88 1062 1231 312 210 251 699 244 87
4094 2 0 0 0 0 0 0 4094 2 0 0 0 0 0 0 4094 2 0 0 0 0 0 0
4063 22 8 2 0 1 0 0 4061 24 8 2 0 1 0 0 4057 26 10 2 0 1 0 0
3366 360 192 92 46 23 12 5 3374 377 177 92 45 18 9 4 3399 368 170 83 43 20 9 4
3926 94 28 24 13 7 4 0 3937 88 28 21 12 8 2 0 3952 73 30 19 13 8 1 0
4056 40 0 0 0 0 0 0 4055 41 0 0 0 0 0 0 4061 35 0 0 0 0 0 0
3794 299 3 0 0 0 0 0 3460 633 3 0 0 0 0 0 3827 268 1 0 0 0 0 0
2519 1253 119 63 33 35 37 37 2266 1515 117 60 37 34 34 33 2814 994 102 58 32 37 36 23
2800 935 114 72 49 40 33 53 2639 1117 106 73 41 44 28 48 3056 728 94 65 38 43 30 42
2289 1336 158 73 70 59 37 74 2219 1435 137 81 76 47 36 65 2806 885 113 83 71 46 42 50
306 1095 355 177 177 168 213 1605 437 1127 270 170 166 172 233 1521 743 854 247 180 160 178 244 1490
0 13 19 36 47 69 162 3750 5 22 28 44 54 86 215 3642 17 18 43 45 56 126 277 3514
17 339 374 328 325 349 393 1971 119 423 373 315 337 356 392 1781 204 477 357 336 334 343 442 1603
46 341 294 159 165 161 248 2682 158 416 187 161 157 178 256 2583 199 336 231 156 156 198 283 2537
1534 1934 164 76 65 53 76 194 1576 1967 116 74 61 57 83 162 2260 1244 154 69 62 67 69 171
2595 1304 55 45 32 22 15 28 2712 1211 48 35 32 24 11 23 3428 489 59 40 26 22 13 19
2079 1488 158 110 82 70 39 70 2058 1555 145 99 83 63 37 56 2778 862 141 106 73 57 41 38
4080 12 3 1 0 0 0 0 4080 12 3 1 0 0 0 0 4078 14 3 1 0 0 0 0
4079 12 2 3 0 0 0 0 4080 11 2 3 0 0 0 0 4081 10 2 3 0 0 0 0
3985 66 13 12 10 7 2 1 3995 56 17 13 8 4 3 0 3997 58 13 15 7 3 3 0
4096 0 0 0 0 0 0 0 4096 0 0 0 0 0 0 0 4096 0 0 0 0 0 0 0
4056 39 1 0 0 0 0 0 4053 41 2 0 0 0 0 0 4066 27 3 0 0 0 0 0
3449 600 33 6 2 3 2 1 3256 781 46 5 4 1 2 1 3487 521 76 6 3 2 0 1
3333 479 239 34 3 8 0 0 3195 558 270 63 3 7 0 0 3252 422 241 152 22 2 5 0
3104 542 300 63 35 10 20 22 2970 632 317 98 31 13 17 18 3155 387 250 213 47 14 14 16
2137 1122 348 91 52 68 54 224 2265 1018 375 70 59 59 67 183 2754 541 306 154 68 51 107 115
407 1317 730 345 172 99 117 909 711 1158 654 383 135 110 110 835 1070 767 535 495 229 130 172 698
1249 1555 654 218 76 55 52 237 1817 1064 590 261 73 45 48 198 1874 851 589 410 114 48 94 116
1056 1578 690 304 127 93 93 155 1415 1258 638 375 139 73 111 87 1419 1047 640 532 221 98 110 29
991 2364 328 179 41 47 44 102 1007 2399 279 214 41 47 50 59 1744 1586 308 228 112 47 59 12
2288 1523 173 105 7 0 0 0 2163 1620 140 160 13 0 0 0 2917 809 121 151 97 1 0 0
2527 1127 217 108 74 29 14 0 2347 1271 229 119 76 40 14 0 2294 1177 265 195 98 51 14 2
3224 831 28 13 0 0 0 0 2769 1283 30 13 1 0 0 0 3593 452 29 19 3 0 0 0
3667 261 142 26 0 0 0 0 3499 397 146 54 0 0 0 0 3000 824 190 74 8 0 0 0
3095 685 235 79 2 0 0 0 2716 977 281 118 4 0 0 0 1811 1686 387 186 26 0 0 0
2768 969 205 112 27 11 4 0 2351 1312 255 123 36 15 4 0 1484 1890 456 159 75 21 11 0
2698 923 234 92 50 47 40 12 2431 1136 266 101 62 48 32 20 1715 1504 526 159 79 30 51 32
2123 1415 339 143 59 17 0 0 1693 1700 450 166 69 18 0 0 773 2133 832 219 98 37 4 0
1805 1733 312 99 49 50 39 9 1440 1949 452 115 43 50 46 1 747 2138 874 130 96 39 56 16
1507 1809 455 206 73 45 1 0 1189 1983 586 213 78 46 1 0 635 2087 840 298 168 55 13 0
1467 1697 620 115 97 92 8 0 1108 1883 720 182 96 91 16 0 512 1989 978 372 79 110 56 0
1912 1716 313 75 53 27 0 0 1513 2053 354 65 78 33 0 0 1013 2281 520 148 88 37 9 0
967 1798 923 164 98 49 86 11 781 1786 1043 231 101 49 87 18 326 1601 1247 608 101 73 68 72
902 2445 735 13 1 0 0 0 767 2483 826 19 1 0 0 0 313 2171 1501 110 1 0 0 0
572 2099 842 273 94 102 77 37 422 2070 962 312 113 94 80 43 100 1592 1331 614 216 60 99 84
2222 1525 205 87 53 4 0 0 1834 1865 235 88 70 4 0 0 1593 1841 430 136 70 26 0 0
3183 727 115 17 40 11 3 0 2741 1142 140 16 34 20 3 0 2792 1029 166 53 27 26 3 0
1024 2634 198 119 36 28 17 40 710 2877 250 107 69 25 21 37 500 2658 564 121 154 39 20 40
2138 1648 157 67 61 12 13 0 1712 2051 174 68 66 11 14 0 1406 2033 440 100 86 16 13 2
3479 415 135 66 1 0 0 0 3287 567 155 84 3 0 0 0 2891 878 207 97 23 0 0 0
2790 983 262 61 0 0 0 0 2317 1370 278 131 0 0 0 0 1394 2083 413 202 4 0 0 0
2498 1172 235 145 35 6 5 0 2061 1565 266 155 38 6 5 0 1148 2211 468 169 85 8 6 1
2714 846 287 127 56 38 11 17 2420 1074 338 140 55 41 15 13 1644 1561 527 216 54 49 24 21
1301 2203 413 116 58 5 0 0 1080 2341 452 149 68 6 0 0 388 2474 891 228 72 43 0 0
971 2478 478 86 39 40 4 0 831 2541 539 102 37 41 5 0 314 2409 1083 187 42 49 12 0
656 1965 1185 204 76 10 0 0 555 1925 1304 199 94 19 0 0 258 1353 1955 303 191 36 0 0
672 2086 1011 143 143 41 0 0 552 2120 1030 175 157 55 7 0 204 1659 1639 327 141 112 14 0
449 1560 1786 227 64 10 0 0 576 1504 1709 218 77 12 0 0 444 883 2218 430 100 20 1 0
503 1658 1381 294 111 58 38 53 588 1518 1372 357 114 56 38 53 286 1156 1692 596 160 91 44 71
361 1083 2500 151 1 0 0 0 316 1125 2519 135 1 0 0 0 130 813 2256 887 10 0 0 0
396 1439 1584 290 110 92 115 70 291 1515 1602 293 122 93 110 70 85 940 1758 836 153 108 112 104
1772 1681 466 104 68 5 0 0 1728 1751 455 80 81 1 0 0 1425 1802 588 170 99 12 0 0
2012 552 943 529 20 8 8 24 1881 704 1328 125 18 8 10 22 1632 913 760 719 17 17 12 26
434 2435 1001 74 45 19 21 67 359 2388 1137 63 45 20 32 52 254 1603 1748 276 96 22 18 79
1110 2254 493 76 45 38 42 38 1137 2249 499 50 43 41 44 33 704 1791 1271 152 30 61 55 32
3158 797 128 13 0 0 0 0 3002 940 127 27 0 0 0 0 2740 1148 163 45 0 0 0 0
2133 1713 226 24 0 0 0 0 1822 1965 251 58 0 0 0 0 1164 2474 343 114 1 0 0 0
1623 2122 231 116 4 0 0 0 1414 2287 251 136 8 0 0 0 908 2386 623 151 28 0 0 0
1481 2134 348 100 33 0 0 0 1325 2210 410 100 51 0 0 0 931 1894 1032 152 80 7 0 0
634 2911 420 79 44 8 0 0 484 2863 572 109 60 8 0 0 138 2262 1426 183 49 38 0 0
541 2890 609 23 17 16 0 0 475 2790 767 30 13 21 0 0 95 2146 1705 104 16 21 9 0
470 2145 1165 224 68 24 0 0 341 2109 1312 229 68 37 0 0 142 1433 2043 287 146 44 1 0
438 2218 1152 156 132 0 0 0 394 2121 1269 138 166 8 0 0 162 1558 1880 270 182 44 0 0
90 2039 1777 152 38 0 0 0 314 1868 1725 142 47 0 0 0 262 1052 2503 215 62 2 0 0
442 1958 1274 176 170 65 11 0 509 1833 1265 222 178 71 18 0 249 1311 1823 385 144 138 40 6
191 1014 2803 86 0 2 0 0 176 1086 2780 52 0 2 0 0 58 613 2773 650 0 1 1 0
337 1608 1598 295 137 98 23 0 300 1567 1602 346 145 99 37 0 106 897 2092 626 170 141 64 0
1518 1923 577 68 7 0 1 2 1503 1982 542 61 5 0 1 2 1267 1865 791 153 17 0 1 2
1234 336 1997 525 0 1 1 2 1216 365 2433 77 1 1 1 2 1142 357 1826 752 15 0 1 3
121 2956 768 124 60 45 20 2 130 2895 823 119 47 58 18 6 37 2211 1407 278 65 63 21 14
85 3091 898 22 0 0 0 0 148 3082 841 24 1 0 0 0 0 2527 1495 68 6 0 0 0
430 3502 164 0 0 0 0 0 371 3386 339 0 0 0 0 0 221 3191 684 0 0 0 0 0
151 3249 696 0 0 0 0 0 113 3170 813 0 0 0 0 0 122 2867 1090 17 0 0 0 0
56 2536 1499 5 0 0 0 0 50 2499 1540 7 0 0 0 0 51 1750 2191 104 0 0 0 0
14 1572 2415 95 0 0 0 0 9 1636 2313 138 0 0 0 0 8 700 2950 429 9 0 0 0
20 1499 2225 344 8 0 0 0 26 1184 2504 373 9 0 0 0 18 711 2505 832 30 0 0 0
30 1114 2313 639 0 0 0 0 12 744 2776 564 0 0 0 0 16 309 2508 1263 0 0 0 0
4 631 2579 819 63 0 0 0 1 402 2759 866 64 4 0 0 0 110 2270 1586 109 21 0 0
3 588 2858 627 20 0 0 0 2 326 3006 734 28 0 0 0 0 81 2061 1840 114 0 0 0
1 626 2638 813 18 0 0 0 2 445 2736 893 20 0 0 0 1 109 1428 2537 21 0 0 0
13 742 2660 621 59 1 0 0 10 552 2654 800 79 1 0 0 3 146 1446 2319 161 21 0 0
59 651 2675 711 0 0 0 0 46 506 2688 856 0 0 0 0 15 195 1726 2103 57 0 0 0
86 1140 1864 876 123 7 0 0 23 921 1904 1061 169 18 0 0 2 316 1596 1559 575 48 0 0
159 758 1634 1545 0 0 0 0 139 756 1183 2018 0 0 0 0 35 647 764 2156 494 0 0 0
195 612 2093 1196 0 0 0 0 183 644 1640 1629 0 0 0 0 42 638 764 2379 273 0 0 0
97 1983 1866 102 46 2 0 0 59 1457 2382 134 55 9 0 0 8 583 2588 817 76 24 0 0
184 2122 1788 2 0 0 0 0 197 2025 1871 3 0 0 0 0 84 1337 2356 319 0 0 0 0
3 357 3736 0 0 0 0 0 2 222 3867 5 0 0 0 0 0 83 2579 1434 0 0 0 0
4 215 3872 5 0 0 0 0 3 149 3847 97 0 0 0 0 1 84 1853 2158 0 0 0 0
0 301 3554 241 0 0 0 0 1 282 3234 579 0 0 0 0 0 201 1862 2033 0 0 0 0
3 177 2786 1130 0 0 0 0 6 244 2642 1204 0 0 0 0 10 162 2162 1762 0 0 0 0
45 190 2343 1518 0 0 0 0 65 251 2414 1366 0 0 0 0 64 212 2161 1659 0 0 0 0
0 113 2341 1642 0 0 0 0 0 196 2546 1354 0 0 0 0 3 149 2170 1774 0 0 0 0
0 90 1885 2121 0 0 0 0 0 153 2130 1813 0 0 0 0 0 146 1700 2233 17 0 0 0
15 393 1169 2513 6 0 0 0 11 492 1404 2183 6 0 0 0 92 466 1085 2272 181 0 0 0
348 656 987 2079 26 0 0 0 81 913 1288 1791 23 0 0 0 593 469 1006 1977 51 0 0 0
25 289 1103 2435 244 0 0 0 21 409 1389 2145 132 0 0 0 34 414 1087 2171 385 5 0 0
18 230 893 2695 260 0 0 0 17 232 1164 2414 269 0 0 0 29 194 920 2113 839 1 0 0
5 185 915 2660 329 2 0 0 3 174 1171 2424 320 4 0 0 4 123 843 1846 1259 21 0 0
1560 232 539 1655 110 0 0 0 1570 209 530 1645 142 0 0 0 1457 233 412 840 1154 0 0 0
3675 90 75 256 0 0 0 0 3682 68 87 259 0 0 0 0 3578 128 86 173 131 0 0 0
3416 247 376 57 0 0 0 0 3416 173 439 67 1 0 0 0 3225 242 343 275 11 0 0 0
2803 502 724 67 0 0 0 0 2819 573 644 60 0 0 0 0 2539 829 342 386 0 0 0 0
0 93 3623 380 0 0 0 0 0 58 3442 596 0 0 0 0 0 6 824 3266 0 0 0 0
0 21 2400 1675 0 0 0 0 0 17 1956 2123 0 0 0 0 0 6 201 3888 1 0 0 0
0 16 1109 2959 12 0 0 0 0 16 736 3331 13 0 0 0 0 8 115 3641 332 0 0 0
0 3 479 3601 13 0 0 0 0 3 409 3654 30 0 0 0 0 1 144 3128 823 0 0 0
0 2 57 3858 179 0 0 0 0 2 63 3897 134 0 0 0 0 1 22 2997 1076 0 0 0
0 9 33 2932 1121 1 0 0 0 9 39 3337 711 0 0 0 0 11 26 2687 1372 0 0 0
1 61 232 2653 1149 0 0 0 1 46 259 2791 999 0 0 0 1 76 194 2193 1631 1 0 0
2 127 327 2056 1581 3 0 0 6 138 398 2270 1284 0 0 0 9 181 325 1655 1921 5 0 0
0 102 337 1977 1680 0 0 0 0 40 453 2315 1288 0 0 0 0 191 258 1724 1922 1 0 0
0 770 612 2266 448 0 0 0 0 359 1118 2490 129 0 0 0 0 1165 289 2175 467 0 0 0
1 483 691 2606 314 1 0 0 4 416 987 2663 26 0 0 0 6 691 718 2640 41 0 0 0
13 146 522 3213 202 0 0 0 12 185 1271 2599 29 0 0 0 2 112 1194 2762 26 0 0 0
700 223 237 2838 97 1 0 0 755 203 818 2314 5 1 0 0 637 302 620 2532 4 1 0 0
1395 256 395 2048 2 0 0 0 1414 284 728 1669 1 0 0 0 1319 379 554 1843 1 0 0 0
1602 141 648 1705 0 0 0 0 1618 138 1578 762 0 0 0 0 1521 237 1181 1157 0 0 0 0
2169 973 879 75 0 0 0 0 2200 1033 849 14 0 0 0 0 2228 1003 835 30 0 0 0 0
0 52 788 3256 0 0 0 0 0 60 718 3318 0 0 0 0 0 47 196 3806 47 0 0 0
0 27 104 3767 198 0 0 0 0 30 96 3694 276 0 0 0 1 23 76 2905 1091 0 0 0
0 5 46 2802 1243 0 0 0 0 16 61 2799 1220 0 0 0 0 10 70 1583 2433 0 0 0
0 0 44 1870 2174 8 0 0 0 336 505 2069 1186 0 0 0 0 22 685 1743 1646 0 0 0
0 0 16 578 3488 14 0 0 0 3 59 1368 2666 0 0 0 0 1 39 923 3130 3 0 0
0 1 95 407 3366 227 0 0 0 0 137 763 3192 4 0 0 0 26 183 764 3121 2 0 0
0 142 751 678 2314 211 0 0 0 50 905 831 2296 14 0 0 6 505 694 864 2021 6 0 0
0 1867 1662 395 172 0 0 0 0 653 2955 357 131 0 0 0 12 3062 756 192 74 0 0 0
0 1160 2633 292 11 0 0 0 0 854 3100 140 2 0 0 0 51 3510 520 15 0 0 0 0
1 126 2911 999 58 1 0 0 1 389 3350 351 5 0 0 0 53 2999 1015 29 0 0 0 0
0 1462 2226 393 14 1 0 0 0 1127 2800 164 4 1 0 0 40 3490 552 12 2 0 0 0
2 2930 812 200 37 5 4 106 0 2455 1295 220 10 6 4 106 471 3203 265 154 3 0 0 0
13 2023 507 891 271 68 33 290 5 1913 716 993 71 71 31 296 450 2220 527 869 30 0 0 0
15 979 456 1756 231 84 127 448 0 957 573 1801 110 76 119 460 251 1418 873 1544 10 0 0 0
1 428 878 1867 115 121 109 577 1 504 1213 1498 83 108 104 585 222 1194 1441 1239 0 0 0 0
44 3833 180 1 2 7 5 24 5 3958 94 1 2 6 3 27 1381 2682 33 0 0 0 0 0
0 38 1369 2689 0 0 0 0 0 121 1713 2262 0 0 0 0 0 89 1068 2939 0 0 0 0
0 1 52 2987 1056 0 0 0 0 6 72 3745 273 0 0 0 0 6 58 3471 560 1 0 0
0 0 14 1097 2975 10 0 0 0 0 22 2691 1381 2 0 0 0 0 23 2500 1571 2 0 0
0 0 0 441 3544 111 0 0 0 0 0 1530 2566 0 0 0 0 0 0 1422 2665 9 0 0
0 16 242 814 2942 82 0 0 0 17 479 1234 2354 12 0 0 0 143 635 1134 2173 11 0 0
0 135 1196 1207 1507 51 0 0 0 103 1604 1260 1128 1 0 0 0 850 1446 999 800 1 0 0
0 73 1241 1649 1114 19 0 0 0 80 1669 1974 372 1 0 0 3 914 1753 1291 135 0 0 0
0 78 2660 1279 79 0 0 0 0 151 3249 667 29 0 0 0 7 2106 1889 93 1 0 0 0
0 108 2369 1481 131 7 0 0 1 577 2831 652 34 1 0 0 72 2156 1737 124 7 0 0 0
0 33 1866 1938 252 7 0 0 0 362 2845 861 28 0 0 0 38 1719 2169 166 4 0 0 0
0 25 907 2469 667 28 0 0 0 97 2182 1731 84 2 0 0 4 893 2635 547 17 0 0 0
0 297 1461 2145 188 5 0 0 0 314 2663 1096 23 0 0 0 3 1564 2224 303 2 0 0 0
0 698 1563 1722 109 4 0 0 0 1046 2583 458 9 0 0 0 17 2252 1674 149 4 0 0 0
0 620 2534 921 21 0 0 0 0 1041 2960 94 1 0 0 0 15 2883 1160 38 0 0 0 0
0 1290 2083 708 13 2 0 0 0 1531 2489 73 3 0 0 0 17 2791 1258 28 2 0 0 0
2 2434 1631 27 2 0 0 0 1 3272 815 8 0 0 0 0 205 3704 185 2 0 0 0 0
