853 1443 1041 446 195 83 26 9 843 1569 1023 386 168 77 23 7 1163 1634 754 304 149 69 18 5
711 1725 1296 283 62 11 8 0 633 2142 1084 187 33 9 8 0 1094 2198 665 102 21 9 7 0
213 1154 1789 848 91 1 0 0 171 1225 1821 825 54 0 0 0 536 2060 1310 183 7 0 0 0
78 521 1202 1372 638 186 92 7 72 517 1225 1436 594 173 75 4 229 962 1533 897 313 122 40 0
12 98 728 1523 709 378 440 208 13 128 926 1473 599 387 403 167 42 392 1380 999 420 398 358 107
36 91 369 698 803 851 948 300 38 112 465 777 766 858 875 205 50 168 638 713 750 915 725 137
879 1676 930 438 126 39 8 0 848 1807 926 369 99 42 5 0 1167 1762 772 268 90 35 2 0
1087 2043 743 157 50 12 4 0 1038 2186 657 152 48 14 1 0 1557 1904 462 129 33 11 0 0
279 1070 749 541 344 237 287 589 260 1113 835 544 273 225 279 567 498 1132 808 421 231 174 275 557
134 541 864 911 1056 244 195 151 112 557 977 1481 497 228 183 61 207 782 1726 832 247 158 134 10
171 292 537 1134 1127 248 180 407 191 353 714 1165 932 242 275 224 261 562 1130 1193 388 177 314 71
57 372 773 1279 815 425 220 155 84 373 864 1333 681 399 210 152 111 461 1020 1255 606 336 167 140
410 1251 755 127 50 56 213 1234 531 1368 575 90 37 55 209 1231 849 1365 292 68 29 60 221 1212
105 533 1204 1407 593 87 63 104 200 948 1754 823 157 55 55 104 524 1903 1183 208 85 31 59 103
165 466 448 714 2052 93 60 98 278 562 760 2191 115 43 64 83 500 864 2368 148 58 31 63 64
347 192 97 350 860 101 160 1989 376 188 230 980 124 83 138 1977 419 233 955 249 84 50 140 1966
243 343 552 965 922 433 235 403 395 504 977 1153 374 225 108 360 669 963 1320 418 211 121 55 339
96 340 786 1765 780 243 83 3 170 507 1295 1600 312 189 23 0 329 879 1801 784 221 80 2 0
