305 728 1367 1529 159 8 0 0 366 846 1314 1521 49 0 0 0 1305 2702 89 0 0 0 0 0
21 568 992 1268 572 371 269 35 69 726 1250 1338 417 269 27 0 897 2553 483 148 15 0 0 0
3 225 973 1719 745 337 93 1 9 278 1446 1682 499 181 1 0 952 2659 457 28 0 0 0 0
1 606 880 921 841 554 262 31 1 195 1103 1027 1130 583 57 0 692 2596 696 64 48 0 0 0
453 169 288 1315 1559 301 11 0 292 308 359 1516 1421 196 4 0 453 2958 592 91 2 0 0 0
721 292 473 1000 1212 376 22 0 373 635 424 1107 1149 374 34 0 796 1580 452 110 160 922 76 0
0 44 457 1706 1489 336 64 0 0 63 254 1331 1823 594 31 0 204 1646 340 41 696 1120 49 0
0 4 142 922 1919 652 237 220 0 12 168 333 2188 1062 215 118 97 1335 375 217 985 837 176 74
1787 459 363 276 406 533 228 44 1621 392 443 340 605 602 82 11 1641 952 963 313 179 35 10 3
1678 436 551 476 353 266 280 56 1307 664 521 460 502 366 226 50 1195 770 665 414 370 509 143 30
99 215 419 730 705 553 715 660 77 170 377 500 937 761 943 331 238 389 537 463 708 995 741 25
8 76 236 467 709 829 925 846 3 34 190 376 721 1129 1242 401 56 265 440 543 663 1103 875 151
0 7 58 248 1666 1656 417 44 0 0 51 89 980 2640 314 22 0 186 1194 1895 645 111 59 6
229 223 566 754 1173 806 264 81 212 98 310 590 1183 1335 279 89 222 145 811 1545 887 246 153 87
265 184 296 367 901 1573 481 29 353 208 399 485 791 1520 334 6 469 402 882 1281 774 211 73 4
0 28 76 299 1205 1867 495 126 0 5 66 126 904 2272 619 104 1 76 867 1501 1209 246 116 80
