3018 874 123 48 26 7 0 0 2717 1162 135 48 25 9 0 0 195 3471 277 89 43 17 4 0
3189 907 0 0 0 0 0 0 2950 1146 0 0 0 0 0 0 188 3902 6 0 0 0 0 0
2499 1081 141 67 44 54 81 129 2096 1459 161 73 45 52 89 121 277 3172 236 82 50 47 69 163
286 1687 728 235 213 192 244 511 144 1355 1104 310 239 210 270 464 20 1681 966 222 209 197 237 564
355 950 790 568 377 214 250 592 140 920 793 677 455 284 287 540 37 1189 974 544 297 175 223 657
444 2255 957 281 66 43 39 11 165 1904 1357 482 91 45 42 10 59 2414 1232 232 65 43 36 15
213 2584 1207 87 5 0 0 0 156 2296 1395 241 8 0 0 0 76 2729 1237 53 1 0 0 0
1956 1595 210 125 141 62 7 0 1934 1604 210 108 166 73 1 0 146 2763 743 125 147 142 30 0
1410 1691 580 182 100 81 51 1 1265 1590 568 371 133 126 43 0 169 1948 983 357 283 218 131 7
804 789 903 547 329 523 195 6 667 821 786 534 529 583 176 0 42 1122 830 590 339 658 461 54
120 1252 840 914 474 300 190 6 113 1090 847 784 651 396 211 4 8 1137 711 723 579 473 381 84
90 704 671 1318 559 448 295 11 36 669 570 1099 923 507 289 3 17 733 601 809 712 659 513 52
93 1131 693 1001 700 437 41 0 20 762 960 884 945 491 34 0 41 1050 577 602 775 794 252 5
135 1341 1097 901 555 65 2 0 152 1279 1236 886 487 56 0 0 73 1361 838 1018 631 174 1 0
1399 1796 395 264 187 46 9 0 1405 1647 509 298 193 40 4 0 151 2382 679 400 327 132 25 0
265 1355 1099 612 482 226 52 5 217 1350 1130 842 453 78 26 0 43 1091 1106 787 807 207 55 0
9 328 837 1021 1088 607 179 27 23 418 1330 1161 662 405 97 0 8 386 1479 950 635 474 163 1
22 242 618 906 1148 782 296 82 49 407 831 1404 813 445 144 3 13 323 1376 1207 543 414 213 7
4 36 220 1027 1239 864 619 87 3 65 367 1335 1058 923 336 9 0 91 743 1109 866 662 594 31
9 84 343 1469 1141 781 221 48 11 79 697 1458 1053 661 123 14 1 154 1190 881 818 757 245 50
7 194 1510 1395 700 227 44 19 23 542 1593 1128 616 146 43 5 3 822 1313 861 704 312 59 22
