233 737 905 803 516 305 202 395 251 798 870 789 434 301 219 434 398 960 944 562 364 217 190 461
260 723 928 599 369 266 251 700 267 877 858 550 324 268 218 734 133 499 810 671 477 328 264 914
117 277 458 352 285 361 462 1784 121 295 482 310 268 338 411 1871 47 150 281 326 342 315 394 2241
94 306 476 418 299 284 363 1856 93 328 512 389 284 244 340 1906 13 126 337 424 347 321 335 2193
138 316 476 375 274 285 327 1905 125 376 477 338 255 273 292 1960 53 159 311 409 405 299 303 2157
85 381 668 482 199 199 204 1878 85 397 715 456 176 177 200 1890 73 230 468 501 328 242 243 2011
61 210 437 496 235 187 239 2231 56 250 455 457 238 195 229 2216 33 131 353 415 305 259 227 2373
39 169 407 459 271 242 263 2246 46 213 428 435 237 239 265 2233 44 131 358 409 320 251 273 2310
42 209 370 400 282 275 304 2214 58 289 346 386 265 275 299 2178 67 167 317 400 307 261 275 2302
21 147 351 387 406 380 372 2032 23 182 342 382 420 344 392 2011 83 171 398 424 399 288 302 2031
1 44 174 290 224 205 256 2902 2 57 186 292 209 210 262 2878 1 30 134 265 250 185 255 2976
28 186 543 592 497 285 257 1708 23 157 521 590 476 327 272 1730 59 312 693 594 314 179 229 1716
209 1341 1726 445 131 93 75 76 194 1412 1647 459 124 55 94 111 171 977 1971 675 168 41 29 64
1073 2754 168 33 15 9 12 32 548 3154 283 36 21 8 13 33 366 3179 429 40 21 12 11 38
186 2028 1074 252 132 97 74 253 187 1652 1420 277 146 94 77 243 41 1058 1799 520 192 105 100 281
6 125 1894 1522 133 99 83 234 3 96 1282 2160 146 91 79 239 3 29 332 2769 480 117 90 276
0 14 1995 1932 95 32 14 14 0 10 943 2970 106 38 13 16 0 1 50 3304 640 55 25 21
138 1447 1663 455 154 81 76 82 131 1350 1735 506 145 91 67 71 47 634 1744 1134 266 111 80 80
361 2160 1074 244 85 53 62 57 438 2099 1085 222 95 55 53 49 271 1926 1288 338 101 59 58 55
256 2012 1123 376 111 77 46 95 187 1729 1351 467 131 82 55 94 124 1615 1520 469 135 80 43 110
192 1563 1058 446 238 169 114 316 162 1506 1231 415 229 160 116 277 92 1149 1419 547 263 179 144 303
69 1276 1150 334 182 191 165 729 148 1467 971 293 178 181 182 676 38 578 1601 488 247 186 178 780
0 112 3068 914 2 0 0 0 0 70 3108 916 2 0 0 0 0 10 1530 2550 6 0 0 0
4 69 2094 721 145 113 166 784 1 80 2106 730 134 110 178 757 2 47 469 2285 162 130 162 839
0 61 190 201 146 160 238 3100 4 106 202 185 134 150 261 3054 0 20 114 192 176 173 236 3185
1 426 902 220 193 178 226 1950 2 675 724 202 171 176 239 1907 0 37 736 441 330 236 208 2108
0 2904 1192 0 0 0 0 0 1 3090 1005 0 0 0 0 0 0 1590 2459 47 0 0 0 0
0 2633 1452 11 0 0 0 0 0 2730 1330 36 0 0 0 0 0 2720 1163 213 0 0 0 0
0 5 1771 534 102 62 82 1540 0 12 1905 395 108 60 75 1541 0 55 1003 1248 29 5 56 1700
0 685 789 2402 216 4 0 0 0 782 783 2285 244 2 0 0 0 216 1078 1464 978 220 132 8
0 3777 319 0 0 0 0 0 0 3885 211 0 0 0 0 0 0 3414 682 0 0 0 0 0
2 3145 949 0 0 0 0 0 24 3893 179 0 0 0 0 0 20 3795 281 0 0 0 0 0
297 1248 1224 587 248 158 100 234 398 1435 1076 494 219 135 101 238 306 1150 1202 589 296 163 106 284
296 1195 1322 584 263 129 101 206 363 1349 1255 487 223 113 94 212 373 1370 1127 511 266 134 74 241
212 908 1110 578 303 193 201 591 258 1037 995 512 298 182 185 629 292 950 955 496 307 186 166 744
264 571 816 480 299 240 319 1107 244 640 829 441 258 222 247 1215 204 534 768 437 324 272 228 1329
341 534 576 463 341 246 302 1293 311 578 577 418 331 259 251 1371 221 439 574 481 348 262 255 1516
265 703 903 436 193 197 209 1190 242 769 895 399 194 187 208 1202 116 434 814 605 347 217 210 1353
98 261 378 315 192 179 238 2435 105 275 387 272 199 175 233 2450 58 145 315 299 265 206 226 2582
94 279 577 388 198 204 236 2120 101 339 575 349 197 189 237 2109 70 236 428 454 238 213 243 2214
118 312 489 400 279 254 302 1942 157 375 488 361 268 233 301 1913 87 271 471 410 285 251 285 2036
55 208 377 348 279 232 266 2331 82 242 396 332 255 220 278 2291 57 181 338 351 290 240 246 2393
4 44 165 264 252 170 239 2958 4 48 172 262 251 176 244 2939 3 30 150 265 241 177 232 2998
18 93 255 374 282 266 306 2502 21 116 282 345 253 255 345 2479 56 186 331 340 250 172 249 2512
332 1286 1234 494 226 146 111 267 292 1434 1113 486 239 141 111 280 249 910 1508 676 269 119 96 269
1840 1974 155 79 35 5 4 4 1233 2528 208 78 37 4 4 4 1122 2551 269 84 53 8 4 5
240 2204 961 206 125 83 72 205 216 1890 1287 212 130 87 79 195 89 1153 1797 494 154 106 76 227
4 73 2833 918 115 64 39 50 2 33 2158 1613 134 63 41 52 0 12 375 3154 347 90 51 67
0 31 2295 1577 121 40 17 15 0 22 1152 2692 157 40 22 11 0 1 222 3230 525 70 25 23
155 1491 1761 428 100 82 36 43 162 1419 1816 446 100 77 38 38 79 1074 1710 898 144 93 45 53
378 2063 1051 253 116 82 53 100 401 2062 1073 244 104 70 68 74 291 1923 1247 312 117 100 61 45
116 2225 942 235 135 91 85 267 124 2079 1080 240 134 97 90 252 68 986 1813 572 172 107 95 283
83 915 1390 615 287 171 159 476 101 821 1394 708 288 171 170 443 67 567 1476 796 343 193 154 500
83 503 1240 579 277 240 238 936 125 590 1161 565 283 228 249 895 36 278 1073 848 366 256 225 1014
1 459 3456 156 9 5 1 9 6 469 3532 67 9 3 3 7 0 57 3278 708 31 6 7 9
19 377 3371 85 47 36 37 124 17 455 3314 69 47 32 39 123 14 114 3240 482 46 31 45 124
16 112 476 406 257 242 351 2236 21 223 512 314 243 248 373 2162 10 53 208 387 412 313 356 2357
2 954 450 128 147 145 203 2067 14 1115 314 133 146 131 202 2041 0 204 775 329 219 169 202 2198
11 3627 458 0 0 0 0 0 19 3682 395 0 0 0 0 0 5 2594 1491 6 0 0 0 0
1 3686 409 0 0 0 0 0 1 3853 242 0 0 0 0 0 0 3348 748 0 0 0 0 0
0 343 1487 542 248 172 68 1236 0 648 1317 450 209 174 67 1231 0 415 1533 98 242 269 244 1295
0 1265 1954 836 41 0 0 0 0 1311 1924 814 47 0 0 0 0 980 618 2279 214 5 0 0
0 3752 344 0 0 0 0 0 0 3836 260 0 0 0 0 0 0 3803 293 0 0 0 0 0
11 3419 666 0 0 0 0 0 73 3857 166 0 0 0 0 0 72 3824 200 0 0 0 0 0
249 1853 1233 369 154 95 66 77 374 2136 948 301 120 86 62 69 443 2092 913 285 149 83 60 71
407 1652 1019 408 206 143 90 171 569 1733 863 363 186 136 90 156 491 1675 948 355 207 149 89 182
418 1055 1018 464 244 184 177 536 488 1083 992 413 239 175 166 540 447 1102 928 449 256 168 174 572
236 1105 1449 583 251 145 111 216 357 1389 1211 477 218 136 103 205 366 1391 1161 484 230 127 103 234
301 728 1001 548 288 205 195 830 360 835 960 463 277 193 195 813 297 717 947 522 303 236 210 864
341 734 754 394 254 210 256 1153 399 806 686 361 243 191 252 1158 290 609 794 446 250 230 238 1239
259 551 552 317 239 255 279 1644 269 560 546 301 238 229 276 1677 185 369 550 392 280 252 280 1788
175 537 668 442 275 200 222 1577 213 570 654 398 274 188 231 1568 131 430 641 476 284 225 226 1683
207 508 620 468 280 265 293 1455 287 547 605 387 279 259 285 1447 129 451 648 460 306 244 281 1577
113 406 682 406 284 250 245 1710 161 506 636 365 239 243 266 1680 50 287 632 512 285 257 268 1805
22 103 254 230 190 193 272 2832 29 104 263 229 184 181 298 2808 11 59 190 256 206 189 270 2915
37 202 307 234 204 200 236 2676 49 222 301 210 198 213 237 2666 73 207 304 235 175 176 199 2727
280 1720 1264 354 120 64 56 238 261 1833 1173 347 126 63 53 240 238 1436 1588 363 117 52 49 253
907 2679 357 103 20 7 9 14 682 2848 400 115 18 13 7 13 475 2850 552 160 26 9 9 15
57 2758 787 276 82 51 36 49 57 2248 1280 281 91 53 36 50 21 1394 1977 389 150 68 39 58
0 68 3398 560 66 4 0 0 0 14 3269 701 105 7 0 0 0 1 543 3150 373 25 4 0
2 120 3028 746 110 46 19 25 1 94 2867 929 115 47 21 22 0 39 1263 2354 325 67 30 18
302 2368 999 266 83 36 25 17 265 2372 1034 278 72 37 21 17 186 2020 1200 504 102 40 25 19
479 2061 622 191 125 82 95 441 418 2064 687 198 113 99 100 417 301 1951 844 241 144 94 82 439
383 1478 575 317 228 187 205 723 516 1453 531 303 219 192 204 678 152 676 1349 444 280 205 198 792
224 2325 750 280 133 97 80 207 319 2301 731 261 119 94 87 184 232 1896 1167 287 124 99 80 211
74 771 978 646 326 280 262 759 97 762 1046 645 318 281 253 694 52 638 1055 707 348 269 241 786
30 1482 1881 332 115 45 54 157 45 1850 1624 251 83 46 54 143 13 785 2378 498 134 57 53 178
0 1336 2751 9 0 0 0 0 0 1518 2574 4 0 0 0 0 0 462 3565 69 0 0 0 0
131 838 544 375 281 244 305 1378 115 953 585 302 255 237 316 1333 94 682 381 431 406 297 285 1520
57 1401 514 265 183 187 226 1263 99 1500 452 223 177 174 232 1239 15 662 924 429 255 192 230 1389
10 3706 380 0 0 0 0 0 11 3687 398 0 0 0 0 0 1 3084 1011 0 0 0 0 0
0 3068 1028 0 0 0 0 0 0 3235 861 0 0 0 0 0 0 2698 1398 0 0 0 0 0
22 371 1558 606 279 793 60 407 14 559 1486 522 215 831 62 407 13 200 1613 329 420 494 598 429
0 1321 1620 1042 113 0 0 0 0 1374 1729 901 92 0 0 0 0 874 785 2244 191 2 0 0
0 3748 348 0 0 0 0 0 0 3824 272 0 0 0 0 0 0 3775 321 0 0 0 0 0
84 3842 170 0 0 0 0 0 155 3810 131 0 0 0 0 0 120 3807 169 0 0 0 0 0
485 1371 938 344 193 145 160 460 574 1578 737 259 186 136 130 496 319 1266 900 416 274 188 149 584
561 1410 1023 409 213 133 104 243 746 1486 862 348 185 132 92 245 542 1340 1022 430 210 149 109 294
446 746 717 469 336 260 247 875 535 824 664 416 289 253 237 878 321 583 718 514 371 290 287 1012
479 1196 968 430 222 192 166 443 677 1317 781 367 199 167 158 430 453 1186 956 411 258 188 168 476
303 754 777 437 300 224 279 1022 385 904 644 383 258 217 282 1023 263 667 758 489 314 210 238 1157
331 706 652 284 223 251 291 1358 378 749 584 268 220 238 262 1397 197 519 667 415 255 242 280 1521
255 645 679 348 244 249 256 1420 351 728 560 300 237 247 248 1425 102 494 717 450 268 256 255 1554
235 504 496 388 256 239 313 1665 298 542 472 354 240 230 312 1648 102 365 527 408 337 254 281 1822
183 539 574 290 204 251 292 1763 236 610 520 230 198 254 279 1769 61 357 627 396 231 256 268 1900
109 445 608 398 255 233 305 1743 124 500 601 343 250 248 278 1752 23 245 558 555 292 244 290 1889
3 75 147 140 121 162 274 3174 6 85 146 137 121 155 251 3195 2 36 117 141 133 151 231 3285
36 239 509 390 203 197 249 2273 51 285 515 330 211 200 258 2246 42 267 514 329 177 205 232 2330
489 1653 1013 349 170 83 56 283 509 1780 892 329 166 85 50 285 388 1544 1120 409 174 105 60 296
1516 2208 229 113 27 3 0 0 1359 2342 251 114 27 3 0 0 1279 2359 285 129 38 6 0 0
19 3456 535 64 11 6 3 2 15 3206 769 84 11 7 2 2 4 1777 2125 148 30 7 2 3
10 840 2835 272 88 34 6 11 8 695 2946 302 93 34 7 11 1 80 2330 1460 129 73 10 13
14 1550 2256 177 59 30 7 3 17 1297 2495 190 62 27 6 2 7 511 2904 524 101 35 11 3
249 3170 472 112 44 20 5 24 300 3130 479 102 41 15 9 20 205 2946 698 146 44 25 8 24
412 2466 463 164 127 97 82 285 352 2252 715 177 139 96 85 280 325 2315 677 182 131 94 84 288
327 919 463 286 206 229 268 1398 352 884 510 288 216 226 283 1337 199 763 612 336 225 232 272 1457
491 1744 689 310 218 143 140 361 565 1750 680 288 220 138 129 326 375 1639 850 337 232 168 140 355
160 739 1321 645 262 208 197 564 219 894 1306 505 244 206 192 530 104 653 1395 651 278 214 195 606
25 1722 1322 695 203 74 37 18 69 2023 1239 530 139 52 32 12 33 1625 1462 686 187 60 30 13
0 1448 2630 18 0 0 0 0 0 2170 1918 8 0 0 0 0 0 988 3084 24 0 0 0 0
174 1850 237 161 168 183 224 1099 163 1889 224 168 167 170 236 1079 122 1645 371 176 172 189 208 1213
118 1795 913 246 124 134 112 654 202 1967 745 183 119 118 131 631 47 1278 826 649 283 166 116 731
66 3508 520 2 0 0 0 0 82 3555 459 0 0 0 0 0 18 3138 932 8 0 0 0 0
2 3569 525 0 0 0 0 0 2 3687 407 0 0 0 0 0 1 3405 690 0 0 0 0 0
2 1001 1143 1075 151 711 13 0 0 852 1673 706 114 738 13 0 2 828 1312 998 168 421 366 1
0 1134 1098 1774 90 0 0 0 0 1231 1060 1728 77 0 0 0 0 579 1075 2194 248 0 0 0
0 3590 506 0 0 0 0 0 0 3803 293 0 0 0 0 0 0 3405 688 3 0 0 0 0
36 3791 269 0 0 0 0 0 159 3794 143 0 0 0 0 0 76 3840 180 0 0 0 0 0
464 737 627 368 254 244 325 1077 554 840 525 314 234 231 291 1107 313 629 658 406 317 243 280 1250
586 1232 853 399 238 184 156 448 763 1324 697 339 227 155 147 444 536 1149 783 478 274 207 157 512
494 666 601 336 232 264 258 1245 571 702 536 304 237 242 249 1255 304 531 601 446 295 272 272 1375
541 951 770 325 256 238 246 769 653 1034 620 300 239 230 225 795 370 836 829 407 259 261 222 912
235 550 681 405 216 253 272 1484 307 666 601 336 207 228 268 1483 158 472 678 447 259 235 249 1598
301 789 779 440 304 258 248 977 407 843 709 395 295 231 255 961 417 845 794 371 269 190 247 963
206 455 461 305 257 241 258 1913 267 518 381 300 241 224 277 1888 169 417 469 334 268 216 270 1953
253 546 538 393 288 302 344 1432 318 559 443 396 305 302 346 1427 175 503 637 349 279 292 327 1534
203 565 733 398 260 223 282 1432 281 640 667 325 261 216 268 1438 130 432 763 491 264 219 264 1533
113 395 474 257 207 207 291 2152 164 441 419 223 212 199 280 2158 58 260 484 357 211 199 269 2258
51 186 216 150 159 164 270 2900 76 179 213 148 152 163 257 2908 24 133 215 182 146 161 241 2994
238 1313 875 286 157 148 169 910 236 1348 867 265 164 143 150 923 203 1204 942 305 181 137 150 974
1451 1297 696 213 53 58 51 277 1294 1448 678 230 59 60 49 278 1332 1240 765 288 72 60 47 292
1717 1768 445 137 25 2 2 0 1714 1791 428 140 19 2 2 0 1630 1795 399 220 48 2 2 0
72 3882 100 19 7 10 2 4 82 3874 99 18 8 9 2 4 30 3734 287 20 9 8 4 4
121 2839 722 151 95 61 44 63 119 2704 857 152 95 63 39 67 50 2016 1551 176 110 73 42 78
114 3557 271 73 35 16 17 13 114 3354 481 70 29 16 17 15 61 3082 772 92 33 21 20 15
515 3356 123 30 23 22 12 15 301 3553 139 31 24 22 11 15 287 3542 162 33 21 21 14 16
493 2769 296 128 104 61 68 177 309 2747 503 143 93 67 60 174 232 2752 512 139 101 86 69 205
307 863 471 324 266 239 301 1325 296 857 490 328 266 246 316 1297 98 790 587 325 303 246 312 1435
129 644 705 281 221 194 197 1725 180 750 617 245 218 190 189 1707 57 346 654 490 341 206 177 1825
160 1101 1427 460 204 128 117 499 263 1433 1173 331 181 131 104 480 148 1012 1411 561 217 138 123 486
104 1016 1377 867 301 147 123 161 136 1230 1321 749 258 133 115 154 53 873 1446 920 310 166 131 197
3 2419 1674 0 0 0 0 0 4 3113 979 0 0 0 0 0 5 2325 1765 1 0 0 0 0
186 2667 368 64 55 60 106 590 195 2668 348 70 54 56 91 614 102 2401 649 100 56 54 81 653
229 1772 499 248 193 186 146 823 233 1884 413 253 208 151 139 815 29 1512 488 410 340 223 181 913
20 3625 450 1 0 0 0 0 28 3669 398 1 0 0 0 0 6 3248 835 7 0 0 0 0
14 3842 238 2 0 0 0 0 17 3852 226 1 0 0 0 0 5 3717 371 3 0 0 0 0
36 1063 368 1023 283 124 108 1091 25 1085 562 956 180 130 86 1072 33 1014 492 683 320 200 169 1185
0 1160 1766 1161 9 0 0 0 0 1207 1831 1055 3 0 0 0 0 740 924 2176 253 3 0 0
0 3281 815 0 0 0 0 0 0 3548 548 0 0 0 0 0 0 3294 802 0 0 0 0 0
39 3403 654 0 0 0 0 0 93 3629 374 0 0 0 0 0 37 3432 627 0 0 0 0 0
357 869 672 464 349 276 293 816 433 926 589 454 324 272 257 841 393 782 673 448 360 292 256 892
579 1416 779 433 249 209 160 271 799 1388 688 377 237 194 153 260 597 1330 782 471 249 202 177 288
533 1089 726 374 237 175 200 762 615 1154 638 333 237 159 173 787 465 1070 700 418 268 158 185 832
613 1424 756 309 219 181 139 455 801 1453 589 277 212 182 136 446 698 1309 725 351 220 178 141 474
294 980 1124 618 281 212 154 433 509 1114 960 500 269 178 139 427 400 1038 1041 550 272 191 145 459
237 982 988 598 378 278 206 429 394 1100 875 534 320 251 216 406 417 1094 854 542 335 244 185 425
179 782 1081 605 369 251 262 567 321 990 922 523 319 227 269 525 343 979 945 508 326 217 228 550
166 853 1195 712 356 234 216 364 337 1129 1000 553 278 212 162 425 381 1211 1090 542 275 147 111 339
211 820 1050 590 410 298 227 490 350 1000 862 546 393 264 218 463 259 933 934 568 402 272 215 513
151 584 771 687 527 389 330 657 251 699 736 655 466 392 277 620 150 556 779 662 558 381 308 702
192 316 433 513 443 406 355 1438 241 314 433 511 454 369 368 1406 140 287 390 468 502 406 368 1535
166 497 870 967 568 300 250 478 166 506 776 977 638 317 255 461 121 368 554 742 833 629 287 562
1225 2067 543 200 49 9 3 0 863 2386 630 167 39 8 3 0 955 2153 654 281 42 8 3 0
822 2335 719 176 29 8 7 0 610 2504 761 179 27 12 3 0 589 2321 847 282 42 11 4 0
272 2550 454 275 217 196 97 35 174 2678 488 286 231 163 65 11 145 2563 591 293 215 199 76 14
426 2628 422 225 146 115 99 35 365 2702 435 222 156 114 82 20 304 2677 480 237 167 117 86 28
471 1845 378 429 442 451 57 23 418 1883 376 435 497 397 69 21 346 1846 341 346 503 501 165 48
431 1609 338 345 532 587 158 96 495 1571 331 341 597 554 122 85 250 1689 342 307 421 715 257 115
38 289 241 467 925 1411 508 217 54 291 245 475 1045 1541 231 214 20 272 173 366 682 1879 452 252
65 152 237 332 836 1700 473 301 70 151 240 368 939 1807 218 303 35 117 170 289 572 2125 439 349
38 182 447 476 952 1367 429 205 42 212 425 466 1036 1414 305 196 17 80 348 408 590 1484 906 263
134 1188 1841 477 190 119 62 85 185 1364 1697 406 191 114 62 77 74 788 1935 720 217 177 77 108
4 163 1658 1593 597 65 10 6 4 120 1380 1747 742 87 11 5 0 24 328 1608 1569 524 31 12
75 2929 780 170 79 49 14 0 118 3129 548 173 78 40 10 0 29 2798 827 226 124 69 19 4
672 2871 416 41 27 12 12 45 619 3054 283 38 30 15 10 47 468 2886 600 42 29 16 11 44
244 2135 693 345 244 167 99 169 251 2197 691 306 226 171 86 168 176 2012 647 519 287 170 92 193
7 3701 386 2 0 0 0 0 7 3754 333 2 0 0 0 0 7 3515 572 2 0 0 0 0
24 3918 154 0 0 0 0 0 28 3934 134 0 0 0 0 0 7 3759 330 0 0 0 0 0
47 884 237 821 495 520 424 668 31 896 333 821 611 536 344 524 66 859 266 648 902 551 260 544
0 242 1554 2289 11 0 0 0 0 499 1377 2217 3 0 0 0 0 48 1627 844 1577 0 0 0
0 3450 646 0 0 0 0 0 0 3581 515 0 0 0 0 0 0 2257 1839 0 0 0 0 0
72 3724 298 2 0 0 0 0 178 3706 212 0 0 0 0 0 52 3715 327 2 0 0 0 0
480 1668 938 467 244 155 106 38 707 1736 818 386 201 155 77 16 886 1811 677 319 189 139 61 14
578 1973 839 414 170 84 28 10 936 1943 675 308 148 60 20 6 1016 1901 676 289 133 58 20 3
479 1621 1024 518 248 118 71 17 785 1636 876 444 189 101 58 7 947 1688 789 373 150 97 47 5
657 1724 824 366 243 155 92 35 962 1621 729 342 221 132 68 21 1098 1641 666 313 187 123 50 18
284 1811 1144 424 196 105 75 57 572 1945 888 344 137 100 55 55 730 1911 838 354 130 91 33 9
193 1154 1373 625 318 188 144 101 402 1519 1089 492 251 164 98 81 506 1534 1069 454 260 148 81 44
155 1278 1334 676 328 178 100 47 453 1587 1049 507 262 135 74 29 433 1619 1053 492 255 141 74 29
184 1135 1386 577 375 212 124 103 460 1500 1016 472 307 184 79 78 433 1516 1039 484 276 174 87 87
128 731 980 509 323 228 214 983 318 916 778 449 303 205 194 933 211 889 842 452 276 226 218 982
69 346 650 786 735 447 247 816 125 416 700 790 691 373 215 786 74 346 640 749 743 454 253 837
7 279 968 1473 937 274 43 115 14 323 965 1532 858 242 47 115 4 138 703 1401 1165 471 93 121
82 143 996 1605 979 219 55 17 72 118 837 1573 1197 249 40 10 3 122 200 1030 1439 1107 176 19
31 368 1191 917 723 564 263 39 30 311 1196 1221 799 415 119 5 26 508 1470 954 688 357 86 7
214 2579 856 273 139 23 7 5 177 2500 952 297 137 23 6 4 83 2364 1150 285 176 31 6 1
26 411 1323 735 699 563 268 71 47 455 1335 846 777 475 138 23 88 702 1421 711 659 388 111 16
87 883 734 937 646 515 235 59 101 914 727 1008 636 503 181 26 120 1013 1123 953 560 233 82 12
483 1851 416 421 470 367 78 10 584 1791 433 384 458 370 66 10 548 1788 467 448 559 230 43 13
311 1555 413 496 510 521 247 43 323 1584 484 455 499 512 220 19 274 1656 488 575 639 340 110 14
34 197 466 867 929 1022 468 113 58 284 634 905 872 963 310 70 85 320 721 992 1101 702 155 20
4 36 284 798 1228 1358 347 41 10 86 518 935 1280 1139 120 8 13 125 638 1183 1427 614 90 6
3 27 400 1070 890 1343 337 26 4 34 539 1081 1010 1210 211 7 5 81 731 1313 1106 749 107 4
82 793 1787 759 432 207 31 5 97 803 1680 795 381 292 44 4 34 634 1954 1193 212 60 9 0
0 128 1573 1975 380 40 0 0 0 88 1290 2202 427 88 1 0 0 3 405 2096 1453 139 0 0
101 2547 551 584 242 62 7 2 162 2568 493 578 212 73 8 2 110 2467 434 691 303 86 4 1
160 3642 294 0 0 0 0 0 137 3760 199 0 0 0 0 0 94 3594 408 0 0 0 0 0
1282 2127 509 162 10 5 1 0 1299 2202 442 138 10 4 1 0 1272 2097 480 225 16 5 1 0
26 3615 453 2 0 0 0 0 29 3733 334 0 0 0 0 0 29 3570 497 0 0 0 0 0
91 3919 81 5 0 0 0 0 87 3925 76 8 0 0 0 0 38 3919 127 12 0 0 0 0
144 1685 481 629 404 573 124 56 135 1702 648 666 428 361 116 40 185 1672 515 1170 425 75 27 27
30 1364 1260 1406 23 9 1 3 17 1432 1468 1155 11 9 2 2 15 1117 700 2040 211 8 2 3
0 3272 824 0 0 0 0 0 0 3525 571 0 0 0 0 0 0 3000 1096 0 0 0 0 0
37 3834 225 0 0 0 0 0 328 3622 146 0 0 0 0 0 73 3689 332 2 0 0 0 0
620 1858 806 368 187 156 78 23 980 1789 654 300 171 140 47 15 1121 1831 561 250 173 113 38 9
344 1865 1102 421 181 115 44 24 717 1951 832 299 174 80 25 18 869 1996 722 261 153 69 17 9
496 1756 854 436 258 144 99 53 798 1784 695 363 216 117 89 34 939 1772 700 333 164 110 58 20
765 1885 633 338 246 126 73 30 1116 1737 540 314 204 117 56 12 1243 1731 489 297 194 95 38 9
321 1845 1062 393 239 138 59 39 643 2016 727 315 209 116 42 28 698 1979 725 312 204 105 45 28
93 1095 1184 533 350 207 112 522 296 1428 893 436 279 172 107 485 253 1311 972 485 270 167 119 519
73 618 913 494 300 207 199 1292 191 844 741 410 263 196 181 1270 128 772 804 411 274 214 190 1303
199 441 717 578 382 314 243 1222 270 510 710 539 338 294 245 1190 217 522 717 519 354 303 265 1199
253 361 742 972 676 460 320 312 310 400 830 917 632 453 260 294 283 386 706 979 676 438 324 304
272 429 698 1152 765 437 218 125 335 438 752 1129 730 411 198 103 260 394 628 1143 850 449 248 124
36 315 1053 1961 618 112 1 0 33 308 1073 1933 641 107 1 0 0 132 737 1925 999 281 22 0
108 352 1321 1364 815 133 3 0 109 312 1124 1365 969 211 6 0 34 268 435 1094 1192 925 147 1
109 787 2195 875 125 5 0 0 227 1201 1839 759 67 3 0 0 216 1379 2086 389 24 2 0 0
222 1795 1379 537 115 29 19 0 341 1933 1280 412 94 33 3 0 411 1956 1349 296 69 15 0 0
196 2092 1366 333 83 17 8 1 396 2029 1335 269 50 11 6 0 566 2375 961 146 40 6 2 0
165 1998 1102 461 245 75 30 20 278 2061 1122 381 166 53 19 16 519 2474 754 225 84 23 8 9
595 2433 594 249 136 55 22 12 641 2395 669 221 93 54 16 7 626 2655 549 157 75 23 11 0
354 1314 1270 719 266 115 37 21 328 1550 1314 573 200 90 30 11 434 1874 1208 379 129 50 16 6
214 667 1093 1244 552 242 64 20 333 789 1433 944 368 179 37 13 327 1012 1441 798 348 119 39 12
129 519 1297 1293 593 175 55 35 209 797 1428 1065 428 101 41 27 175 809 1475 1106 383 84 25 39
10 322 1152 1347 814 374 67 10 41 551 1107 1327 762 269 35 4 80 744 1348 1151 568 178 26 1
8 193 929 1322 1159 384 74 27 44 389 897 1289 1093 313 60 11 56 590 1258 1474 566 111 34 7
18 285 1138 1622 606 198 63 166 13 173 1245 1789 543 142 51 140 2 87 523 1849 1294 143 35 163
133 2087 460 524 517 146 56 173 279 2158 595 431 420 102 32 79 311 2030 598 608 364 78 22 85
19 3522 555 0 0 0 0 0 61 3811 224 0 0 0 0 0 74 3505 517 0 0 0 0 0
992 2880 143 32 23 9 6 11 1047 2853 132 25 17 7 7 8 1058 2810 164 28 15 7 10 4
128 3834 134 0 0 0 0 0 129 3844 123 0 0 0 0 0 116 3770 210 0 0 0 0 0
222 3846 28 0 0 0 0 0 208 3860 28 0 0 0 0 0 209 3855 32 0 0 0 0 0
185 2197 435 643 267 314 52 3 179 2215 459 596 185 354 95 13 235 2110 522 913 298 18 0 0
107 1152 771 2066 0 0 0 0 6 1384 723 1983 0 0 0 0 12 904 885 1656 639 0 0 0
0 2238 1858 0 0 0 0 0 0 2686 1410 0 0 0 0 0 0 258 3838 0 0 0 0 0
1 3886 209 0 0 0 0 0 294 3622 180 0 0 0 0 0 75 3303 712 6 0 0 0 0
701 2170 706 251 129 80 43 16 1018 2022 596 221 115 72 37 15 1282 1966 481 194 95 57 18 3
421 1996 919 338 200 105 62 55 626 2041 770 274 186 96 52 51 693 1936 793 296 153 95 69 61
402 1175 848 397 339 256 161 518 566 1211 706 386 324 247 166 490 453 1098 838 454 320 241 180 512
285 769 593 618 450 304 477 600 394 706 588 593 438 314 457 606 264 628 611 609 426 315 440 803
194 547 651 438 381 307 308 1270 236 580 634 402 388 308 291 1257 121 531 648 446 398 352 305 1295
297 763 755 559 331 216 226 949 398 827 736 455 313 197 220 950 290 825 758 501 324 207 255 936
614 854 884 611 374 321 249 189 755 874 859 550 347 322 217 172 594 859 880 600 367 321 275 200
710 739 706 588 429 488 278 158 860 723 702 527 442 477 241 124 683 738 679 608 421 485 319 163
455 500 702 804 780 520 233 102 563 482 746 785 768 477 183 92 429 472 659 822 751 596 255 112
459 542 712 925 698 451 218 91 513 552 715 915 688 433 196 84 375 512 619 930 771 507 258 124
70 358 1107 2020 469 71 1 0 69 365 1128 2001 466 66 1 0 4 174 610 1796 1263 229 20 0
199 692 1336 1102 620 141 6 0 307 809 1281 966 570 160 3 0 250 843 992 910 626 408 67 0
134 966 1768 965 221 37 5 0 327 1428 1610 613 95 22 1 0 372 1433 1584 581 100 23 3 0
282 1789 1314 567 121 23 0 0 301 1771 1488 443 86 7 0 0 329 2076 1230 379 75 7 0 0
118 1766 1520 570 107 15 0 0 163 1407 1947 485 85 9 0 0 215 2010 1411 379 76 5 0 0
107 1878 1604 398 87 20 2 0 79 1539 2064 333 68 13 0 0 151 2122 1499 251 61 12 0 0
99 2139 1491 335 25 7 0 0 46 1517 2169 341 22 1 0 0 113 2280 1479 206 17 1 0 0
73 2021 1741 227 24 8 2 0 27 1087 2537 392 42 9 2 0 102 2128 1661 175 24 5 1 0
34 751 1733 509 140 96 142 691 60 587 2015 469 108 129 195 533 105 1251 1575 255 125 163 248 374
6 227 1327 1340 597 221 87 291 14 248 1667 1325 403 147 106 186 25 647 1493 1134 417 156 115 109
5 150 1117 1598 826 313 63 24 17 205 1245 1763 650 166 38 12 48 526 1659 1201 507 120 26 9
29 357 1075 1532 763 238 62 40 199 706 1460 1163 419 101 32 16 255 897 1648 907 278 75 27 9
135 779 1164 878 518 522 96 4 104 844 1757 1114 240 31 6 0 190 817 1139 1197 656 93 4 0
45 1212 437 192 283 308 263 1356 272 1546 1867 149 109 71 50 32 241 2635 666 259 114 66 60 55
23 3617 456 0 0 0 0 0 87 3775 234 0 0 0 0 0 116 3667 313 0 0 0 0 0
615 3368 113 0 0 0 0 0 639 3344 113 0 0 0 0 0 562 3393 141 0 0 0 0 0
166 3893 37 0 0 0 0 0 179 3882 35 0 0 0 0 0 154 3894 48 0 0 0 0 0
106 3926 64 0 0 0 0 0 107 3927 62 0 0 0 0 0 100 3919 77 0 0 0 0 0
148 2450 721 632 79 24 9 33 113 2425 821 581 88 28 9 31 146 2283 664 857 75 25 16 30
311 1267 1451 1060 7 0 0 0 69 1763 1315 944 5 0 0 0 47 1337 831 1858 23 0 0 0
0 3472 624 0 0 0 0 0 0 3674 422 0 0 0 0 0 0 1816 2280 0 0 0 0 0
0 3875 219 2 0 0 0 0 35 3877 183 1 0 0 0 0 2 3501 587 6 0 0 0 0
168 691 513 266 237 338 211 1672 225 771 430 252 217 316 222 1663 189 506 467 355 231 377 227 1744
144 547 498 313 225 371 323 1675 181 603 459 279 210 355 334 1675 129 455 547 318 245 379 312 1711
237 1137 608 308 319 292 234 961 319 1135 559 303 290 288 230 972 295 1106 574 303 331 307 210 970
354 1161 1394 834 292 40 18 3 420 1229 1292 849 247 36 17 6 359 1065 1193 975 398 79 20 7
642 1043 480 655 591 287 214 184 723 1034 466 648 546 312 188 179 616 941 495 436 712 431 273 192
825 1125 610 465 372 304 232 163 1053 1058 550 451 324 299 219 142 880 1117 555 430 372 304 269 169
1075 720 555 524 417 362 283 160 1201 682 552 527 396 355 240 143 967 778 546 538 409 368 316 174
913 677 650 591 463 458 253 91 1038 652 680 526 474 452 195 79 778 717 646 604 450 487 310 104
499 568 758 783 856 415 147 70 550 563 816 857 730 381 135 64 417 514 722 808 909 462 191 73
586 489 698 774 726 549 192 82 621 505 724 778 698 528 175 67 513 461 665 756 754 601 248 98
170 494 1144 1701 525 61 1 0 185 499 1100 1700 549 63 0 0 110 350 612 1545 1275 199 5 0
160 907 1596 1015 303 97 17 1 389 1300 1445 693 195 65 9 0 617 1473 1238 545 160 58 5 0
181 978 1551 945 341 86 13 1 405 1317 1473 641 211 43 6 0 545 1457 1322 546 182 40 4 0
168 975 1616 982 272 71 9 3 379 1286 1566 648 173 39 4 1 537 1492 1383 516 138 26 4 0
175 1028 1583 953 291 56 10 0 399 1344 1521 656 145 26 5 0 511 1551 1361 505 139 23 6 0
140 927 1661 1011 271 74 12 0 296 1317 1624 637 178 38 6 0 363 1455 1496 573 168 35 6 0
78 806 1820 1067 280 39 6 0 150 1057 1862 828 169 27 3 0 230 1400 1677 636 130 22 1 0
65 815 1993 911 264 39 7 2 94 1017 2051 725 178 26 5 0 183 1478 1767 529 112 22 5 0
27 300 913 1100 488 264 207 797 235 909 1181 516 246 205 213 591 443 1132 999 439 241 255 366 221
11 440 973 857 711 405 265 434 36 464 1370 918 481 338 170 319 49 795 1258 901 426 286 209 172
6 25 139 504 1045 1471 699 207 12 51 287 767 1473 1103 302 101 12 71 348 916 1555 926 192 76
17 134 632 1334 1245 514 139 81 71 340 1090 1426 800 256 78 35 100 450 1354 1360 580 172 52 28
149 1300 748 698 737 339 99 26 115 1374 1738 588 181 70 22 8 226 1113 1288 1152 233 60 17 7
18 633 400 348 771 632 512 782 839 2252 473 62 276 88 18 88 1072 2239 249 83 175 147 37 94
161 3533 395 7 0 0 0 0 315 3533 246 2 0 0 0 0 371 3494 230 1 0 0 0 0
814 3168 114 0 0 0 0 0 814 3168 114 0 0 0 0 0 814 3168 114 0 0 0 0 0
118 3907 71 0 0 0 0 0 136 3903 57 0 0 0 0 0 137 3899 60 0 0 0 0 0
59 3945 92 0 0 0 0 0 66 3940 90 0 0 0 0 0 44 3859 193 0 0 0 0 0
109 2465 519 934 58 5 3 3 113 2476 565 866 64 6 3 3 93 2352 631 984 27 5 2 2
347 1454 1223 1072 0 0 0 0 114 1882 1269 828 3 0 0 0 82 1416 924 1664 10 0 0 0
0 2413 1683 0 0 0 0 0 0 3079 1017 0 0 0 0 0 0 396 3700 0 0 0 0 0
0 3462 634 0 0 0 0 0 0 3688 408 0 0 0 0 0 0 3105 948 43 0 0 0 0
436 1399 940 641 267 224 117 72 678 1307 927 537 252 211 115 69 627 1188 985 555 313 231 135 62
414 2003 834 345 198 122 79 101 524 2062 697 314 201 111 82 105 450 1945 756 378 223 128 114 102
696 1731 754 413 316 167 18 1 800 1719 690 396 295 174 19 3 696 1627 747 437 282 252 52 3
377 1503 1333 579 201 69 17 17 456 1556 1178 601 201 73 15 16 307 1473 945 948 231 142 31 19
457 943 528 1083 614 203 89 179 544 939 501 980 669 187 101 175 512 898 409 412 1173 389 122 181
911 1161 587 427 390 337 181 102 1089 1131 523 418 347 330 168 90 960 1066 591 418 374 351 225 111
951 747 685 534 455 401 218 105 1048 739 654 527 449 377 209 93 885 764 680 540 444 424 248 111
668 789 745 603 498 530 185 78 793 741 763 556 527 489 171 56 586 797 726 622 481 563 239 82
614 521 735 840 692 415 200 79 679 521 759 854 635 412 172 64 550 516 707 795 748 461 232 87
402 457 776 869 806 519 211 56 456 506 783 882 782 479 162 46 369 424 723 835 883 554 243 65
316 770 1145 1335 462 48 17 3 342 778 1111 1348 457 44 13 3 399 682 738 1256 860 143 13 5
281 1409 1823 436 101 34 10 2 414 1766 1466 335 76 28 10 1 519 1685 1502 277 75 25 12 1
270 1692 1715 319 70 22 7 1 373 1972 1437 227 62 17 8 0 475 1916 1405 222 52 19 7 0
284 1563 1430 536 169 59 25 30 489 1781 1212 396 122 47 23 26 672 1781 1126 315 110 46 21 25
107 1015 1304 789 416 256 124 85 209 1288 1237 662 363 194 94 49 292 1443 1151 634 324 160 71 21
82 632 1146 903 530 372 225 206 189 829 1170 796 488 317 187 120 346 1043 1144 666 419 246 144 88
41 222 586 708 812 721 585 421 76 327 704 767 831 701 451 239 176 578 854 880 672 518 316 102
21 213 573 770 753 841 622 303 77 319 683 789 862 847 378 141 177 585 880 770 751 646 225 62
24 183 1122 875 614 700 402 176 97 1019 850 652 679 537 201 61 242 1224 734 606 693 421 149 27
4 53 204 294 489 997 1286 769 36 181 209 390 758 1332 869 321 88 186 285 469 971 1355 553 189
3 28 97 328 817 1288 989 546 17 58 182 566 1078 1253 606 336 36 107 317 821 1278 946 402 189
9 90 278 701 978 807 445 788 48 179 420 840 954 647 322 686 70 217 650 969 854 467 235 634
15 537 1415 678 494 352 212 393 141 1103 1199 548 423 246 157 279 112 1018 1397 571 386 222 146 244
41 562 773 652 857 893 159 159 318 1262 654 631 769 282 70 110 402 1150 707 631 739 298 70 99
749 3144 194 5 1 0 3 0 863 3076 151 2 1 2 1 0 845 3062 183 2 1 2 1 0
526 3238 331 1 0 0 0 0 568 3273 254 1 0 0 0 0 528 3279 289 0 0 0 0 0
67 3892 125 12 0 0 0 0 82 3874 128 12 0 0 0 0 48 3846 189 13 0 0 0 0
8 3407 627 53 1 0 0 0 8 3353 678 56 1 0 0 0 4 2721 1288 77 6 0 0 0
0 1676 1311 1059 34 14 2 0 0 1960 1217 877 32 8 2 0 1 1509 1478 1079 24 4 1 0
6 1340 1799 946 4 1 0 0 2 1354 1928 807 3 2 0 0 2 661 2095 1309 27 2 0 0
0 2007 2089 0 0 0 0 0 0 2312 1784 0 0 0 0 0 0 33 4063 0 0 0 0 0
0 721 3370 5 0 0 0 0 0 2044 2051 1 0 0 0 0 0 728 3207 161 0 0 0 0
546 2020 737 237 135 139 110 172 689 2084 576 196 132 138 103 178 544 1934 663 282 190 149 163 171
440 1876 777 398 283 179 94 49 575 1844 719 348 269 191 100 50 471 1640 789 443 301 245 139 68
523 1957 845 345 251 125 31 19 599 1995 753 319 234 151 26 19 519 1905 783 395 213 210 51 20
373 1435 1358 433 234 179 55 29 503 1509 1212 397 225 165 58 27 360 1375 1118 642 257 188 124 32
392 748 750 1076 597 223 107 203 451 732 679 1052 645 214 128 195 416 683 421 758 1008 451 144 215
751 1190 690 519 376 340 153 77 906 1192 634 490 336 322 148 68 752 1198 632 505 368 359 204 78
764 927 744 588 446 407 151 69 899 916 735 553 420 381 130 62 758 922 712 585 419 450 176 74
765 675 771 617 555 510 162 41 862 678 759 587 571 471 133 35 679 703 761 615 538 535 214 51
420 596 846 814 728 443 195 54 511 607 903 798 694 402 144 37 394 586 825 814 744 479 201 53
133 137 477 1024 1258 691 252 124 151 176 567 1180 1202 532 203 85 122 153 472 1050 1338 634 229 98
238 897 1188 999 540 156 48 30 332 1038 1140 955 470 103 33 25 480 999 1035 845 529 145 39 24
74 533 1887 1114 362 115 7 4 154 830 2122 707 243 34 4 2 132 734 2112 848 236 27 5 2
94 405 1012 1258 472 374 296 185 178 571 1290 1012 435 292 249 69 153 499 1238 1173 470 313 202 48
77 288 579 571 456 631 805 689 153 430 641 497 577 773 746 279 200 432 628 590 654 835 577 180
7 46 119 260 454 822 1376 1012 28 86 210 349 676 1241 1150 356 56 94 230 389 774 1359 940 254
36 71 122 264 467 783 1285 1068 75 88 207 391 641 1144 1163 387 84 106 234 435 757 1262 961 257
4 18 42 66 150 451 1591 1774 8 39 61 113 318 1139 2054 364 8 43 68 131 421 1561 1664 200
3 20 406 1045 137 498 1084 903 5 69 869 613 369 937 1085 149 7 38 585 945 531 1097 818 75
14 105 694 1245 229 464 722 623 34 167 1247 730 329 656 745 188 29 144 851 1177 417 727 663 88
21 117 237 383 673 981 882 802 95 183 283 580 891 921 674 469 118 219 372 657 960 894 531 345
19 97 273 446 647 732 638 1244 95 247 447 605 734 643 413 912 248 370 615 739 656 445 338 685
10 93 270 482 617 727 673 1224 108 293 530 619 690 634 508 714 308 508 689 720 638 512 370 351
9 90 276 437 588 783 855 1058 118 286 467 631 774 792 581 447 334 490 676 826 775 550 375 70
54 213 380 532 739 792 688 698 202 412 571 749 814 648 397 303 412 655 847 864 651 381 248 38
1853 2108 105 18 7 3 2 0 1980 2019 74 16 3 4 0 0 1935 2054 83 18 4 2 0 0
449 3161 480 6 0 0 0 0 685 3112 296 3 0 0 0 0 690 2992 411 3 0 0 0 0
673 3355 67 1 0 0 0 0 736 3301 58 1 0 0 0 0 499 3503 92 2 0 0 0 0
126 3399 556 15 0 0 0 0 98 3370 613 15 0 0 0 0 72 3009 970 45 0 0 0 0
12 2242 1354 411 56 9 10 2 18 2393 1377 265 24 13 4 2 23 1791 1911 339 19 7 5 1
0 1876 2081 134 5 0 0 0 0 2011 1977 104 4 0 0 0 0 971 2842 274 9 0 0 0
0 757 3320 19 0 0 0 0 0 772 3306 18 0 0 0 0 0 32 4018 46 0 0 0 0
0 0 4055 41 0 0 0 0 0 0 4058 38 0 0 0 0 0 0 2599 1497 0 0 0 0
440 2013 849 299 168 153 80 94 514 2076 737 276 167 143 89 94 565 1839 820 287 181 174 142 88
492 1698 968 422 258 182 71 5 605 1792 818 361 233 192 81 14 539 1610 936 389 243 230 129 20
399 1655 1099 373 249 192 76 53 515 1752 933 330 246 187 77 56 448 1664 920 408 241 238 111 66
679 1606 1011 341 233 118 74 34 818 1630 902 278 235 122 74 37 683 1515 984 356 236 170 101 51
280 570 1028 1350 456 172 88 152 341 558 951 1299 548 164 86 149 335 535 544 998 1148 279 95 162
744 1075 798 565 353 359 134 68 881 1067 775 503 333 343 126 68 701 1134 759 536 333 361 200 72
659 793 868 716 484 402 127 47 775 833 846 667 447 374 115 39 678 810 852 663 468 422 160 43
480 596 780 837 705 483 168 47 607 630 808 821 639 450 112 29 508 607 812 789 676 501 162 41
210 334 491 713 837 725 437 349 274 388 563 749 843 663 378 238 233 369 538 754 854 711 395 242
48 110 365 713 1053 767 575 465 88 205 534 929 963 710 391 276 130 234 605 890 1043 626 369 199
128 411 641 836 836 524 320 400 347 588 804 875 619 351 254 258 698 789 907 709 462 243 173 115
142 238 402 546 684 749 657 678 250 307 494 621 750 755 482 437 409 410 574 699 749 636 367 252
45 227 233 386 700 994 949 562 135 271 306 591 904 1050 585 254 137 303 352 667 1014 982 455 186
62 249 247 286 380 631 1045 1196 173 283 262 358 514 895 1149 462 188 300 313 367 597 1063 968 300
7 24 49 144 274 527 1425 1646 21 39 105 225 440 1102 1831 333 20 43 132 265 533 1418 1500 185
12 25 34 74 147 299 1248 2257 24 30 52 128 221 796 2137 708 30 38 70 152 287 1259 1941 319
1 37 53 61 85 128 719 3012 19 54 53 73 109 359 2557 872 19 49 60 78 140 716 2727 307
1 16 13 15 19 68 703 3261 8 19 13 12 42 307 2408 1287 6 15 16 20 62 598 3134 245
21 60 74 121 245 559 1342 1674 59 64 102 171 405 1003 1710 582 51 76 108 224 469 1282 1568 318
18 116 246 325 384 405 436 2166 81 224 267 352 411 369 437 1955 86 237 307 364 411 404 403 1884
37 179 478 657 654 596 495 1000 189 428 651 636 602 495 380 715 239 484 665 669 570 491 377 601
95 356 633 779 684 546 439 564 375 622 792 662 550 438 350 307 455 729 796 663 545 378 329 201
85 369 732 869 658 532 396 455 326 707 891 709 531 415 298 219 444 838 880 674 517 348 267 128
719 1102 602 487 398 324 219 245 1033 1171 588 454 326 248 159 117 1062 1193 620 458 341 195 142 85
2226 1849 21 0 0 0 0 0 2325 1750 21 0 0 0 0 0 2209 1866 21 0 0 0 0 0
2033 1978 81 4 0 0 0 0 2075 1946 74 1 0 0 0 0 2052 1967 76 1 0 0 0 0
2455 1639 2 0 0 0 0 0 2473 1621 2 0 0 0 0 0 2446 1648 2 0 0 0 0 0
541 3513 42 0 0 0 0 0 540 3515 41 0 0 0 0 0 435 3610 51 0 0 0 0 0
428 3535 123 8 2 0 0 0 438 3563 87 6 2 0 0 0 429 3580 81 4 2 0 0 0
413 1381 1343 556 239 98 31 35 443 1719 1288 389 155 58 22 22 477 1639 1328 421 137 60 20 14
1 378 3473 229 15 0 0 0 2 759 3206 126 3 0 0 0 2 456 3392 243 3 0 0 0
0 25 3665 406 0 0 0 0 0 80 3708 308 0 0 0 0 0 15 2659 1420 2 0 0 0
531 1661 1057 340 216 158 79 54 634 1798 847 317 200 154 80 66 555 1548 990 379 235 206 121 62
487 1851 935 440 256 119 7 1 596 1940 804 378 221 148 8 1 603 1750 838 439 238 191 36 1
600 1720 765 363 247 217 108 76 708 1757 654 346 226 228 97 80 724 1541 737 357 242 235 175 85
438 1536 1027 474 285 174 79 83 583 1621 880 412 259 194 67 80 508 1500 923 453 285 224 123 80
239 403 1073 1553 472 122 78 156 253 485 1019 1476 511 122 70 160 267 394 733 1114 1117 219 98 154
376 767 1068 823 501 384 128 49 505 878 1039 715 443 355 121 40 484 909 1006 712 399 398 145 43
319 602 791 872 758 448 188 118 487 694 871 828 661 325 143 87 488 760 908 777 582 357 148 76
204 271 459 750 914 766 440 292 292 328 570 854 896 648 327 181 320 388 593 872 863 603 308 149
121 193 419 713 945 817 489 399 160 266 503 818 919 767 380 283 147 247 496 823 966 762 379 276
89 305 620 865 953 459 348 457 276 451 768 1002 695 365 266 273 540 532 794 944 708 278 221 79
103 347 510 628 645 642 514 707 350 495 635 627 631 550 359 449 695 669 704 643 517 407 304 157
32 95 210 372 661 1057 1045 624 93 159 322 589 946 1106 610 271 126 220 401 709 1048 1004 442 146
32 81 156 260 435 900 1425 807 74 126 240 355 735 1413 883 270 96 158 278 460 939 1448 553 164
7 28 96 193 428 843 1560 941 27 66 176 338 729 1390 1207 163 32 85 194 418 863 1571 849 84
22 51 55 94 203 497 1423 1751 52 56 82 161 383 1152 1802 408 52 59 92 191 516 1487 1508 191
16 164 158 105 128 213 965 2347 124 176 106 125 174 540 2285 566 78 191 150 139 217 1064 2041 216
18 116 92 43 40 128 948 2711 93 114 39 44 72 513 2685 536 52 122 71 48 144 1277 2250 132
0 3 13 30 40 92 880 3038 3 8 25 42 55 425 2743 795 2 11 26 46 112 1262 2531 106
45 164 360 264 322 410 939 1592 90 277 328 281 334 704 1395 687 173 284 380 295 382 935 1282 365
42 418 911 422 362 330 314 1297 138 814 645 400 321 330 326 1122 119 754 788 400 309 310 339 1077
52 226 495 657 570 488 363 1245 233 450 647 591 483 357 306 1029 227 491 663 619 464 365 297 970
101 339 695 826 699 534 397 505 336 638 825 731 537 426 309 294 373 659 852 713 551 410 316 222
127 470 815 816 560 439 370 499 464 776 826 612 452 379 282 305 459 760 882 627 461 367 288 252
229 702 896 704 521 377 268 399 471 994 812 600 435 285 250 249 424 985 919 594 426 284 238 226
570 1953 1276 288 9 0 0 0 790 2117 1062 125 2 0 0 0 463 2228 1216 185 4 0 0 0
303 1899 1730 162 2 0 0 0 456 2420 1172 48 0 0 0 0 414 2314 1309 59 0 0 0 0
544 2229 1158 162 3 0 0 0 664 2478 879 72 3 0 0 0 665 2428 911 89 3 0 0 0
446 2216 1309 122 3 0 0 0 564 2542 938 49 3 0 0 0 457 2553 1018 64 4 0 0 0
452 1802 1577 264 1 0 0 0 598 2238 1164 96 0 0 0 0 558 2181 1245 112 0 0 0 0
441 737 1373 816 357 198 120 54 590 1299 1283 487 233 130 55 19 602 1437 1302 426 193 93 39 4
25 1051 2504 403 73 24 13 3 134 1872 1878 151 42 13 5 1 106 1590 2168 179 35 17 1 0
6 845 3114 127 4 0 0 0 23 1596 2417 60 0 0 0 0 16 952 3020 106 2 0 0 0
762 1540 1014 334 195 167 53 31 881 1647 840 279 169 186 65 29 793 1471 880 365 232 207 113 35
628 1629 964 423 292 139 16 5 801 1642 843 353 265 167 20 5 704 1507 850 436 282 254 56 7
633 1533 944 376 246 205 99 60 833 1557 799 321 224 192 111 59 855 1400 799 357 232 229 153 71
777 1382 744 425 347 275 85 61 976 1349 640 395 327 265 90 54 809 1307 709 428 331 300 150 62
188 455 1231 1582 265 139 71 165 235 493 1178 1559 256 130 85 160 268 430 811 1250 966 137 84 150
441 548 804 764 594 487 263 195 516 645 842 696 573 434 227 163 645 757 770 648 537 409 225 105
253 481 701 786 765 553 291 266 417 576 747 772 691 460 234 199 516 603 812 753 601 439 238 134
246 207 424 594 705 687 504 729 292 266 510 621 739 648 456 564 251 300 504 655 709 673 470 534
118 186 418 736 957 736 508 437 167 300 617 884 899 638 352 239 160 324 661 916 894 607 364 170
147 450 583 703 783 564 419 447 376 564 634 856 588 500 301 277 463 628 646 828 635 426 283 187
192 320 452 628 820 784 488 412 313 398 582 741 867 609 311 275 467 461 621 853 809 476 214 195
46 133 218 499 954 1218 718 310 102 180 341 799 1243 935 350 146 123 211 413 899 1281 796 252 121
43 90 207 401 709 1106 1097 443 89 163 315 593 1020 1203 553 160 104 185 361 669 1131 1153 380 113
7 45 76 144 290 859 1717 958 26 71 120 210 661 1576 1226 206 34 80 140 275 842 1771 847 107
3 12 29 75 162 517 1782 1516 9 20 70 126 400 1361 1918 192 14 26 76 174 548 1852 1341 65
26 52 48 61 102 344 1510 1953 53 54 54 79 227 1074 2149 406 49 68 59 112 365 1575 1673 195
24 124 92 100 177 526 1495 1558 87 108 111 130 391 1180 1662 427 87 113 112 178 527 1547 1269 263
24 309 615 131 192 489 1601 735 90 623 311 165 335 1318 1108 146 82 494 455 204 538 1661 589 73
12 155 312 83 160 842 1713 819 66 310 151 99 552 1574 1241 103 41 276 206 160 872 1912 604 25
13 176 478 235 397 1090 1345 362 33 364 396 293 820 1430 693 67 22 235 517 376 1054 1463 395 34
15 1384 1472 169 119 93 103 741 77 2116 778 140 100 92 148 645 64 1696 1182 164 100 109 157 624
33 911 759 393 290 239 222 1249 151 1423 439 299 252 182 301 1049 152 1407 485 302 252 183 350 965
65 348 700 636 491 358 295 1203 276 713 664 504 390 273 223 1053 314 741 678 484 382 257 238 1002
138 701 1218 781 352 256 213 437 465 1141 1067 440 287 219 197 280 482 1134 1109 459 280 235 195 202
114 1090 2109 732 51 0 0 0 317 1641 1838 284 16 0 0 0 257 1492 1965 360 22 0 0 0
174 1382 2011 523 6 0 0 0 394 1900 1658 144 0 0 0 0 350 1783 1761 200 2 0 0 0
183 1477 2090 324 22 0 0 0 378 2119 1471 117 11 0 0 0 359 1957 1611 153 16 0 0 0
185 1567 2056 287 1 0 0 0 368 2143 1499 86 0 0 0 0 332 2006 1636 121 1 0 0 0
285 2236 1338 236 1 0 0 0 430 2529 1062 75 0 0 0 0 341 2414 1205 136 0 0 0 0
452 1142 1474 588 177 108 61 94 507 1502 1325 349 173 99 62 79 602 1567 1432 280 77 49 59 30
75 1098 2362 458 52 17 18 16 181 1748 1854 212 45 18 21 17 161 1753 1989 137 14 20 13 9
61 1482 2216 323 14 0 0 0 168 2138 1635 139 16 0 0 0 95 1767 1964 233 33 4 0 0
989 1729 693 316 197 138 21 13 1133 1694 617 284 177 147 32 12 900 1650 704 346 205 205 71 15
758 1640 715 448 318 160 37 20 917 1609 655 395 269 193 42 16 764 1534 696 424 323 248 90 17
679 1526 799 376 278 229 124 85 886 1532 665 345 244 218 123 83 626 1489 805 407 251 196 227 95
600 1091 991 619 350 245 136 64 751 1206 917 494 296 244 126 62 601 1178 952 557 295 255 186 72
161 401 1154 1644 267 157 93 219 210 502 1143 1568 251 133 95 194 244 424 729 1496 797 153 70 183
278 530 684 741 776 482 321 284 431 630 742 765 624 442 261 201 543 683 808 697 572 407 271 115
210 282 462 641 774 770 487 470 303 348 553 721 814 635 436 286 297 435 574 724 814 620 422 210
234 248 356 603 823 750 501 581 302 263 460 718 843 640 439 431 253 275 471 738 842 681 458 378
120 308 594 879 948 618 322 307 268 461 728 950 818 446 225 200 357 541 733 948 792 385 206 134
143 316 496 652 807 663 467 552 344 445 573 791 708 535 339 361 426 490 670 821 656 478 295 260
136 321 536 751 851 743 415 343 301 457 660 852 841 518 253 214 338 506 712 888 792 463 219 178
104 240 448 757 903 819 501 324 233 341 628 898 897 611 294 194 261 373 693 931 868 571 245 154
148 243 421 584 760 854 512 574 263 345 490 710 849 685 362 392 282 375 535 739 881 604 339 341
53 180 268 412 688 998 849 648 154 232 335 585 891 971 651 277 162 257 365 654 966 935 543 214
16 55 134 245 458 1050 1425 713 46 109 203 363 823 1407 960 185 52 119 232 406 1007 1477 698 105
44 78 126 177 376 821 1529 945 94 101 158 292 647 1396 1118 290 89 115 176 354 786 1526 828 222
0 2 14 60 195 715 1918 1192 1 7 40 151 521 1530 1716 130 1 12 55 184 699 1895 1203 47
1 8 23 62 183 626 1888 1305 4 23 45 125 448 1547 1795 109 4 26 51 164 642 1915 1252 42
2 10 29 51 204 825 1982 993 11 21 39 148 501 1857 1432 87 9 26 45 191 816 2211 766 32
5 20 30 32 74 388 1793 1754 17 27 28 46 250 1230 2311 187 16 31 29 70 451 2122 1332 45
0 42 935 99 93 565 1787 575 0 267 779 72 326 1560 1063 29 0 60 946 133 580 1917 452 8
2 1699 1764 103 25 83 331 89 5 2037 1500 35 45 254 210 10 1 1645 1850 78 103 331 87 1
50 2580 1369 16 12 9 6 54 78 3165 763 15 9 9 6 51 75 2805 1115 18 16 9 5 53
20 2911 426 476 48 14 15 186 69 3033 527 241 19 15 11 181 25 2945 387 480 46 13 16 184
120 2399 1423 143 11 0 0 0 262 2563 1215 55 1 0 0 0 254 2405 1204 227 6 0 0 0
78 2088 1693 233 4 0 0 0 128 2323 1557 87 1 0 0 0 102 2138 1710 144 2 0 0 0
112 1898 1865 217 4 0 0 0 210 2310 1471 105 0 0 0 0 147 2010 1796 143 0 0 0 0
126 2198 1659 113 0 0 0 0 195 2559 1290 52 0 0 0 0 144 2294 1592 66 0 0 0 0
498 2664 877 51 6 0 0 0 360 2977 709 46 4 0 0 0 438 2618 972 63 5 0 0 0
184 2266 1067 158 82 112 125 102 182 2360 973 155 84 137 122 83 347 2256 996 132 83 130 110 42
70 1475 955 417 275 210 332 362 154 1679 831 369 249 218 422 174 244 1800 794 353 176 181 427 121
93 1745 2016 240 2 0 0 0 60 2086 1858 92 0 0 0 0 96 1853 1926 219 2 0 0 0
581 1651 872 491 323 137 36 5 731 1653 800 421 293 162 32 4 518 1484 966 515 293 248 64 8
567 1729 728 397 339 197 88 51 726 1765 614 371 292 210 69 49 548 1585 805 439 305 250 102 62
391 855 834 563 485 416 286 266 611 1005 710 515 450 358 243 204 574 1012 744 550 427 341 255 193
215 530 896 831 681 408 276 259 434 746 944 715 502 336 213 206 531 839 927 667 453 295 234 150
66 327 1196 1597 353 188 117 252 136 381 1235 1561 299 155 104 225 198 356 867 1505 744 150 82 194
124 337 570 682 797 665 481 440 242 448 659 748 744 590 411 254 336 500 666 728 674 615 409 168
25 52 232 470 878 953 748 738 36 106 351 636 991 868 694 414 45 117 365 680 1027 862 669 331
46 97 312 743 1105 870 582 341 66 152 475 975 1056 757 404 211 76 173 486 970 1083 747 383 178
143 409 599 823 820 542 337 423 425 587 741 893 647 356 218 229 667 662 880 839 488 234 229 97
42 113 299 584 1108 1098 596 256 103 229 484 894 1199 772 314 101 143 301 548 1003 1167 653 230 51
32 100 264 664 1035 1138 611 252 80 176 517 921 1174 830 263 135 100 212 624 1015 1172 672 198 103
35 124 271 628 1027 1115 586 310 92 206 473 901 1140 818 314 152 118 222 562 983 1155 697 239 120
94 375 428 383 541 766 805 704 214 454 434 466 691 845 637 355 256 474 497 507 757 810 539 256
69 209 272 423 599 838 882 804 186 245 356 565 763 857 667 457 177 273 391 610 800 904 561 380
38 132 246 403 672 965 944 696 103 211 304 601 840 1016 768 253 111 212 378 641 922 1002 672 158
42 156 263 470 823 1100 881 361 121 214 374 717 1009 1060 487 114 121 223 418 777 1092 988 393 84
32 107 155 271 566 1136 1239 590 63 143 232 429 1001 1300 745 183 71 164 260 518 1137 1284 543 119
28 62 92 220 449 996 1480 769 64 73 176 360 762 1378 1069 214 61 90 207 413 915 1496 786 128
8 31 84 157 492 1223 1460 641 23 60 116 301 951 1561 912 172 19 69 154 401 1162 1554 652 85
35 201 97 99 170 476 1873 1145 177 117 98 141 323 1390 1678 172 122 178 102 178 505 1997 945 69
0 0 3 26 156 1078 2501 332 0 2 12 107 663 2586 716 10 0 2 28 133 1047 2599 284 3
0 7 30 9 42 386 2264 1358 1 15 24 19 207 1662 2105 63 3 9 31 48 484 2570 946 5
0 38 925 63 58 189 1275 1548 3 92 906 57 133 747 2046 112 3 47 927 96 218 1615 1164 26
2 397 3052 377 59 69 97 43 4 813 2930 121 64 84 70 10 2 286 3277 292 81 115 34 9
66 1631 2396 3 0 0 0 0 28 1884 2182 2 0 0 0 0 73 1399 2620 4 0 0 0 0
290 1678 2113 15 0 0 0 0 354 1712 2018 12 0 0 0 0 254 1426 2395 21 0 0 0 0
263 2177 1554 73 29 0 0 0 317 2305 1380 70 24 0 0 0 245 1828 1913 79 31 0 0 0
450 2549 997 96 4 0 0 0 477 2650 874 91 4 0 0 0 363 2316 1293 120 4 0 0 0
521 3033 488 53 1 0 0 0 619 3059 389 29 0 0 0 0 663 2774 623 36 0 0 0 0
638 2837 450 130 37 3 1 0 416 3055 448 128 39 9 1 0 591 2863 516 107 18 1 0 0
174 1051 1326 876 367 175 69 58 172 1096 1207 905 416 177 70 53 508 1731 1151 408 167 78 45 8
101 2588 937 325 80 44 18 3 87 2650 929 306 84 26 13 1 245 2837 778 170 49 16 1 0
492 1058 1079 742 451 172 51 51 629 1156 1005 622 407 176 43 58 495 1003 1008 713 446 311 95 25
345 824 788 815 572 360 214 178 548 885 783 756 475 322 188 139 511 877 806 733 503 325 206 135
339 556 719 737 599 444 298 404 533 648 773 627 529 372 271 343 640 668 780 647 476 335 291 259
221 540 796 784 672 494 298 291 436 692 792 724 578 411 261 202 592 801 767 682 515 383 219 137
119 371 1106 1782 418 125 61 114 182 467 1166 1703 338 95 51 94 262 383 857 1453 918 95 39 89
37 87 240 457 823 954 825 673 60 134 335 651 923 945 644 404 79 154 350 716 1014 940 542 301
16 83 260 636 1062 970 666 403 42 135 415 854 1094 856 526 174 41 154 449 894 1144 829 446 139
121 312 566 983 985 600 299 230 236 405 732 1053 835 490 193 152 269 439 747 1079 803 444 200 115
189 614 662 757 608 405 314 547 562 781 786 619 428 312 247 361 817 936 738 536 347 250 275 197
175 426 514 613 729 693 495 451 441 495 585 701 739 537 290 308 519 532 605 752 710 478 256 244
85 207 276 443 797 1088 733 467 207 255 370 640 1007 943 377 297 231 304 443 740 1080 783 284 231
29 77 163 344 675 1154 1089 565 73 145 274 537 1010 1208 617 232 86 157 328 675 1107 1130 455 158
66 258 342 513 787 906 735 489 145 331 451 734 858 861 433 283 201 360 501 753 910 796 365 210
71 274 386 513 700 781 714 657 182 359 448 658 756 768 534 391 255 401 494 714 797 710 468 257
135 321 386 534 694 788 717 521 264 394 483 630 765 760 485 315 261 426 538 655 790 766 384 276
44 152 334 610 920 1082 713 241 99 270 471 805 1124 879 374 74 104 294 512 881 1144 818 282 61
125 733 474 351 588 729 662 434 283 823 403 469 714 731 462 211 258 808 483 535 751 705 398 158
35 193 152 221 461 989 1126 919 93 230 162 377 765 1175 808 486 74 212 241 419 920 1167 666 397
7 31 78 187 543 1213 1520 517 23 46 127 386 895 1581 911 127 27 62 161 472 1092 1590 636 56
8 26 74 153 447 1103 1596 689 22 49 117 334 810 1606 1019 139 26 60 130 416 1035 1639 708 82
3 21 57 194 492 1648 1454 227 15 45 111 346 1211 1853 483 32 16 49 150 405 1543 1636 281 16
3 23 67 176 547 1346 1611 323 6 50 125 345 1054 1830 658 28 8 60 136 486 1304 1761 328 13
7 35 510 553 391 785 1335 480 21 73 838 420 649 1275 748 72 12 55 612 684 846 1403 444 40
0 14 3749 333 0 0 0 0 0 81 3974 41 0 0 0 0 0 12 3610 474 0 0 0 0
3 98 3986 9 0 0 0 0 3 253 3840 0 0 0 0 0 3 47 3994 52 0 0 0 0
0 26 4070 0 0 0 0 0 0 196 3900 0 0 0 0 0 0 8 4081 7 0 0 0 0
1 196 3886 13 0 0 0 0 1 958 3131 6 0 0 0 0 0 64 4017 15 0 0 0 0
0 722 3366 5 2 1 0 0 0 1438 2651 4 3 0 0 0 0 97 3991 4 3 1 0 0
0 759 3323 5 4 5 0 0 0 1533 2550 4 5 4 0 0 0 285 3793 6 6 6 0 0
7 864 3204 19 2 0 0 0 12 1224 2842 16 2 0 0 0 3 648 3421 22 2 0 0 0
15 432 1126 568 542 802 563 48 23 541 1193 595 690 937 89 28 43 570 1236 621 853 710 41 22
4 366 807 752 822 1074 250 21 11 530 949 816 1052 665 59 14 32 508 1015 871 1180 448 35 7
386 808 977 902 534 275 118 96 552 947 980 768 430 243 92 84 525 854 963 799 473 301 124 57
406 819 776 684 543 355 205 308 613 960 762 578 452 278 197 256 543 906 855 619 456 268 235 214
232 544 792 790 629 413 315 381 429 717 812 736 480 368 263 291 513 704 851 678 469 372 268 241
178 425 718 844 731 477 318 405 354 656 870 757 543 372 257 287 566 745 838 664 496 329 298 160
43 305 875 1529 531 359 247 207 96 396 1024 1500 456 332 164 128 163 401 740 1324 1003 258 143 64
21 51 316 707 767 865 687 682 32 109 455 839 872 785 588 416 36 133 403 796 1091 792 523 322
14 73 263 662 1059 878 676 471 23 131 414 879 1062 773 548 266 34 140 430 940 1072 796 474 210
163 383 743 954 847 465 256 285 346 661 855 885 674 316 208 151 560 735 840 887 593 257 162 62
100 344 545 709 774 669 451 504 366 511 661 784 673 504 298 299 498 608 764 767 633 396 254 176
88 324 516 704 928 783 434 319 256 472 634 873 862 558 230 211 309 519 705 920 844 444 188 167
54 176 306 430 749 1061 770 550 164 243 396 682 979 855 496 281 207 287 510 768 1036 738 368 182
26 64 173 379 699 1178 1009 568 57 118 310 520 1015 1177 602 297 69 145 354 664 1174 1087 371 232
33 98 172 351 623 998 1085 736 72 154 266 516 907 1081 750 350 91 183 311 602 998 1085 604 222
137 210 399 519 740 806 723 562 236 331 438 664 821 785 526 295 257 373 486 712 869 733 460 206
209 427 534 628 760 675 448 415 424 492 580 692 780 543 312 273 448 526 620 775 739 489 266 233
90 211 381 641 746 894 598 535 198 309 546 696 868 724 419 336 204 342 579 743 897 690 351 290
52 150 276 434 678 933 968 605 131 204 383 587 879 953 695 264 143 225 416 623 946 974 574 195
55 219 367 554 798 898 772 433 154 323 449 784 841 819 510 216 151 332 470 822 903 814 429 175
66 181 336 494 805 929 875 410 149 297 401 689 876 993 512 179 134 314 468 756 946 958 379 141
22 56 102 255 532 1162 1523 444 58 74 181 409 882 1572 815 105 61 90 215 487 1052 1602 514 75
12 62 147 346 813 1479 967 270 44 117 232 588 1240 1325 450 100 43 122 270 689 1404 1173 316 79
41 147 209 453 928 1382 731 205 86 184 321 726 1301 1063 301 114 66 210 379 822 1381 939 202 97
2 287 1685 738 450 528 344 62 19 650 1775 514 545 427 153 13 9 323 1847 799 598 423 89 8
7 617 3269 201 2 0 0 0 18 961 3051 66 0 0 0 0 3 454 3214 423 2 0 0 0
0 238 3768 90 0 0 0 0 2 562 3506 26 0 0 0 0 0 124 3723 249 0 0 0 0
0 25 3220 373 242 160 74 2 0 88 3324 326 195 144 18 1 0 13 3184 558 222 111 8 0
38 327 3711 20 0 0 0 0 44 507 3542 3 0 0 0 0 20 236 3778 62 0 0 0 0
19 456 3621 0 0 0 0 0 19 756 3321 0 0 0 0 0 0 251 3820 25 0 0 0 0
0 155 3941 0 0 0 0 0 0 378 3718 0 0 0 0 0 0 11 4084 1 0 0 0 0
0 38 4058 0 0 0 0 0 0 114 3982 0 0 0 0 0 0 3 4092 1 0 0 0 0
0 0 1688 696 404 601 700 7 0 11 1967 553 396 995 174 0 0 0 1868 740 645 829 14 0
0 0 2 24 146 1512 2357 55 0 0 10 58 615 2878 528 7 0 0 9 87 1077 2798 122 3
278 884 1026 913 557 260 104 74 528 1104 1032 673 420 205 78 56 473 1064 1006 707 464 230 92 60
492 1067 927 590 391 254 178 197 699 1256 802 462 322 217 168 170 798 1054 835 501 338 233 200 137
372 753 969 657 467 362 225 291 599 985 877 465 421 328 185 236 694 913 825 508 404 343 243 166
124 468 596 695 796 652 416 349 337 632 618 745 744 506 314 200 443 631 688 736 711 480 292 115
81 322 878 1197 647 494 303 174 135 375 974 1285 614 421 219 73 114 348 643 1585 788 398 177 43
61 141 307 1089 738 653 645 462 126 162 440 1174 770 727 440 257 88 209 426 858 1237 690 359 229
215 316 501 775 932 638 412 307 304 385 615 878 881 549 346 138 261 412 666 928 868 562 314 85
154 649 797 773 654 488 260 321 507 945 814 686 508 269 158 209 707 1006 860 644 396 218 151 114
39 158 413 695 1030 955 532 274 141 353 600 977 989 658 249 129 188 424 726 1022 934 519 193 90
24 83 200 381 815 1149 993 451 77 163 312 671 1119 1120 464 170 105 211 415 840 1186 921 330 88
58 127 208 426 716 1100 925 536 151 168 345 618 992 1051 530 241 170 223 417 755 1096 903 381 151
86 198 261 416 656 1035 947 497 191 231 358 538 950 1075 523 230 207 275 440 667 1039 950 363 155
130 304 320 467 647 704 679 845 280 358 395 582 683 703 591 504 331 402 474 641 701 710 478 359
771 105 234 411 607 764 748 456 817 191 341 507 704 829 484 223 839 220 384 568 768 777 387 153
1200 268 348 536 584 549 375 236 1300 336 442 608 573 477 238 122 1322 346 498 640 571 428 204 87
899 434 579 681 610 449 224 220 1096 528 647 706 514 312 156 137 1143 549 704 682 494 287 145 92
990 235 349 444 529 603 572 374 1078 309 413 528 549 650 381 188 1083 341 427 552 600 645 318 130
943 223 316 419 588 690 565 352 1060 265 383 484 683 647 424 150 1051 284 421 546 705 626 368 95
600 156 268 403 585 764 781 539 677 210 344 527 672 863 578 225 667 241 376 580 740 857 482 153
29 116 247 473 757 1147 918 409 94 177 383 620 1023 1070 610 119 97 197 412 670 1116 1061 476 67
83 201 467 734 969 919 462 261 184 317 650 901 961 676 255 152 165 351 668 974 1016 582 197 143
138 363 761 960 959 561 234 120 269 559 891 1039 764 365 135 74 247 535 912 1057 779 366 131 69
131 2147 1272 384 100 41 18 3 273 2458 988 260 75 30 12 0 159 2123 1371 318 80 33 12 0
205 2586 1138 114 40 13 0 0 279 2867 810 97 33 10 0 0 148 2378 1382 134 39 14 1 0
36 1249 2299 374 88 38 12 0 70 1597 2103 230 63 27 6 0 20 1103 2466 418 61 26 2 0
11 69 648 623 875 1056 723 91 19 155 842 778 1023 976 283 20 13 82 761 975 1178 916 158 13
31 589 3365 104 7 0 0 0 58 948 3023 64 3 0 0 0 33 387 3454 215 7 0 0 0
1 447 3647 1 0 0 0 0 5 877 3214 0 0 0 0 0 1 146 3939 10 0 0 0 0
4 826 3266 0 0 0 0 0 4 1243 2849 0 0 0 0 0 0 279 3800 17 0 0 0 0
41 986 3031 38 0 0 0 0 49 1250 2767 30 0 0 0 0 6 485 3523 82 0 0 0 0
19 406 1941 582 521 521 106 0 28 588 1946 593 615 315 11 0 3 286 2193 772 616 220 6 0
1 25 173 439 497 1792 1139 30 3 39 364 407 1057 1972 253 1 1 31 245 630 1472 1643 74 0
294 683 836 900 646 340 222 175 450 785 986 781 488 275 187 144 537 859 898 753 492 248 204 105
288 713 804 832 590 395 241 233 553 878 842 718 437 289 198 181 682 879 795 664 447 300 219 110
328 646 752 633 601 502 353 281 584 721 717 647 526 413 292 196 690 734 702 610 512 404 302 142
66 178 417 728 1096 940 464 207 126 302 513 978 1078 709 275 115 124 289 541 1000 1152 664 238 88
16 228 1117 847 871 611 282 124 59 350 1260 969 815 422 163 58 61 331 886 1372 890 381 128 47
13 85 375 1572 816 692 308 235 41 165 494 1681 892 449 232 142 50 204 425 1547 1095 426 205 144
163 362 752 992 902 521 248 156 328 591 924 980 703 338 146 86 430 630 970 945 646 313 119 43
299 794 664 647 596 439 309 348 623 856 726 643 474 336 214 224 773 958 696 631 420 280 207 131
77 223 381 611 887 908 568 441 212 359 532 825 927 664 323 254 259 394 685 927 891 522 260 158
68 194 342 563 765 872 632 660 157 305 507 681 893 725 395 433 212 366 575 797 876 616 355 299
136 338 493 574 717 684 552 602 318 454 534 678 703 586 411 412 419 535 550 731 689 544 372 256
187 438 507 608 725 748 511 372 388 491 575 703 753 619 334 233 475 533 629 753 754 541 255 156
201 506 589 612 663 628 410 487 420 581 625 665 670 503 298 334 467 610 681 696 678 447 260 257
192 454 579 671 717 568 409 506 397 517 679 733 622 492 287 369 469 581 729 716 600 456 261 284
145 266 502 780 876 758 422 347 291 376 700 842 839 537 281 230 328 454 746 899 805 456 241 167
186 362 455 688 774 759 469 403 383 427 578 775 799 591 296 247 397 507 644 837 769 506 241 195
171 415 513 668 880 737 397 315 410 455 606 823 815 534 257 196 365 546 674 880 787 472 205 167
326 784 727 683 635 373 235 333 646 762 713 712 501 298 196 268 666 827 799 700 445 270 177 212
140 402 560 806 793 566 350 479 358 485 754 803 670 432 239 355 395 563 804 860 603 361 218 292
114 244 475 842 1050 810 377 184 241 377 661 1015 945 547 225 85 239 409 759 1077 895 491 171 55
229 840 672 672 701 452 263 267 524 846 683 729 587 340 191 196 453 908 762 746 557 331 167 172
284 807 976 751 590 366 151 171 483 929 979 717 500 242 111 135 446 958 1062 743 440 228 92 127
331 2550 928 186 71 17 7 6 445 2631 777 157 61 15 5 5 384 2562 896 162 62 17 7 6
434 2695 728 161 48 24 6 0 485 2725 671 143 45 21 6 0 417 2655 786 161 49 22 5 1
161 1676 985 488 363 222 116 85 305 1912 852 468 291 155 60 53 339 1931 990 433 222 93 58 30
88 302 507 668 803 887 491 350 218 360 642 752 898 711 250 265 239 431 624 816 917 614 245 210
195 2295 1156 282 101 28 18 21 287 2508 903 267 80 20 17 14 196 2127 1390 244 88 22 19 10
283 2382 1415 14 2 0 0 0 334 2588 1159 13 2 0 0 0 304 1910 1853 27 2 0 0 0
112 2703 1186 86 7 2 0 0 179 2802 1035 71 7 2 0 0 84 2220 1677 104 8 3 0 0
72 2922 1081 20 1 0 0 0 125 3048 906 17 0 0 0 0 78 2143 1848 26 1 0 0 0
31 1662 1423 565 280 86 39 10 54 1901 1337 477 214 74 32 7 38 1399 1872 515 186 62 21 3
7 168 703 940 1115 903 230 30 31 233 848 1083 1194 571 112 24 12 198 837 1313 1242 419 64 11
348 718 778 840 588 395 229 200 526 853 844 732 456 330 194 161 471 822 801 795 557 348 183 119
620 932 711 686 424 328 221 174 923 877 671 593 379 303 223 127 814 859 711 587 474 295 259 97
211 343 452 557 734 832 669 298 340 424 446 644 791 834 434 183 354 427 447 614 885 815 392 162
16 97 223 496 747 841 920 756 30 171 280 673 797 901 888 356 37 147 290 655 876 1039 795 257
16 214 861 578 616 529 668 614 44 396 900 638 589 584 616 329 74 356 835 758 658 712 481 222
54 187 764 1751 640 345 187 168 113 278 950 1738 496 245 142 134 157 356 782 1869 470 216 137 109
106 389 707 885 752 482 342 433 405 769 866 743 520 343 207 243 840 936 829 605 401 195 216 74
103 270 468 644 650 586 441 934 317 451 693 616 575 430 369 645 451 578 740 658 511 376 409 373
103 234 414 584 859 887 552 463 249 345 563 788 903 636 320 292 284 414 634 890 894 531 274 175
122 322 491 732 756 721 466 486 316 400 701 779 716 564 325 295 426 512 816 780 690 456 271 145
191 473 485 566 595 546 383 857 438 471 546 618 563 433 276 751 479 582 563 653 552 362 321 584
117 299 457 636 821 758 492 516 287 399 540 763 813 601 322 371 334 458 644 849 782 478 290 261
146 333 412 474 587 793 746 605 290 407 462 531 713 783 599 311 294 430 518 642 813 760 423 216
177 450 481 592 763 717 518 398 333 531 550 696 769 641 333 243 433 558 626 763 745 526 266 179
200 418 530 620 737 648 482 461 413 501 574 708 669 564 355 312 452 544 619 793 624 546 301 217
122 310 460 694 895 848 484 283 275 423 618 830 900 601 286 163 329 452 701 887 879 530 205 113
143 268 410 662 880 829 539 365 308 331 560 804 893 655 294 251 309 372 670 869 864 561 234 217
153 284 523 811 952 727 353 293 294 394 688 877 942 477 219 205 307 463 782 946 842 409 187 160
112 351 599 814 863 637 456 264 294 461 729 865 785 557 266 139 290 560 845 956 698 456 201 90
133 345 540 760 821 654 394 449 282 458 660 821 752 498 309 316 349 571 746 832 714 424 306 154
166 500 713 771 740 526 289 391 393 619 799 785 641 370 210 279 459 692 835 768 591 327 211 213
506 1788 943 379 218 126 64 72 719 1804 843 331 185 108 51 55 714 1834 812 336 196 102 55 47
680 2450 719 198 37 10 2 0 544 2590 715 198 37 10 2 0 788 2488 637 144 29 8 2 0
410 2264 1057 247 87 26 5 0 568 2383 841 211 70 19 4 0 621 2370 806 209 69 17 4 0
297 1073 1040 661 408 273 160 184 606 1190 949 552 328 227 111 133 757 1283 916 497 298 164 107 74
262 675 831 829 637 457 271 134 522 783 889 795 550 345 133 79 584 902 966 773 466 260 106 39
653 2325 707 231 107 43 18 12 530 2558 670 200 80 33 15 10 764 2441 580 189 73 32 12 5
434 2737 674 195 55 1 0 0 397 2776 719 158 45 1 0 0 630 2656 614 144 50 2 0 0
262 2207 1189 337 89 12 0 0 365 2289 1060 303 71 8 0 0 232 2212 1209 354 82 7 0 0
121 2907 914 135 19 0 0 0 139 3044 782 112 19 0 0 0 92 3052 822 111 19 0 0 0
60 2141 989 489 252 91 49 25 92 2272 942 445 209 68 48 20 72 2191 1086 454 188 65 32 8
20 457 1021 1193 886 305 110 104 77 653 1096 1130 732 225 97 86 41 608 1310 1254 571 169 99 44
301 729 906 910 504 310 253 183 465 854 911 819 403 284 224 136 359 809 932 815 547 310 223 101
307 490 556 649 747 615 443 289 474 527 589 727 710 530 376 163 386 527 583 796 853 501 313 137
56 141 297 610 898 922 747 425 99 203 427 775 958 920 511 203 66 189 392 745 1129 924 485 166
5 94 235 520 638 717 888 999 26 172 365 608 669 878 902 476 32 152 343 628 797 980 809 355
62 381 526 662 624 503 653 685 139 528 647 620 549 585 679 349 142 520 623 651 644 722 577 217
262 622 964 1429 305 185 145 184 363 747 1159 1160 244 138 145 140 568 616 1008 1309 233 137 156 69
230 662 888 858 590 355 231 282 560 897 832 729 437 271 177 193 1165 1026 823 432 269 167 160 54
195 487 715 738 680 522 331 428 463 646 694 718 574 422 277 302 684 807 817 654 453 313 243 125
98 295 471 698 834 749 544 407 326 407 610 815 747 648 310 233 370 509 710 845 767 506 229 160
121 399 584 828 825 611 377 351 347 497 746 869 712 477 217 231 439 612 849 883 612 359 222 120
244 484 610 702 675 531 343 507 487 611 671 684 594 422 271 356 530 688 724 682 570 358 300 244
273 561 595 645 628 479 377 538 530 674 670 611 507 423 292 389 663 710 656 660 466 396 322 223
264 444 589 627 634 582 415 541 498 519 616 630 608 506 348 371 637 597 678 679 572 415 314 204
198 401 501 611 657 607 470 651 387 426 609 627 642 535 403 467 533 551 647 693 575 457 361 279
280 478 486 638 666 568 400 580 511 488 560 708 617 448 345 419 605 579 643 687 569 390 326 297
144 318 451 641 754 711 453 624 331 422 590 711 726 541 346 429 354 482 639 773 737 459 326 326
158 405 540 604 716 644 477 552 389 516 635 661 668 500 367 360 436 574 669 737 646 466 314 254
342 586 666 622 571 458 347 504 613 646 649 583 533 390 290 392 763 688 695 583 477 343 288 259
303 700 650 667 511 364 268 633 552 773 663 602 398 312 229 567 594 828 749 558 387 277 258 445
189 500 668 692 665 600 333 449 465 642 753 668 677 346 233 312 550 691 787 641 638 361 203 225
270 1160 1128 726 388 196 126 102 522 1338 1083 558 280 147 93 75 586 1458 1079 494 223 134 74 48
433 1960 1032 394 192 68 11 6 607 2036 861 319 199 60 12 2 532 1991 963 344 198 57 9 2
462 2215 1076 275 58 5 5 0 539 2297 976 226 49 6 3 0 560 2327 933 226 42 5 3 0
535 2182 923 294 85 37 17 23 474 2303 908 267 74 35 18 17 711 2241 798 216 72 34 17 7
432 941 809 574 461 311 226 342 617 982 773 559 447 245 186 287 856 1065 779 489 335 199 232 141
256 766 991 922 564 302 150 145 425 955 1143 780 407 176 112 98 906 1263 988 463 223 127 95 31
404 2077 1018 388 133 35 28 13 533 2208 899 317 83 22 26 8 559 2270 833 313 71 25 19 6
613 2729 643 103 8 0 0 0 676 2777 565 72 4 2 0 0 756 2718 543 73 6 0 0 0
159 2705 941 240 45 6 0 0 256 2822 782 195 37 4 0 0 176 2795 863 221 37 4 0 0
151 2774 967 157 39 8 0 0 161 2827 945 118 38 7 0 0 127 2628 1142 159 37 3 0 0
66 2423 1248 278 73 8 0 0 92 2712 1008 225 51 8 0 0 42 2085 1679 236 50 4 0 0
14 175 543 1190 1377 416 151 230 33 255 789 1427 1002 280 108 202 25 262 781 1595 920 243 154 116
702 1058 740 754 451 240 93 58 896 1073 716 688 363 224 80 56 775 1087 743 614 454 271 105 47
950 675 608 858 600 253 70 82 1004 731 718 850 449 201 60 83 758 791 700 898 537 224 118 70
853 489 624 763 766 428 119 54 933 556 673 786 656 333 110 49 705 619 638 878 680 384 150 42
416 1137 624 573 630 422 196 98 556 1153 599 601 553 398 166 70 302 964 847 646 587 496 199 55
550 1164 638 589 634 369 110 42 648 1257 628 652 559 253 68 31 481 1287 784 673 499 282 64 26
235 977 881 1191 267 200 175 170 394 1168 1044 876 193 149 142 130 648 990 815 1113 155 141 163 71
236 913 977 793 486 290 186 215 564 1230 1013 496 299 228 134 132 1169 1318 770 346 210 145 119 19
237 444 722 802 732 436 336 387 394 684 849 779 539 357 247 247 800 868 864 620 396 276 195 77
162 621 780 773 653 462 275 370 513 836 826 645 479 353 187 257 661 1013 793 579 435 273 197 145
205 508 636 704 663 483 356 541 469 613 694 728 516 402 270 404 533 712 768 698 499 354 278 254
315 575 616 598 538 446 363 645 589 584 628 588 492 386 348 481 689 666 693 556 465 385 356 286
250 601 675 607 497 415 367 684 596 720 622 521 435 382 299 521 617 711 667 567 433 373 353 375
367 624 585 563 517 386 376 678 690 618 591 542 440 396 324 495 755 702 590 554 434 368 374 319
340 590 674 701 553 422 346 470 664 701 746 599 432 356 248 350 905 770 727 542 394 303 233 222
350 587 663 693 594 487 329 393 607 670 685 629 529 409 271 296 776 824 759 597 456 307 237 140
262 471 458 577 588 477 403 860 531 452 525 600 515 417 354 702 536 594 622 612 438 374 380 540
243 528 553 632 601 517 390 632 563 543 657 614 534 391 350 444 619 712 717 641 456 361 343 247
336 731 598 590 543 439 360 499 642 750 645 552 488 353 294 372 738 907 628 556 437 319 323 188
333 806 839 750 479 303 182 404 713 923 793 595 356 235 169 312 755 1006 865 522 317 194 200 237
183 624 692 699 585 485 364 464 512 779 723 605 533 376 276 292 673 872 736 600 480 342 238 155
372 1479 1090 642 239 136 61 77 599 1692 993 434 157 103 59 59 785 1699 865 408 156 90 57 36
614 2333 792 254 79 24 0 0 559 2419 812 217 74 15 0 0 709 2418 690 207 60 12 0 0
576 2554 804 145 13 4 0 0 401 2683 850 145 14 3 0 0 654 2603 712 112 12 3 0 0
328 1553 1136 564 256 106 85 68 406 1646 1085 488 239 113 69 50 837 1872 840 276 116 85 45 25
270 698 966 688 485 387 251 351 530 1015 832 591 420 273 175 260 639 1102 955 537 312 191 196 164
409 947 724 593 532 329 205 357 593 1108 772 588 378 198 169 290 816 1248 762 437 297 176 187 173
202 1608 1402 460 194 130 66 34 354 2027 1121 298 142 94 43 17 295 1796 1404 331 150 88 30 2
168 2728 1132 45 22 1 0 0 241 3030 770 36 19 0 0 0 164 2519 1346 47 20 0 0 0
280 2656 932 193 33 2 0 0 450 2659 838 118 30 1 0 0 394 2548 1018 117 19 0 0 0
290 2640 887 232 47 0 0 0 365 2788 726 180 37 0 0 0 362 2760 768 167 39 0 0 0
219 2919 861 97 0 0 0 0 285 3157 596 58 0 0 0 0 301 3142 601 52 0 0 0 0
144 1405 929 626 539 299 96 58 173 1675 870 622 424 208 71 53 209 1804 874 586 384 153 59 27
