0 8 833 1428 1227 509 81 10 0 11 966 1435 1035 476 150 23 0 15 819 1444 966 560 236 56
0 1 615 1666 894 614 255 51 0 5 1061 1227 860 540 321 82 0 3 524 1516 754 713 430 156
0 15 325 1511 913 782 483 67 0 20 439 1545 802 593 565 132 0 0 219 1390 821 758 592 316
0 1 652 1388 1019 718 243 75 0 2 831 1274 969 660 264 96 0 1 434 1151 1047 782 506 175
0 7 420 2243 964 404 47 11 0 31 536 2433 762 260 58 16 0 4 594 2351 767 246 103 31
0 26 1107 1258 728 807 170 0 0 15 1163 1246 656 856 160 0 0 96 1151 1227 604 885 133 0
0 3 1116 1450 980 453 74 20 0 2 1423 1108 971 428 145 19 0 16 1190 1227 861 570 218 14
0 2 1263 1366 723 631 105 6 0 2 1588 1053 730 478 237 8 0 2 1094 1333 740 515 378 34
1 333 1737 903 676 369 71 6 8 536 1737 822 653 281 49 10 0 370 1657 841 670 408 127 23
5 487 666 1199 1384 289 51 15 11 559 658 1384 1183 217 64 20 4 499 828 1613 823 191 103 35
0 13 191 635 1071 1687 487 12 0 12 163 732 1219 1440 485 45 0 25 329 1084 888 1273 431 66
0 1 556 665 731 1401 734 8 0 0 647 567 854 1186 815 27 0 3 552 693 1058 962 742 86
0 0 202 231 243 2450 945 25 0 0 232 194 211 2459 949 51 0 0 155 216 255 2261 1108 101
1 555 541 463 781 1522 233 0 5 658 474 501 877 1400 181 0 0 428 615 478 956 1331 288 0
0 306 1523 1272 701 255 31 8 1 269 1511 1343 707 221 33 11 2 407 1305 1339 740 227 57 19
